# Polynomial metadata: 
# -- Order: 4
# -- Trained on data: 'data/sieve_holes/fits_5Dec/V2.root'
# -- Input branches: { x_fp y_fp dxdz_fp dydz_fp }
# -- Time created: Fri Dec  5 13:02:48 2025

poly-DoF 4
is-RHRS 0
dpp_sv   4   0   0   0   +2.358687854e-04
dpp_sv   3   1   0   0   +3.620684008e-03
dpp_sv   3   0   1   0   +2.318768060e-02
dpp_sv   3   0   0   1   -2.093700610e-02
dpp_sv   3   0   0   0   +1.286889629e-03
dpp_sv   2   2   0   0   -1.930462028e-01
dpp_sv   2   1   1   0   -2.362326607e+00
dpp_sv   2   1   0   1   +8.691567211e-01
dpp_sv   2   1   0   0   -2.663680908e-02
dpp_sv   2   0   2   0   -8.560741273e-01
dpp_sv   2   0   1   1   +3.224010865e+00
dpp_sv   2   0   1   0   -1.468693202e-02
dpp_sv   2   0   0   2   -9.958935681e-01
dpp_sv   2   0   0   1   +1.799290421e-02
dpp_sv   2   0   0   0   +8.651193796e-03
dpp_sv   1   3   0   0   +1.345485701e+01
dpp_sv   1   2   1   0   +8.309929332e+01
dpp_sv   1   2   0   1   -4.770131695e+01
dpp_sv   1   2   0   0   -6.031391030e-02
dpp_sv   1   1   2   0   +4.442240655e+01
dpp_sv   1   1   1   1   -8.404885597e+01
dpp_sv   1   1   1   0   +4.256954815e+00
dpp_sv   1   1   0   2   +5.099130313e+01
dpp_sv   1   1   0   1   +8.874426935e-01
dpp_sv   1   1   0   0   +1.135748900e-02
dpp_sv   1   0   3   0   +2.953885705e+01
dpp_sv   1   0   2   1   -9.181231119e+01
dpp_sv   1   0   2   0   +1.930326945e+00
dpp_sv   1   0   1   2   +1.296541710e+01
dpp_sv   1   0   1   1   -4.569129639e+00
dpp_sv   1   0   1   0   +1.635490004e-01
dpp_sv   1   0   0   3   -1.611589174e+01
dpp_sv   1   0   0   2   -1.122870030e+00
dpp_sv   1   0   0   1   -8.244312946e-05
dpp_sv   1   0   0   0   +7.426366639e-02
dpp_sv   0   4   0   0   -2.730839371e+02
dpp_sv   0   3   1   0   -1.517920350e+03
dpp_sv   0   3   0   1   +1.324929387e+03
dpp_sv   0   3   0   0   +6.143823828e+00
dpp_sv   0   2   2   0   +1.454700084e+02
dpp_sv   0   2   1   1   +2.646878373e+03
dpp_sv   0   2   1   0   -6.733455960e+00
dpp_sv   0   2   0   2   -2.129468693e+03
dpp_sv   0   2   0   1   -2.692040510e+01
dpp_sv   0   2   0   0   +6.760176558e-01
dpp_sv   0   1   3   0   +7.846250315e+02
dpp_sv   0   1   2   1   +1.861477733e+03
dpp_sv   0   1   2   0   -1.339344382e-01
dpp_sv   0   1   1   2   -2.540756441e+03
dpp_sv   0   1   1   1   -2.379124428e+01
dpp_sv   0   1   1   0   -1.925625658e+00
dpp_sv   0   1   0   3   +1.036037324e+03
dpp_sv   0   1   0   2   +3.884785952e+01
dpp_sv   0   1   0   1   -1.083365771e+00
dpp_sv   0   1   0   0   -7.492232755e-03
dpp_sv   0   0   4   0   -1.616487087e+03
dpp_sv   0   0   3   1   +2.851792569e+02
dpp_sv   0   0   3   0   -5.514300777e+01
dpp_sv   0   0   2   2   -1.287062023e+03
dpp_sv   0   0   2   1   +1.551289626e+01
dpp_sv   0   0   2   0   +1.886356713e+00
dpp_sv   0   0   1   3   +1.201186871e+03
dpp_sv   0   0   1   2   +2.942943163e+01
dpp_sv   0   0   1   1   -1.145773624e+00
dpp_sv   0   0   1   0   -4.510765544e-02
dpp_sv   0   0   0   4   +1.154863705e+02
dpp_sv   0   0   0   3   -1.389701282e+01
dpp_sv   0   0   0   2   +3.276575556e-01
dpp_sv   0   0   0   1   +5.333423225e-03
dpp_sv   0   0   0   0   -4.601974583e-04
dxdz_sv   4   0   0   0   +8.695562655e-03
dxdz_sv   3   1   0   0   -5.824530059e-01
dxdz_sv   3   0   1   0   +1.007003507e+00
dxdz_sv   3   0   0   1   -1.462476262e+00
dxdz_sv   3   0   0   0   -3.303349583e-02
dxdz_sv   2   2   0   0   -4.298802954e+01
dxdz_sv   2   1   1   0   -9.144604898e+01
dxdz_sv   2   1   0   1   +9.208533028e+01
dxdz_sv   2   1   0   0   -1.604730569e+00
dxdz_sv   2   0   2   0   -1.182925211e+00
dxdz_sv   2   0   1   1   +7.358310648e+00
dxdz_sv   2   0   1   0   -2.051846825e+00
dxdz_sv   2   0   0   2   +1.996445459e+01
dxdz_sv   2   0   0   1   +4.232837139e+00
dxdz_sv   2   0   0   0   +3.075398320e-04
dxdz_sv   1   3   0   0   -6.584892151e+02
dxdz_sv   1   2   1   0   -1.096842638e+03
dxdz_sv   1   2   0   1   +2.927513948e+03
dxdz_sv   1   2   0   0   -2.444746297e+01
dxdz_sv   1   1   2   0   +2.667262332e+02
dxdz_sv   1   1   1   1   +4.728888212e+03
dxdz_sv   1   1   1   0   +1.639083452e+01
dxdz_sv   1   1   0   2   -4.960817465e+03
dxdz_sv   1   1   0   1   +9.191825296e+01
dxdz_sv   1   1   0   0   +4.662658708e-01
dxdz_sv   1   0   3   0   +3.753602458e+02
dxdz_sv   1   0   2   1   -9.799184266e+02
dxdz_sv   1   0   2   0   +1.616399211e+01
dxdz_sv   1   0   1   2   -1.837450844e+03
dxdz_sv   1   0   1   1   +9.014619691e+01
dxdz_sv   1   0   1   0   +1.780879732e+00
dxdz_sv   1   0   0   3   +1.826337684e+03
dxdz_sv   1   0   0   2   -1.482909751e+02
dxdz_sv   1   0   0   1   -1.072621723e+00
dxdz_sv   1   0   0   0   +1.090237028e-02
dxdz_sv   0   4   0   0   -1.257810335e+03
dxdz_sv   0   3   1   0   -2.009112948e+04
dxdz_sv   0   3   0   1   +9.868571382e+02
dxdz_sv   0   3   0   0   -4.037698472e+02
dxdz_sv   0   2   2   0   +2.187391959e+04
dxdz_sv   0   2   1   1   +5.051899457e+04
dxdz_sv   0   2   1   0   -5.473950910e+02
dxdz_sv   0   2   0   2   -1.814101718e+04
dxdz_sv   0   2   0   1   +1.673357221e+03
dxdz_sv   0   2   0   0   +4.511540273e+00
dxdz_sv   0   1   3   0   +3.655628408e+04
dxdz_sv   0   1   2   1   -4.466280145e+04
dxdz_sv   0   1   2   0   +1.473398352e+02
dxdz_sv   0   1   1   2   -8.164093499e+04
dxdz_sv   0   1   1   1   +7.151460371e+02
dxdz_sv   0   1   1   0   -1.016631911e+01
dxdz_sv   0   1   0   3   +4.944639265e+04
dxdz_sv   0   1   0   2   -2.833797203e+03
dxdz_sv   0   1   0   1   -1.422815564e+01
dxdz_sv   0   1   0   0   +1.138810250e-01
dxdz_sv   0   0   4   0   +5.230340891e+03
dxdz_sv   0   0   3   1   -3.669155365e+04
dxdz_sv   0   0   3   0   +1.723268533e+02
dxdz_sv   0   0   2   2   +6.364940272e+04
dxdz_sv   0   0   2   1   +1.696093804e+02
dxdz_sv   0   0   2   0   -1.306897059e+01
dxdz_sv   0   0   1   3   +4.156374556e+04
dxdz_sv   0   0   1   2   -1.655296596e+03
dxdz_sv   0   0   1   1   -4.064917412e+01
dxdz_sv   0   0   1   0   -2.364738136e+00
dxdz_sv   0   0   0   4   -3.788504388e+04
dxdz_sv   0   0   0   3   +2.268124609e+03
dxdz_sv   0   0   0   2   +2.722358006e+01
dxdz_sv   0   0   0   1   -1.992655200e-01
dxdz_sv   0   0   0   0   -5.845028584e-04
dydz_sv   4   0   0   0   -7.238450911e-04
dydz_sv   3   1   0   0   +2.104935614e-01
dydz_sv   3   0   1   0   -2.401653651e-01
dydz_sv   3   0   0   1   +2.276861181e-01
dydz_sv   3   0   0   0   -1.100817348e-04
dydz_sv   2   2   0   0   -2.174556636e+01
dydz_sv   2   1   1   0   +7.621735714e+00
dydz_sv   2   1   0   1   +2.227592205e+01
dydz_sv   2   1   0   0   +2.282233887e-01
dydz_sv   2   0   2   0   +1.461978536e+01
dydz_sv   2   0   1   1   +7.969870767e-01
dydz_sv   2   0   1   0   +1.998349023e-01
dydz_sv   2   0   0   2   -2.640437630e+01
dydz_sv   2   0   0   1   +1.155292938e-01
dydz_sv   2   0   0   0   +1.790753585e-02
dydz_sv   1   3   0   0   +1.632561240e+02
dydz_sv   1   2   1   0   -4.119600414e+02
dydz_sv   1   2   0   1   +6.885938451e+02
dydz_sv   1   2   0   0   -3.972118292e+00
dydz_sv   1   1   2   0   -1.664072885e+02
dydz_sv   1   1   1   1   +8.150194040e+02
dydz_sv   1   1   1   0   +1.680446249e+01
dydz_sv   1   1   0   2   -1.268588643e+03
dydz_sv   1   1   0   1   +2.631452870e+01
dydz_sv   1   1   0   0   +2.420027951e-01
dydz_sv   1   0   3   0   -1.509904352e+02
dydz_sv   1   0   2   1   -8.898633079e+02
dydz_sv   1   0   2   0   -2.515603563e+01
dydz_sv   1   0   1   2   -1.390510996e+02
dydz_sv   1   0   1   1   -1.250493688e+01
dydz_sv   1   0   1   0   +7.206844510e-02
dydz_sv   1   0   0   3   +1.227196703e+03
dydz_sv   1   0   0   2   -2.008170410e+01
dydz_sv   1   0   0   1   -1.976496379e+00
dydz_sv   1   0   0   0   -8.736746404e-03
dydz_sv   0   4   0   0   +1.204769162e+03
dydz_sv   0   3   1   0   +5.827450700e+03
dydz_sv   0   3   0   1   +6.594015951e+01
dydz_sv   0   3   0   0   +1.420383008e+02
dydz_sv   0   2   2   0   +3.012355039e+03
dydz_sv   0   2   1   1   +1.539035314e+04
dydz_sv   0   2   1   0   +1.985709882e+02
dydz_sv   0   2   0   2   -6.193308804e+02
dydz_sv   0   2   0   1   -7.715063307e+01
dydz_sv   0   2   0   0   -2.988266672e+00
dydz_sv   0   1   3   0   -5.782594556e+03
dydz_sv   0   1   2   1   -1.186040300e+04
dydz_sv   0   1   2   0   +1.718064600e+01
dydz_sv   0   1   1   2   -2.494218481e+04
dydz_sv   0   1   1   1   -6.907814317e+02
dydz_sv   0   1   1   0   -9.197050129e+00
dydz_sv   0   1   0   3   +1.343880887e+04
dydz_sv   0   1   0   2   -8.500428305e+02
dydz_sv   0   1   0   1   -1.319337415e+01
dydz_sv   0   1   0   0   -8.919271863e-01
dydz_sv   0   0   4   0   +7.439153541e+03
dydz_sv   0   0   3   1   -9.663677986e+02
dydz_sv   0   0   3   0   -8.009019471e+01
dydz_sv   0   0   2   2   +1.593476437e+04
dydz_sv   0   0   2   1   +8.183014992e+02
dydz_sv   0   0   2   0   +1.080829064e+00
dydz_sv   0   0   1   3   +9.442107898e+03
dydz_sv   0   0   1   2   +2.186716268e+02
dydz_sv   0   0   1   1   +3.097619173e+00
dydz_sv   0   0   1   0   -9.090881560e-02
dydz_sv   0   0   0   4   -1.776980956e+04
dydz_sv   0   0   0   3   +3.462871921e+02
dydz_sv   0   0   0   2   +2.691440644e+01
dydz_sv   0   0   0   1   +7.201615220e-01
dydz_sv   0   0   0   0   -7.382717130e-03
x_sv   4   0   0   0   -2.613082721e-02
x_sv   3   1   0   0   +3.441423633e+00
x_sv   3   0   1   0   -1.292467183e-01
x_sv   3   0   0   1   +2.127372364e+00
x_sv   3   0   0   0   +8.899069069e-02
x_sv   2   2   0   0   -1.871072602e+01
x_sv   2   1   1   0   +6.328611535e+00
x_sv   2   1   0   1   -1.623853089e+02
x_sv   2   1   0   0   +1.192674042e+00
x_sv   2   0   2   0   +5.442936647e+01
x_sv   2   0   1   1   +3.473636965e+01
x_sv   2   0   1   0   +7.698984471e-01
x_sv   2   0   0   2   -5.366156131e+01
x_sv   2   0   0   1   -7.889587925e+00
x_sv   2   0   0   0   -2.354718328e-02
x_sv   1   3   0   0   +6.625594116e+02
x_sv   1   2   1   0   +9.314157300e+02
x_sv   1   2   0   1   -6.465857066e+02
x_sv   1   2   0   0   -9.830397902e-01
x_sv   1   1   2   0   -3.966324647e+03
x_sv   1   1   1   1   -1.240334186e+03
x_sv   1   1   1   0   +1.059708516e+01
x_sv   1   1   0   2   +3.635082722e+03
x_sv   1   1   0   1   -3.299349599e+01
x_sv   1   1   0   0   -2.006322924e-01
x_sv   1   0   3   0   -1.244950230e+03
x_sv   1   0   2   1   -3.615260689e+03
x_sv   1   0   2   0   -1.752386504e+02
x_sv   1   0   1   2   -1.299189987e+03
x_sv   1   0   1   1   -2.320059341e+01
x_sv   1   0   1   0   -1.816690148e-01
x_sv   1   0   0   3   -7.159997592e+02
x_sv   1   0   0   2   +1.914963029e+02
x_sv   1   0   0   1   -1.025825126e+00
x_sv   1   0   0   0   -2.943633352e-02
x_sv   0   4   0   0   +1.076215991e+03
x_sv   0   3   1   0   +2.298980683e+04
x_sv   0   3   0   1   +5.046466093e+03
x_sv   0   3   0   0   +4.793480774e+02
x_sv   0   2   2   0   +2.798732447e+04
x_sv   0   2   1   1   -2.608185407e+04
x_sv   0   2   1   0   +1.910072758e+02
x_sv   0   2   0   2   +2.393251402e+04
x_sv   0   2   0   1   -7.647425511e+02
x_sv   0   2   0   0   -1.316630101e+01
x_sv   0   1   3   0   +2.063208635e+04
x_sv   0   1   2   1   +8.491040758e+04
x_sv   0   1   2   0   +1.575061194e+03
x_sv   0   1   1   2   +6.632865773e+04
x_sv   0   1   1   1   -1.279506649e+03
x_sv   0   1   1   0   -5.535026210e+01
x_sv   0   1   0   3   -4.097797830e+04
x_sv   0   1   0   2   -4.098396814e+02
x_sv   0   1   0   1   -3.261318984e+01
x_sv   0   1   0   0   -6.964226570e-01
x_sv   0   0   4   0   +2.951765819e+04
x_sv   0   0   3   1   -1.146814989e+03
x_sv   0   0   3   0   +1.373948129e+03
x_sv   0   0   2   2   +6.035896668e+04
x_sv   0   0   2   1   +5.708493846e+03
x_sv   0   0   2   0   +6.281133143e+01
x_sv   0   0   1   3   -7.594435505e+02
x_sv   0   0   1   2   -2.723202678e+02
x_sv   0   0   1   1   +2.557176824e+01
x_sv   0   0   1   0   -1.591051224e+00
x_sv   0   0   0   4   +2.151107203e+04
x_sv   0   0   0   3   -1.814306570e+03
x_sv   0   0   0   2   +4.728336167e+01
x_sv   0   0   0   1   +2.003606315e+00
x_sv   0   0   0   0   +9.388756045e-03
y_sv   4   0   0   0   -5.710511567e-04
y_sv   3   1   0   0   +1.636382684e-01
y_sv   3   0   1   0   -1.905919311e-01
y_sv   3   0   0   1   +1.799240906e-01
y_sv   3   0   0   0   -1.601617211e-04
y_sv   2   2   0   0   -1.714905198e+01
y_sv   2   1   1   0   +6.042496154e+00
y_sv   2   1   0   1   +1.794109562e+01
y_sv   2   1   0   0   +1.839272218e-01
y_sv   2   0   2   0   +1.159348064e+01
y_sv   2   0   1   1   +5.556232839e-01
y_sv   2   0   1   0   +1.579089594e-01
y_sv   2   0   0   2   -2.106295337e+01
y_sv   2   0   0   1   +9.867781334e-02
y_sv   2   0   0   0   +1.429374029e-02
y_sv   1   3   0   0   +1.275310398e+02
y_sv   1   2   1   0   -3.264315545e+02
y_sv   1   2   0   1   +5.535377832e+02
y_sv   1   2   0   0   -2.999013334e+00
y_sv   1   1   2   0   -1.322139305e+02
y_sv   1   1   1   1   +6.582855233e+02
y_sv   1   1   1   0   +1.353937986e+01
y_sv   1   1   0   2   -1.023185565e+03
y_sv   1   1   0   1   +2.065853575e+01
y_sv   1   1   0   0   +1.927574864e-01
y_sv   1   0   3   0   -1.184858140e+02
y_sv   1   0   2   1   -7.026200922e+02
y_sv   1   0   2   0   -1.992953507e+01
y_sv   1   0   1   2   -1.152902960e+02
y_sv   1   0   1   1   -9.960174764e+00
y_sv   1   0   1   0   +5.795317741e-02
y_sv   1   0   0   3   +9.863032176e+02
y_sv   1   0   0   2   -1.609658561e+01
y_sv   1   0   0   1   -1.576635814e+00
y_sv   1   0   0   0   -6.975743393e-03
y_sv   0   4   0   0   +1.006869586e+03
y_sv   0   3   1   0   +4.705087900e+03
y_sv   0   3   0   1   -4.350488511e+01
y_sv   0   3   0   0   +1.136562915e+02
y_sv   0   2   2   0   +2.416555844e+03
y_sv   0   2   1   1   +1.215916039e+04
y_sv   0   2   1   0   +1.606203014e+02
y_sv   0   2   0   2   -4.217168941e+02
y_sv   0   2   0   1   -6.167732919e+01
y_sv   0   2   0   0   -2.361139842e+00
y_sv   0   1   3   0   -4.629117153e+03
y_sv   0   1   2   1   -9.687055388e+03
y_sv   0   1   2   0   +9.031041605e+00
y_sv   0   1   1   2   -1.990616574e+04
y_sv   0   1   1   1   -5.546610757e+02
y_sv   0   1   1   0   -7.381036164e+00
y_sv   0   1   0   3   +1.079132286e+04
y_sv   0   1   0   2   -6.746393779e+02
y_sv   0   1   0   1   -1.058719088e+01
y_sv   0   1   0   0   -7.129833178e-01
y_sv   0   0   4   0   +5.945397558e+03
y_sv   0   0   3   1   -9.844239097e+02
y_sv   0   0   3   0   -6.643775686e+01
y_sv   0   0   2   2   +1.274306040e+04
y_sv   0   0   2   1   +6.511443801e+02
y_sv   0   0   2   0   +8.663469283e-01
y_sv   0   0   1   3   +7.578449058e+03
y_sv   0   0   1   2   +1.741391342e+02
y_sv   0   0   1   1   +2.471142830e+00
y_sv   0   0   1   0   -7.258184021e-02
y_sv   0   0   0   4   -1.427408590e+04
y_sv   0   0   0   3   +2.763548524e+02
y_sv   0   0   0   2   +2.145614691e+01
y_sv   0   0   0   1   +5.752640083e-01
y_sv   0   0   0   0   -1.362641611e-02
