# Polynomial metadata: 
# -- Order: 5
# -- Trained on data: 'temp.root'
# -- Input branches: { x_fp y_fp dxdz_fp dydz_fp y_hcs }
# -- Time created: Fri Mar 20 00:55:22 2026

poly-DoF 5
is-RHRS 0
z_hcs   5   0   0   0   0   -6.838184059e-02
z_hcs   4   1   0   0   0   +2.448244563e+00
z_hcs   4   0   1   0   0   -4.941149352e+00
z_hcs   4   0   0   1   0   +3.064602873e+00
z_hcs   4   0   0   0   1   +7.677294802e+00
z_hcs   4   0   0   0   0   -1.248126373e-03
z_hcs   3   2   0   0   0   +5.176006264e+01
z_hcs   3   1   1   0   0   +9.050805566e+02
z_hcs   3   1   0   1   0   -8.586427260e+01
z_hcs   3   1   0   0   1   -6.204494919e+02
z_hcs   3   1   0   0   0   +8.657500955e+00
z_hcs   3   0   2   0   0   +7.995799941e+02
z_hcs   3   0   1   1   0   -3.907101697e+02
z_hcs   3   0   1   0   1   +4.201493853e+02
z_hcs   3   0   1   0   0   +1.056812398e+01
z_hcs   3   0   0   2   0   -1.908963060e+02
z_hcs   3   0   0   1   1   +4.852865681e+02
z_hcs   3   0   0   1   0   -1.508084727e+01
z_hcs   3   0   0   0   2   +7.158446566e+02
z_hcs   3   0   0   0   1   +2.129173338e+00
z_hcs   3   0   0   0   0   -5.158548738e-02
z_hcs   2   3   0   0   0   -6.089467563e+03
z_hcs   2   2   1   0   0   -1.977829911e+04
z_hcs   2   2   0   1   0   +2.435458435e+04
z_hcs   2   2   0   0   1   -2.322327874e+04
z_hcs   2   2   0   0   0   +2.608515993e+02
z_hcs   2   1   2   0   0   -6.826279519e+04
z_hcs   2   1   1   1   0   -1.019877025e+04
z_hcs   2   1   1   0   1   -1.754670497e+04
z_hcs   2   1   1   0   0   -1.106295890e+03
z_hcs   2   1   0   2   0   -3.117789755e+04
z_hcs   2   1   0   1   1   +7.710935357e+04
z_hcs   2   1   0   1   0   -9.696516121e+02
z_hcs   2   1   0   0   2   -2.910427417e+04
z_hcs   2   1   0   0   1   +7.375481371e+02
z_hcs   2   1   0   0   0   -1.079523334e+01
z_hcs   2   0   3   0   0   -1.328680948e+04
z_hcs   2   0   2   1   0   +1.899781894e+04
z_hcs   2   0   2   0   1   +2.114400427e+04
z_hcs   2   0   2   0   0   -8.488962840e+02
z_hcs   2   0   1   2   0   +4.571875816e+03
z_hcs   2   0   1   1   1   -1.523003875e+04
z_hcs   2   0   1   1   0   +5.089064200e+02
z_hcs   2   0   1   0   2   +2.268820341e+04
z_hcs   2   0   1   0   1   -4.179295978e+02
z_hcs   2   0   1   0   0   -7.092490688e+00
z_hcs   2   0   0   3   0   +2.208337321e+04
z_hcs   2   0   0   2   1   -4.988816345e+04
z_hcs   2   0   0   2   0   +1.102593564e+03
z_hcs   2   0   0   1   2   +1.671154372e+03
z_hcs   2   0   0   1   1   -6.155189966e+02
z_hcs   2   0   0   1   0   +1.782670129e+01
z_hcs   2   0   0   0   3   +1.420688957e+06
z_hcs   2   0   0   0   2   -1.712356821e+04
z_hcs   2   0   0   0   1   +6.584676972e+01
z_hcs   2   0   0   0   0   -1.510971107e-01
z_hcs   1   4   0   0   0   +2.219853547e+04
z_hcs   1   3   1   0   0   +2.363308227e+05
z_hcs   1   3   0   1   0   +3.819071603e+05
z_hcs   1   3   0   0   1   +1.343004881e+05
z_hcs   1   3   0   0   0   +5.730888474e+03
z_hcs   1   2   2   0   0   +2.448467770e+06
z_hcs   1   2   1   1   0   +1.913629739e+05
z_hcs   1   2   1   0   1   +1.282244757e+06
z_hcs   1   2   1   0   0   +2.135532914e+04
z_hcs   1   2   0   2   0   -1.354097188e+06
z_hcs   1   2   0   1   1   +3.549543307e+05
z_hcs   1   2   0   1   0   -2.505574947e+04
z_hcs   1   2   0   0   2   -4.120075063e+05
z_hcs   1   2   0   0   1   +2.538739303e+03
z_hcs   1   2   0   0   0   +8.855109727e+01
z_hcs   1   1   3   0   0   +1.231089856e+06
z_hcs   1   1   2   1   0   -1.214192035e+06
z_hcs   1   1   2   0   1   +5.441461432e+05
z_hcs   1   1   2   0   0   +5.472242124e+04
z_hcs   1   1   1   2   0   +1.382554054e+05
z_hcs   1   1   1   1   1   -1.478848515e+06
z_hcs   1   1   1   1   0   -5.312912191e+03
z_hcs   1   1   1   0   2   -2.723377615e+06
z_hcs   1   1   1   0   1   +2.878523249e+03
z_hcs   1   1   1   0   0   +2.373419923e+02
z_hcs   1   1   0   3   0   +1.579677789e+06
z_hcs   1   1   0   2   1   -1.256237493e+06
z_hcs   1   1   0   2   0   +4.884359012e+04
z_hcs   1   1   0   1   2   +1.934112983e+06
z_hcs   1   1   0   1   1   -1.334936475e+04
z_hcs   1   1   0   1   0   +3.902021650e+02
z_hcs   1   1   0   0   3   -1.683018420e+06
z_hcs   1   1   0   0   2   +7.939373435e+04
z_hcs   1   1   0   0   1   -2.496344619e+02
z_hcs   1   1   0   0   0   +1.203910474e+01
z_hcs   1   0   4   0   0   -1.986870494e+05
z_hcs   1   0   3   1   0   -1.032771805e+06
z_hcs   1   0   3   0   1   -1.501579197e+06
z_hcs   1   0   3   0   0   +3.541088091e+03
z_hcs   1   0   2   2   0   +9.017648066e+05
z_hcs   1   0   2   1   1   -8.142948664e+05
z_hcs   1   0   2   1   0   -3.068202493e+03
z_hcs   1   0   2   0   2   +2.361431334e+06
z_hcs   1   0   2   0   1   -4.593831210e+04
z_hcs   1   0   2   0   0   +6.288223551e+02
z_hcs   1   0   1   3   0   -1.751977884e+05
z_hcs   1   0   1   2   1   +1.504456733e+06
z_hcs   1   0   1   2   0   -1.059222390e+04
z_hcs   1   0   1   1   2   -2.590159830e+06
z_hcs   1   0   1   1   1   +5.125502585e+04
z_hcs   1   0   1   1   0   -1.823864953e+02
z_hcs   1   0   1   0   3   -2.662819408e+07
z_hcs   1   0   1   0   2   +3.768709605e+05
z_hcs   1   0   1   0   1   -1.530871815e+03
z_hcs   1   0   1   0   0   +5.588870857e+00
z_hcs   1   0   0   4   0   -6.475364689e+05
z_hcs   1   0   0   3   1   +8.775942093e+05
z_hcs   1   0   0   3   0   -3.101134411e+04
z_hcs   1   0   0   2   2   -1.266843424e+06
z_hcs   1   0   0   2   1   +9.974935135e+03
z_hcs   1   0   0   2   0   -3.901976595e+02
z_hcs   1   0   0   1   3   -1.751930168e+07
z_hcs   1   0   0   1   2   +9.893781833e+04
z_hcs   1   0   0   1   1   -3.779141221e+02
z_hcs   1   0   0   1   0   +6.112093112e+00
z_hcs   1   0   0   0   4   -1.974853577e+08
z_hcs   1   0   0   0   3   +3.041757076e+06
z_hcs   1   0   0   0   2   -1.832276344e+04
z_hcs   1   0   0   0   1   +5.082768948e+01
z_hcs   1   0   0   0   0   +2.618221347e-01
z_hcs   0   5   0   0   0   +1.836411326e+06
z_hcs   0   4   1   0   0   +4.057695420e+05
z_hcs   0   4   0   1   0   -4.563873180e+06
z_hcs   0   4   0   0   1   +4.011344280e+06
z_hcs   0   4   0   0   0   +3.482983687e+04
z_hcs   0   3   2   0   0   -2.136533336e+07
z_hcs   0   3   1   1   0   +3.871101193e+06
z_hcs   0   3   1   0   1   -3.848506941e+07
z_hcs   0   3   1   0   0   +1.970570660e+05
z_hcs   0   3   0   2   0   -1.300485181e+06
z_hcs   0   3   0   1   1   -1.109454087e+07
z_hcs   0   3   0   1   0   -1.378732393e+05
z_hcs   0   3   0   0   2   +2.235358810e+07
z_hcs   0   3   0   0   1   -2.507726256e+05
z_hcs   0   3   0   0   0   +1.213520184e+03
z_hcs   0   2   3   0   0   -1.900746296e+07
z_hcs   0   2   2   1   0   -1.982689168e+07
z_hcs   0   2   2   0   1   -2.229547651e+07
z_hcs   0   2   2   0   0   -1.228917882e+06
z_hcs   0   2   1   2   0   -1.530321833e+07
z_hcs   0   2   1   1   1   +1.658290120e+07
z_hcs   0   2   1   1   0   -6.151364993e+05
z_hcs   0   2   1   0   2   +1.480225549e+08
z_hcs   0   2   1   0   1   -1.983850306e+06
z_hcs   0   2   1   0   0   +2.106770115e+03
z_hcs   0   2   0   3   0   +1.687980821e+07
z_hcs   0   2   0   2   1   +1.027170407e+07
z_hcs   0   2   0   2   0   +4.358497782e+05
z_hcs   0   2   0   1   2   +7.665705500e+06
z_hcs   0   2   0   1   1   +1.743473513e+05
z_hcs   0   2   0   1   0   -1.892022383e+03
z_hcs   0   2   0   0   3   +4.522565868e+08
z_hcs   0   2   0   0   2   -5.726782965e+06
z_hcs   0   2   0   0   1   +2.046286192e+04
z_hcs   0   2   0   0   0   +6.530903317e+01
z_hcs   0   1   4   0   0   -8.111942943e+06
z_hcs   0   1   3   1   0   +2.319653419e+06
z_hcs   0   1   3   0   1   +2.687770512e+07
z_hcs   0   1   3   0   0   -8.234134310e+05
z_hcs   0   1   2   2   0   +1.778756914e+07
z_hcs   0   1   2   1   1   -4.344635405e+07
z_hcs   0   1   2   1   0   +3.048603467e+05
z_hcs   0   1   2   0   2   -7.711901979e+07
z_hcs   0   1   2   0   1   -3.029555111e+04
z_hcs   0   1   2   0   0   -2.799046275e+04
z_hcs   0   1   1   3   0   +8.249297627e+06
z_hcs   0   1   1   2   1   +2.712485230e+07
z_hcs   0   1   1   2   0   +3.108363528e+05
z_hcs   0   1   1   1   2   -4.892081607e+07
z_hcs   0   1   1   1   1   +2.257159382e+06
z_hcs   0   1   1   1   0   -6.271585960e+03
z_hcs   0   1   1   0   3   -4.550320841e+08
z_hcs   0   1   1   0   2   +2.404119963e+06
z_hcs   0   1   1   0   1   +1.033118611e+04
z_hcs   0   1   1   0   0   +1.114240853e+02
z_hcs   0   1   0   4   0   -1.953203152e+07
z_hcs   0   1   0   3   1   -5.981150454e+05
z_hcs   0   1   0   3   0   -6.255735620e+05
z_hcs   0   1   0   2   2   -1.474364904e+08
z_hcs   0   1   0   2   1   +6.645166879e+05
z_hcs   0   1   0   2   0   -1.524787043e+03
z_hcs   0   1   0   1   3   -4.527087442e+08
z_hcs   0   1   0   1   2   +2.587720650e+06
z_hcs   0   1   0   1   1   -3.386965303e+02
z_hcs   0   1   0   1   0   -1.364425144e+02
z_hcs   0   1   0   0   4   -3.422131374e+09
z_hcs   0   1   0   0   3   +5.482901149e+07
z_hcs   0   1   0   0   2   -3.599504059e+05
z_hcs   0   1   0   0   1   +1.096846529e+03
z_hcs   0   1   0   0   0   +4.679104421e+00
z_hcs   0   0   5   0   0   +2.029860976e+06
z_hcs   0   0   4   1   0   +2.105898818e+07
z_hcs   0   0   4   0   1   +1.471887713e+07
z_hcs   0   0   4   0   0   +3.580143400e+05
z_hcs   0   0   3   2   0   +1.046400639e+07
z_hcs   0   0   3   1   1   +2.041515619e+07
z_hcs   0   0   3   1   0   +6.729141023e+05
z_hcs   0   0   3   0   2   +6.887069182e+07
z_hcs   0   0   3   0   1   +6.641268916e+05
z_hcs   0   0   3   0   0   -1.708668103e+03
z_hcs   0   0   2   3   0   -1.868161362e+07
z_hcs   0   0   2   2   1   +4.660524782e+07
z_hcs   0   0   2   2   0   -7.521639399e+05
z_hcs   0   0   2   1   2   +8.902261470e+07
z_hcs   0   0   2   1   1   +2.768538446e+05
z_hcs   0   0   2   1   0   -7.479419580e+03
z_hcs   0   0   2   0   3   -1.230848098e+08
z_hcs   0   0   2   0   2   +1.774710284e+06
z_hcs   0   0   2   0   1   -3.681392235e+03
z_hcs   0   0   2   0   0   -4.714572622e+02
z_hcs   0   0   1   4   0   -1.405220810e+06
z_hcs   0   0   1   3   1   -2.728887681e+07
z_hcs   0   0   1   3   0   +6.509665702e+04
z_hcs   0   0   1   2   2   -1.922659392e+07
z_hcs   0   0   1   2   1   -1.089406269e+06
z_hcs   0   0   1   2   0   +7.212388815e+03
z_hcs   0   0   1   1   3   +7.006813342e+08
z_hcs   0   0   1   1   2   -8.635967666e+06
z_hcs   0   0   1   1   1   +2.835022341e+04
z_hcs   0   0   1   1   0   -3.387458135e+01
z_hcs   0   0   1   0   4   +7.754964417e+08
z_hcs   0   0   1   0   3   -5.599154097e+06
z_hcs   0   0   1   0   2   -5.257542197e+04
z_hcs   0   0   1   0   1   +3.087503718e+02
z_hcs   0   0   1   0   0   +3.677137111e-01
z_hcs   0   0   0   5   0   +6.351906177e+06
z_hcs   0   0   0   4   1   -6.627039027e+06
z_hcs   0   0   0   4   0   +3.176145653e+05
z_hcs   0   0   0   3   2   +7.799391879e+07
z_hcs   0   0   0   3   1   -3.470728406e+05
z_hcs   0   0   0   3   0   +1.910108644e+03
z_hcs   0   0   0   2   3   +4.951508384e+08
z_hcs   0   0   0   2   2   -2.820010857e+06
z_hcs   0   0   0   2   1   +6.788880272e+03
z_hcs   0   0   0   2   0   -6.414154221e+01
z_hcs   0   0   0   1   4   +1.352803312e+10
z_hcs   0   0   0   1   3   -2.094970262e+08
z_hcs   0   0   0   1   2   +1.260505785e+06
z_hcs   0   0   0   1   1   -3.501662667e+03
z_hcs   0   0   0   1   0   -1.272521574e+01
z_hcs   0   0   0   0   5   +1.864695489e+11
z_hcs   0   0   0   0   4   -3.577253448e+09
z_hcs   0   0   0   0   3   +2.699072723e+07
z_hcs   0   0   0   0   2   -9.962138246e+04
z_hcs   0   0   0   0   1   +1.774887642e+02
z_hcs   0   0   0   0   0   -2.286748240e-01
