# Polynomial metadata: 
# -- Order: 4
# -- Trained on data: 'data/sieve_holes/fits_21Dec/V123.root'
# -- Input branches: { x_fp y_fp dxdz_fp dydz_fp }
# -- Time created: Mon Dec 29 15:48:31 2025
# -- Polynomial-pruning element min value: 1e-07

poly-DoF 4
is-RHRS 0
dpp_sv   4   0   0   0   +2.358687808e-04
dpp_sv   3   1   0   0   +3.620684247e-03
dpp_sv   3   0   1   0   +2.318768062e-02
dpp_sv   3   0   0   1   -2.093700549e-02
dpp_sv   3   0   0   0   +1.286889645e-03
dpp_sv   2   2   0   0   -1.930461934e-01
dpp_sv   2   1   1   0   -2.362326597e+00
dpp_sv   2   1   0   1   +8.691566965e-01
dpp_sv   2   1   0   0   -2.663680890e-02
dpp_sv   2   0   2   0   -8.560741315e-01
dpp_sv   2   0   1   1   +3.224010858e+00
dpp_sv   2   0   1   0   -1.468693199e-02
dpp_sv   2   0   0   2   -9.958935907e-01
dpp_sv   2   0   0   1   +1.799290238e-02
dpp_sv   2   0   0   0   +8.651193782e-03
dpp_sv   1   3   0   0   +1.345485700e+01
dpp_sv   1   2   1   0   +8.309929351e+01
dpp_sv   1   2   0   1   -4.770131733e+01
dpp_sv   1   2   0   0   -6.031390918e-02
dpp_sv   1   1   2   0   +4.442240643e+01
dpp_sv   1   1   1   1   -8.404885692e+01
dpp_sv   1   1   1   0   +4.256954808e+00
dpp_sv   1   1   0   2   +5.099130382e+01
dpp_sv   1   1   0   1   +8.874426697e-01
dpp_sv   1   1   0   0   +1.135748877e-02
dpp_sv   1   0   3   0   +2.953885702e+01
dpp_sv   1   0   2   1   -9.181231085e+01
dpp_sv   1   0   2   0   +1.930326947e+00
dpp_sv   1   0   1   2   +1.296541761e+01
dpp_sv   1   0   1   1   -4.569129637e+00
dpp_sv   1   0   1   0   +1.635490004e-01
dpp_sv   1   0   0   3   -1.611589168e+01
dpp_sv   1   0   0   2   -1.122869968e+00
dpp_sv   1   0   0   1   -8.244213016e-05
dpp_sv   1   0   0   0   +7.426366639e-02
dpp_sv   0   4   0   0   -2.730839376e+02
dpp_sv   0   3   1   0   -1.517920351e+03
dpp_sv   0   3   0   1   +1.324929388e+03
dpp_sv   0   3   0   0   +6.143823808e+00
dpp_sv   0   2   1   1   +2.646878369e+03
dpp_sv   0   2   1   0   -6.733455995e+00
dpp_sv   0   2   0   2   -2.129468691e+03
dpp_sv   0   2   0   1   -2.692040508e+01
dpp_sv   0   2   0   0   +6.760176568e-01
dpp_sv   0   1   2   0   -1.339343924e-01
dpp_sv   0   1   1   2   -2.540756426e+03
dpp_sv   0   1   1   1   -2.379124402e+01
dpp_sv   0   1   1   0   -1.925625657e+00
dpp_sv   0   1   0   3   +1.036037319e+03
dpp_sv   0   1   0   2   +3.884785992e+01
dpp_sv   0   1   0   1   -1.083365768e+00
dpp_sv   0   1   0   0   -7.492232761e-03
dpp_sv   0   0   4   0   -1.616487087e+03
dpp_sv   0   0   3   0   -5.514300777e+01
dpp_sv   0   0   2   1   +1.551289630e+01
dpp_sv   0   0   2   0   +1.886356715e+00
dpp_sv   0   0   1   3   +1.201186864e+03
dpp_sv   0   0   1   2   +2.942943152e+01
dpp_sv   0   0   1   1   -1.145773625e+00
dpp_sv   0   0   1   0   -4.510765545e-02
dpp_sv   0   0   0   4   +1.154863738e+02
dpp_sv   0   0   0   3   -1.389701347e+01
dpp_sv   0   0   0   2   +3.276575418e-01
dpp_sv   0   0   0   1   +5.333423151e-03
dpp_sv   0   0   0   0   -4.601974584e-04
dxdz_sv   4   0   0   0   -4.839777558e-04
dxdz_sv   3   1   0   0   +9.236432943e-02
dxdz_sv   3   0   1   0   +4.507359090e-01
dxdz_sv   3   0   0   1   -8.924102730e-02
dxdz_sv   3   0   0   0   +2.694616477e-03
dxdz_sv   2   2   0   0   -4.715312433e+00
dxdz_sv   2   1   1   0   -1.940632524e+01
dxdz_sv   2   1   0   1   +9.161111738e+00
dxdz_sv   2   1   0   0   -1.287633531e-01
dxdz_sv   2   0   2   0   +4.654910762e+00
dxdz_sv   2   0   1   1   +7.326735291e+00
dxdz_sv   2   0   1   0   -1.992550726e-01
dxdz_sv   2   0   0   2   -9.956022652e+00
dxdz_sv   2   0   0   1   -3.601071301e-02
dxdz_sv   2   0   0   0   -1.340346776e-02
dxdz_sv   1   3   0   0   +1.066782466e+02
dxdz_sv   1   2   1   0   +5.809106589e+02
dxdz_sv   1   2   0   1   +2.837060819e+00
dxdz_sv   1   2   0   0   +3.841265276e+00
dxdz_sv   1   1   2   0   +8.290626917e+02
dxdz_sv   1   1   1   1   -5.542513914e+02
dxdz_sv   1   1   1   0   +1.529502903e+01
dxdz_sv   1   1   0   2   -2.541770874e+02
dxdz_sv   1   1   0   1   -8.180957347e+00
dxdz_sv   1   1   0   0   +8.378233761e-02
dxdz_sv   1   0   3   0   -9.820299880e+02
dxdz_sv   1   0   2   1   -9.144454705e+02
dxdz_sv   1   0   2   0   -1.157926579e+01
dxdz_sv   1   0   1   2   +5.283327164e+02
dxdz_sv   1   0   1   1   -8.989969963e+00
dxdz_sv   1   0   1   0   +5.539136570e-01
dxdz_sv   1   0   0   3   +2.404209037e+02
dxdz_sv   1   0   0   2   +7.063267779e+00
dxdz_sv   1   0   0   1   -9.078322213e-03
dxdz_sv   1   0   0   0   +7.461128745e-03
dxdz_sv   0   4   0   0   -1.475800355e+03
dxdz_sv   0   3   1   0   -9.627123906e+03
dxdz_sv   0   3   0   1   +2.408418330e+03
dxdz_sv   0   3   0   0   -8.922808490e+00
dxdz_sv   0   2   1   1   +6.340489288e+03
dxdz_sv   0   2   1   0   -5.778904644e+02
dxdz_sv   0   2   0   2   -3.033118561e+03
dxdz_sv   0   2   0   1   -4.915442530e+01
dxdz_sv   0   2   0   0   -4.001641639e-01
dxdz_sv   0   1   2   0   -4.429973487e+02
dxdz_sv   0   1   1   2   -4.739217609e+03
dxdz_sv   0   1   1   1   +2.989506481e+02
dxdz_sv   0   1   1   0   -2.364619378e+01
dxdz_sv   0   1   0   3   +2.684328544e+03
dxdz_sv   0   1   0   2   +6.480503765e+01
dxdz_sv   0   1   0   1   +7.953938925e-01
dxdz_sv   0   1   0   0   +4.270082522e-03
dxdz_sv   0   0   4   0   +8.277484382e+03
dxdz_sv   0   0   3   0   +8.145613875e+02
dxdz_sv   0   0   2   1   +5.621279002e+02
dxdz_sv   0   0   2   0   -3.945747348e+00
dxdz_sv   0   0   1   3   -4.874575675e+03
dxdz_sv   0   0   1   2   -2.941145752e+02
dxdz_sv   0   0   1   1   +4.218389580e+00
dxdz_sv   0   0   1   0   -2.115056252e+00
dxdz_sv   0   0   0   4   -1.908501431e+03
dxdz_sv   0   0   0   3   -4.617476163e+01
dxdz_sv   0   0   0   2   +2.703735681e-01
dxdz_sv   0   0   0   1   -5.006498311e-02
dxdz_sv   0   0   0   0   +8.607458314e-04
dydz_sv   4   0   0   0   +3.554049469e-04
dydz_sv   3   1   0   0   +3.922051396e-02
dydz_sv   3   0   1   0   -5.071814046e-02
dydz_sv   3   0   0   1   -9.319479938e-02
dydz_sv   3   0   0   0   -5.914515085e-04
dydz_sv   2   2   0   0   -4.444172990e+00
dydz_sv   2   1   1   0   -7.414348114e+00
dydz_sv   2   1   0   1   +2.994441968e+00
dydz_sv   2   1   0   0   -1.130815105e-01
dydz_sv   2   0   2   0   -6.058479843e+00
dydz_sv   2   0   1   1   +3.391691345e+00
dydz_sv   2   0   1   0   -2.033949438e-01
dydz_sv   2   0   0   2   -2.637403947e+00
dydz_sv   2   0   0   1   -4.890801555e-02
dydz_sv   2   0   0   0   -3.807678049e-04
dydz_sv   1   3   0   0   -4.383571981e+01
dydz_sv   1   2   1   0   -7.221896219e+01
dydz_sv   1   2   0   1   +1.474755260e+02
dydz_sv   1   2   0   0   -3.018296831e+00
dydz_sv   1   1   2   0   +7.409296834e+02
dydz_sv   1   1   1   1   +2.007625477e+01
dydz_sv   1   1   1   0   +4.422957121e+00
dydz_sv   1   1   0   2   -1.612682495e+02
dydz_sv   1   1   0   1   +4.967883651e+00
dydz_sv   1   1   0   0   -2.353984644e-02
dydz_sv   1   0   3   0   +4.113292733e+01
dydz_sv   1   0   2   1   -1.192990818e+02
dydz_sv   1   0   2   0   +1.404990378e+01
dydz_sv   1   0   1   2   +1.216852487e+02
dydz_sv   1   0   1   1   -2.668465955e+00
dydz_sv   1   0   1   0   +1.327093679e-01
dydz_sv   1   0   0   3   +8.385536357e+01
dydz_sv   1   0   0   2   +3.414519974e+00
dydz_sv   1   0   0   1   -3.036428997e-01
dydz_sv   1   0   0   0   +7.202565185e-03
dydz_sv   0   4   0   0   +3.531395681e+02
dydz_sv   0   3   1   0   -6.452548976e+02
dydz_sv   0   3   0   1   +1.540264124e+02
dydz_sv   0   3   0   0   -9.382505110e+00
dydz_sv   0   2   1   1   +7.296791097e+03
dydz_sv   0   2   1   0   -3.245130778e+01
dydz_sv   0   2   0   2   -3.260035273e+03
dydz_sv   0   2   0   1   +5.031800608e+01
dydz_sv   0   2   0   0   +1.039168780e+00
dydz_sv   0   1   2   0   -4.763198404e+02
dydz_sv   0   1   1   2   -8.280190099e+03
dydz_sv   0   1   1   1   +3.524811465e+01
dydz_sv   0   1   1   0   -2.698666901e+00
dydz_sv   0   1   0   3   +4.521924220e+03
dydz_sv   0   1   0   2   -7.948449310e+01
dydz_sv   0   1   0   1   +1.559678700e+00
dydz_sv   0   1   0   0   -6.883652854e-01
dydz_sv   0   0   4   0   +3.401646606e+03
dydz_sv   0   0   3   0   -5.530776583e+01
dydz_sv   0   0   2   1   -3.711944773e+01
dydz_sv   0   0   2   0   -1.235107139e+01
dydz_sv   0   0   1   3   +2.413188374e+03
dydz_sv   0   0   1   2   -3.931709495e+01
dydz_sv   0   0   1   1   +3.421259099e+00
dydz_sv   0   0   1   0   -5.316928725e-02
dydz_sv   0   0   0   4   -2.150567835e+03
dydz_sv   0   0   0   3   +2.257860404e+01
dydz_sv   0   0   0   2   -2.044699259e+00
dydz_sv   0   0   0   1   +5.128432932e-02
dydz_sv   0   0   0   0   -1.085779255e-02
x_sv   4   0   0   0   -2.600558127e-03
x_sv   3   1   0   0   +3.338568923e-01
x_sv   3   0   1   0   +5.685842176e-01
x_sv   3   0   0   1   -1.335124783e-01
x_sv   3   0   0   0   +6.890778990e-03
x_sv   2   2   0   0   -1.620689980e+00
x_sv   2   1   1   0   -2.879133469e+01
x_sv   2   1   0   1   -6.920559704e+00
x_sv   2   1   0   0   -3.168600220e-01
x_sv   2   0   2   0   -1.889419414e+01
x_sv   2   0   1   1   +2.016786454e+01
x_sv   2   0   1   0   -6.265179913e-01
x_sv   2   0   0   2   +9.878399082e-01
x_sv   2   0   0   1   -9.331223374e-02
x_sv   2   0   0   0   -1.444102595e-02
x_sv   1   3   0   0   +4.118558168e+01
x_sv   1   2   1   0   +9.895668599e+02
x_sv   1   2   0   1   -5.310931469e+01
x_sv   1   2   0   0   +2.524657241e+00
x_sv   1   1   2   0   +5.286745343e+02
x_sv   1   1   1   1   -4.959493275e+02
x_sv   1   1   1   0   +4.400662673e+01
x_sv   1   1   0   2   +1.306644967e+02
x_sv   1   1   0   1   -5.735059960e-01
x_sv   1   1   0   0   +4.832162778e-02
x_sv   1   0   3   0   +5.492492793e+02
x_sv   1   0   2   1   -2.055027116e+02
x_sv   1   0   2   0   +1.319535771e+01
x_sv   1   0   1   2   +3.772764424e+02
x_sv   1   0   1   1   +9.917994160e+00
x_sv   1   0   1   0   +1.168715374e+00
x_sv   1   0   0   3   -5.850359700e+01
x_sv   1   0   0   2   +9.292002482e-01
x_sv   1   0   0   1   +1.064184258e-01
x_sv   1   0   0   0   +6.349914050e-03
x_sv   0   4   0   0   -1.152049187e+03
x_sv   0   3   1   0   -1.003579349e+04
x_sv   0   3   0   1   +2.665354308e+03
x_sv   0   3   0   0   -1.397198301e+01
x_sv   0   2   1   1   +3.594361075e+02
x_sv   0   2   1   0   -3.596320420e+02
x_sv   0   2   0   2   -1.953384986e+03
x_sv   0   2   0   1   -2.757016105e+01
x_sv   0   2   0   0   -1.108166947e+00
x_sv   0   1   2   0   +6.548653348e+01
x_sv   0   1   1   2   +4.347462941e+02
x_sv   0   1   1   1   -2.792439017e+02
x_sv   0   1   1   0   -1.027235749e+01
x_sv   0   1   0   3   -1.745550881e+03
x_sv   0   1   0   2   -2.919548364e+00
x_sv   0   1   0   1   +1.670438007e+00
x_sv   0   1   0   0   -2.730908396e-05
x_sv   0   0   4   0   -5.111763699e+03
x_sv   0   0   3   0   -3.657686494e+02
x_sv   0   0   2   1   +1.072762515e+02
x_sv   0   0   2   0   -3.476426543e+00
x_sv   0   0   1   3   -5.236899880e+03
x_sv   0   0   1   2   -2.620550546e+02
x_sv   0   0   1   1   -3.132633621e+01
x_sv   0   0   1   0   -1.931186516e+00
x_sv   0   0   0   4   +1.233251426e+03
x_sv   0   0   0   3   +1.597412604e+01
x_sv   0   0   0   2   -5.632805887e-01
x_sv   0   0   0   1   -2.519525581e-02
x_sv   0   0   0   0   -1.872721074e-03
y_sv   4   0   0   0   -3.613483535e-03
y_sv   3   1   0   0   +1.443417114e-01
y_sv   3   0   1   0   -6.105319077e-01
y_sv   3   0   0   1   +5.113507668e-02
y_sv   3   0   0   0   -2.648225261e-03
y_sv   2   2   0   0   +2.845660758e+00
y_sv   2   1   1   0   +2.432665381e+01
y_sv   2   1   0   1   -2.240424883e+01
y_sv   2   1   0   0   -5.445017006e-02
y_sv   2   0   2   0   +3.556958699e+01
y_sv   2   0   1   1   +2.659939499e-01
y_sv   2   0   1   0   +7.707648188e-01
y_sv   2   0   0   2   +8.015310327e+00
y_sv   2   0   0   1   -3.817168338e-01
y_sv   2   0   0   0   +3.460841905e-03
y_sv   1   3   0   0   +6.343104157e+01
y_sv   1   2   1   0   -6.376263406e+01
y_sv   1   2   0   1   -2.234140930e+02
y_sv   1   2   0   0   -4.114065234e+00
y_sv   1   1   2   0   -1.599961982e+03
y_sv   1   1   1   1   -3.330939969e+02
y_sv   1   1   1   0   -2.150643290e+01
y_sv   1   1   0   2   +7.905398059e+02
y_sv   1   1   0   1   +1.025243506e+01
y_sv   1   1   0   0   -7.997526979e-01
y_sv   1   0   3   0   -6.982602744e+02
y_sv   1   0   2   1   +5.971380504e+02
y_sv   1   0   2   0   -3.114272932e+01
y_sv   1   0   1   2   +1.043301391e+02
y_sv   1   0   1   1   -4.976945514e+00
y_sv   1   0   1   0   -2.392537161e-01
y_sv   1   0   0   3   -4.305908767e+02
y_sv   1   0   0   2   -6.829373346e+00
y_sv   1   0   0   1   -5.028583878e-01
y_sv   1   0   0   0   -1.478182547e-02
y_sv   0   4   0   0   -1.703342316e+03
y_sv   0   3   1   0   -1.864181594e+03
y_sv   0   3   0   1   +4.631705351e+03
y_sv   0   3   0   0   +4.224478680e+01
y_sv   0   2   1   1   +9.729470117e+02
y_sv   0   2   1   0   +6.274613108e+01
y_sv   0   2   0   2   -3.063878998e+03
y_sv   0   2   0   1   +9.137679719e+00
y_sv   0   2   0   0   -1.640603742e+00
y_sv   0   1   2   0   +1.471585945e+03
y_sv   0   1   1   2   +4.841088373e+03
y_sv   0   1   1   1   +2.559199320e+02
y_sv   0   1   1   0   -9.648122611e+00
y_sv   0   1   0   3   -7.796931870e+03
y_sv   0   1   0   2   -2.783911134e+02
y_sv   0   1   0   1   +1.381223474e+00
y_sv   0   1   0   0   -1.031826428e+00
y_sv   0   0   4   0   -9.623633882e+02
y_sv   0   0   3   0   +3.820937746e+02
y_sv   0   0   2   1   +1.413865437e+02
y_sv   0   0   2   0   +2.402639027e+01
y_sv   0   0   1   3   -2.203717858e+03
y_sv   0   0   1   2   -8.102599066e+01
y_sv   0   0   1   1   +3.995690840e+00
y_sv   0   0   1   0   -1.177197409e-01
y_sv   0   0   0   4   +5.389373840e+03
y_sv   0   0   0   3   +2.056381458e+02
y_sv   0   0   0   2   +1.250764375e+00
y_sv   0   0   0   1   +1.188684054e+00
y_sv   0   0   0   0   -8.466999575e-03
