# Polynomial metadata: 
# -- Order: 4 
# -- Trained on data: 'data/sieve_holes/fits_21Dec/V123.root'
# -- first-guess (fg) polynomial: 'data/poly/fits_21Dec/V123_fp_sv_L_4ord.dat'
# -- Input branches: { fg_x_sv fg_y_sv fg_dxdz_sv fg_dydz_sv fg_dpp_sv y_hcs }
# -- Time created: Mon Dec 29 16:26:20 2025

poly-DoF 6
is-RHRS 0
dpp_sv   4   0   0   0   0   0   +4.967178268e-02
dpp_sv   3   1   0   0   0   0   -1.374310412e-02
dpp_sv   3   0   1   0   0   0   -1.549903593e-01
dpp_sv   3   0   0   1   0   0   +1.364272211e-02
dpp_sv   3   0   0   0   1   0   -5.200708252e-04
dpp_sv   3   0   0   0   0   1   +1.778341669e-02
dpp_sv   3   0   0   0   0   0   +2.261083726e-04
dpp_sv   2   2   0   0   0   0   -8.213976447e-03
dpp_sv   2   1   1   0   0   0   +3.473094253e-02
dpp_sv   2   1   0   1   0   0   +1.178674493e-02
dpp_sv   2   1   0   0   1   0   +6.551947091e-05
dpp_sv   2   1   0   0   0   1   +9.984913223e-05
dpp_sv   2   1   0   0   0   0   -2.693603252e-04
dpp_sv   2   0   2   0   0   0   +1.793402008e-01
dpp_sv   2   0   1   1   0   0   -3.355373824e-02
dpp_sv   2   0   1   0   1   0   +1.212449679e-03
dpp_sv   2   0   1   0   0   1   -4.198825194e-02
dpp_sv   2   0   1   0   0   0   -4.789621845e-04
dpp_sv   2   0   0   2   0   0   -3.337409221e-03
dpp_sv   2   0   0   1   1   0   +7.101516791e-05
dpp_sv   2   0   0   1   0   1   -3.717614290e-03
dpp_sv   2   0   0   1   0   0   +3.019021357e-04
dpp_sv   2   0   0   0   2   0   +3.304603328e-06
dpp_sv   2   0   0   0   1   1   +1.057462345e-04
dpp_sv   2   0   0   0   1   0   +7.133299221e-06
dpp_sv   2   0   0   0   0   2   -1.386522019e-03
dpp_sv   2   0   0   0   0   1   -1.348950577e-04
dpp_sv   2   0   0   0   0   0   +9.640250548e-07
dpp_sv   1   3   0   0   0   0   +7.888644763e-04
dpp_sv   1   2   1   0   0   0   +1.275492829e-02
dpp_sv   1   2   0   1   0   0   -2.546827425e-03
dpp_sv   1   2   0   0   1   0   +2.620681482e-05
dpp_sv   1   2   0   0   0   1   -4.861029755e-03
dpp_sv   1   2   0   0   0   0   -2.143357775e-06
dpp_sv   1   1   2   0   0   0   -2.884178039e-02
dpp_sv   1   1   1   1   0   0   -1.877342650e-02
dpp_sv   1   1   1   0   1   0   -2.429710248e-04
dpp_sv   1   1   1   0   0   1   +3.050692970e-03
dpp_sv   1   1   1   0   0   0   +4.113111207e-04
dpp_sv   1   1   0   2   0   0   +2.459849767e-03
dpp_sv   1   1   0   1   1   0   -8.053115237e-05
dpp_sv   1   1   0   1   0   1   +7.197770539e-03
dpp_sv   1   1   0   1   0   0   -1.661157852e-05
dpp_sv   1   1   0   0   2   0   -3.067128542e-06
dpp_sv   1   1   0   0   1   1   +7.640833059e-05
dpp_sv   1   1   0   0   1   0   +2.576830865e-06
dpp_sv   1   1   0   0   0   2   -1.373059001e-03
dpp_sv   1   1   0   0   0   1   -1.135833156e-04
dpp_sv   1   1   0   0   0   0   -6.411259762e-07
dpp_sv   1   0   3   0   0   0   -9.122579538e-02
dpp_sv   1   0   2   1   0   0   +2.706724997e-02
dpp_sv   1   0   2   0   1   0   -9.135231602e-04
dpp_sv   1   0   2   0   0   1   +3.227529225e-02
dpp_sv   1   0   2   0   0   0   +3.255649808e-04
dpp_sv   1   0   1   2   0   0   +5.597605423e-03
dpp_sv   1   0   1   1   1   0   +2.254202277e-07
dpp_sv   1   0   1   1   0   1   +3.129125181e-03
dpp_sv   1   0   1   1   0   0   -4.634006800e-04
dpp_sv   1   0   1   0   2   0   -1.543199512e-06
dpp_sv   1   0   1   0   1   1   -1.699607530e-04
dpp_sv   1   0   1   0   1   0   -1.271059953e-05
dpp_sv   1   0   1   0   0   2   +2.316214515e-03
dpp_sv   1   0   1   0   0   1   +2.407195726e-04
dpp_sv   1   0   1   0   0   0   -1.335601986e-06
dpp_sv   1   0   0   3   0   0   -8.537929053e-04
dpp_sv   1   0   0   2   1   0   +1.779770267e-05
dpp_sv   1   0   0   2   0   1   -2.944912856e-03
dpp_sv   1   0   0   2   0   0   +1.468343502e-05
dpp_sv   1   0   0   1   2   0   +6.001774799e-07
dpp_sv   1   0   0   1   1   1   +1.043192480e-04
dpp_sv   1   0   0   1   1   0   -1.646638703e-06
dpp_sv   1   0   0   1   0   2   -2.862914817e-04
dpp_sv   1   0   0   1   0   1   +8.335409927e-05
dpp_sv   1   0   0   1   0   0   +7.873801286e-07
dpp_sv   1   0   0   0   3   0   -5.615485155e-07
dpp_sv   1   0   0   0   2   1   -7.295020052e-06
dpp_sv   1   0   0   0   2   0   -4.418494023e-08
dpp_sv   1   0   0   0   1   2   +1.700978006e-04
dpp_sv   1   0   0   0   1   1   +1.138061750e-06
dpp_sv   1   0   0   0   1   0   +8.827103639e-08
dpp_sv   1   0   0   0   0   3   +3.142452204e-03
dpp_sv   1   0   0   0   0   2   -1.631765680e-04
dpp_sv   1   0   0   0   0   1   +1.019192878e-07
dpp_sv   1   0   0   0   0   0   +1.734551542e-09
dpp_sv   0   4   0   0   0   0   -1.013486016e-05
dpp_sv   0   3   1   0   0   0   -8.237588152e-04
dpp_sv   0   3   0   1   0   0   -6.564984259e-05
dpp_sv   0   3   0   0   1   0   -3.951242403e-06
dpp_sv   0   3   0   0   0   1   +2.195523900e-04
dpp_sv   0   3   0   0   0   0   +1.514585385e-06
dpp_sv   0   2   2   0   0   0   -4.629774415e-03
dpp_sv   0   2   1   1   0   0   +2.470175626e-03
dpp_sv   0   2   1   0   1   0   -5.313255303e-05
dpp_sv   0   2   1   0   0   1   +4.455991809e-03
dpp_sv   0   2   1   0   0   0   -6.668810836e-06
dpp_sv   0   2   0   2   0   0   +1.567677237e-04
dpp_sv   0   2   0   1   1   0   +3.072461441e-06
dpp_sv   0   2   0   1   0   1   -4.941896647e-04
dpp_sv   0   2   0   1   0   0   -8.436749217e-06
dpp_sv   0   2   0   0   2   0   -1.457719705e-06
dpp_sv   0   2   0   0   1   1   +2.389196409e-06
dpp_sv   0   2   0   0   1   0   -6.305938063e-08
dpp_sv   0   2   0   0   0   2   +4.893735847e-04
dpp_sv   0   2   0   0   0   1   -1.100127730e-05
dpp_sv   0   2   0   0   0   0   +4.791365049e-08
dpp_sv   0   1   3   0   0   0   +7.907124612e-03
dpp_sv   0   1   2   1   0   0   +7.030631196e-03
dpp_sv   0   1   2   0   1   0   +1.506929242e-04
dpp_sv   0   1   2   0   0   1   -2.572674765e-03
dpp_sv   0   1   2   0   0   0   -1.498158040e-04
dpp_sv   0   1   1   2   0   0   -2.228672140e-03
dpp_sv   0   1   1   1   1   0   +9.973503561e-05
dpp_sv   0   1   1   1   0   1   -6.533082706e-03
dpp_sv   0   1   1   1   0   0   +2.752063950e-05
dpp_sv   0   1   1   0   2   0   +3.593090078e-06
dpp_sv   0   1   1   0   1   1   -6.166146571e-05
dpp_sv   0   1   1   0   1   0   -3.459779285e-06
dpp_sv   0   1   1   0   0   2   +2.470845481e-03
dpp_sv   0   1   1   0   0   1   +1.037104358e-04
dpp_sv   0   1   1   0   0   0   +3.873678596e-07
dpp_sv   0   1   0   3   0   0   -1.293057697e-04
dpp_sv   0   1   0   2   1   0   +1.166791582e-06
dpp_sv   0   1   0   2   0   1   +4.199849025e-04
dpp_sv   0   1   0   2   0   0   +9.271490607e-06
dpp_sv   0   1   0   1   2   0   +1.744320787e-06
dpp_sv   0   1   0   1   1   1   +2.045598472e-06
dpp_sv   0   1   0   1   1   0   -9.925298244e-08
dpp_sv   0   1   0   1   0   2   -5.515647657e-04
dpp_sv   0   1   0   1   0   1   +1.478058543e-05
dpp_sv   0   1   0   1   0   0   -1.341878501e-07
dpp_sv   0   1   0   0   3   0   -3.685886748e-07
dpp_sv   0   1   0   0   2   1   +8.278947585e-06
dpp_sv   0   1   0   0   2   0   -6.945165494e-08
dpp_sv   0   1   0   0   1   2   +1.388984975e-04
dpp_sv   0   1   0   0   1   1   -8.861894923e-07
dpp_sv   0   1   0   0   1   0   +8.096700903e-09
dpp_sv   0   1   0   0   0   3   +9.597017408e-04
dpp_sv   0   1   0   0   0   2   -4.590285203e-06
dpp_sv   0   1   0   0   0   1   -3.423680590e-07
dpp_sv   0   1   0   0   0   0   -4.643738061e-11
dpp_sv   0   0   4   0   0   0   +1.721272598e-02
dpp_sv   0   0   3   1   0   0   -7.185818939e-03
dpp_sv   0   0   3   0   1   0   +2.213975856e-04
dpp_sv   0   0   3   0   0   1   -8.051648733e-03
dpp_sv   0   0   3   0   0   0   -6.988997635e-05
dpp_sv   0   0   2   2   0   0   -2.189774714e-03
dpp_sv   0   0   2   1   1   0   -4.483572932e-05
dpp_sv   0   0   2   1   0   1   -8.015047601e-05
dpp_sv   0   0   2   1   0   0   +1.721602798e-04
dpp_sv   0   0   2   0   2   0   -1.168881822e-06
dpp_sv   0   0   2   0   1   1   +6.730707015e-05
dpp_sv   0   0   2   0   1   0   +5.661256368e-06
dpp_sv   0   0   2   0   0   2   -9.545725429e-04
dpp_sv   0   0   2   0   0   1   -1.090577172e-04
dpp_sv   0   0   2   0   0   0   +4.749144441e-07
dpp_sv   0   0   1   3   0   0   +7.116884869e-04
dpp_sv   0   0   1   2   1   0   -2.134042427e-05
dpp_sv   0   0   1   2   0   1   +2.628219611e-03
dpp_sv   0   0   1   2   0   0   -1.724524065e-05
dpp_sv   0   0   1   1   2   0   -1.468572250e-06
dpp_sv   0   0   1   1   1   1   -9.539267012e-05
dpp_sv   0   0   1   1   1   0   +2.377339936e-06
dpp_sv   0   0   1   1   0   2   -9.149143213e-04
dpp_sv   0   0   1   1   0   1   -7.578027733e-05
dpp_sv   0   0   1   1   0   0   -5.074806100e-07
dpp_sv   0   0   1   0   3   0   +4.973812569e-07
dpp_sv   0   0   1   0   2   1   +5.683811826e-06
dpp_sv   0   0   1   0   2   0   +5.581178602e-08
dpp_sv   0   0   1   0   1   2   -1.453078458e-04
dpp_sv   0   0   1   0   1   1   -9.994319624e-07
dpp_sv   0   0   1   0   1   0   -7.957130490e-08
dpp_sv   0   0   1   0   0   3   -1.859188387e-03
dpp_sv   0   0   1   0   0   2   +1.334716747e-04
dpp_sv   0   0   1   0   0   1   +1.266773603e-08
dpp_sv   0   0   1   0   0   0   -1.366322874e-09
dpp_sv   0   0   0   4   0   0   +3.426563849e-05
dpp_sv   0   0   0   3   1   0   -9.830719931e-07
dpp_sv   0   0   0   3   0   1   -1.245338638e-04
dpp_sv   0   0   0   3   0   0   -3.494373709e-06
dpp_sv   0   0   0   2   2   0   -9.576573073e-07
dpp_sv   0   0   0   2   1   1   +6.084841255e-07
dpp_sv   0   0   0   2   1   0   +3.347051621e-09
dpp_sv   0   0   0   2   0   2   +2.184135138e-04
dpp_sv   0   0   0   2   0   1   -5.611062484e-06
dpp_sv   0   0   0   2   0   0   +6.531950867e-08
dpp_sv   0   0   0   1   3   0   +2.275560706e-07
dpp_sv   0   0   0   1   2   1   -3.590641221e-06
dpp_sv   0   0   0   1   2   0   +2.176782926e-08
dpp_sv   0   0   0   1   1   2   -8.391418402e-05
dpp_sv   0   0   0   1   1   1   +1.048799041e-06
dpp_sv   0   0   0   1   1   0   -6.243740771e-09
dpp_sv   0   0   0   1   0   3   +4.157838569e-05
dpp_sv   0   0   0   1   0   2   -5.153082522e-06
dpp_sv   0   0   0   1   0   1   +2.861852815e-07
dpp_sv   0   0   0   1   0   0   +2.411262984e-10
dpp_sv   0   0   0   0   4   0   +3.992901838e-10
dpp_sv   0   0   0   0   3   1   +3.264078552e-07
dpp_sv   0   0   0   0   3   0   -5.432566219e-09
dpp_sv   0   0   0   0   2   2   +1.431366980e-05
dpp_sv   0   0   0   0   2   1   -5.538422040e-08
dpp_sv   0   0   0   0   2   0   -3.709572237e-10
dpp_sv   0   0   0   0   1   3   +3.538856065e-03
dpp_sv   0   0   0   0   1   2   -4.197980062e-05
dpp_sv   0   0   0   0   1   1   +1.689266403e-07
dpp_sv   0   0   0   0   1   0   +1.000000000e+00
dpp_sv   0   0   0   0   0   4   +3.937988457e-02
dpp_sv   0   0   0   0   0   3   -6.093756523e-04
dpp_sv   0   0   0   0   0   2   +3.188614186e-06
dpp_sv   0   0   0   0   0   1   -7.987486950e-09
dpp_sv   0   0   0   0   0   0   +8.310815056e-12
dxdz_sv   4   0   0   0   0   0   -6.598541818e+05
dxdz_sv   3   1   0   0   0   0   +5.137070618e+05
dxdz_sv   3   0   1   0   0   0   +2.044651600e+06
dxdz_sv   3   0   0   1   0   0   -2.097271393e+05
dxdz_sv   3   0   0   0   1   0   +2.914358860e+04
dxdz_sv   3   0   0   0   0   1   -3.324531956e+06
dxdz_sv   3   0   0   0   0   0   +9.024921287e+03
dxdz_sv   2   2   0   0   0   0   -1.074472783e+05
dxdz_sv   2   1   1   0   0   0   -1.225812063e+06
dxdz_sv   2   1   0   1   0   0   +7.115621389e+04
dxdz_sv   2   1   0   0   1   0   -2.849256185e+04
dxdz_sv   2   1   0   0   0   1   +1.098994491e+06
dxdz_sv   2   1   0   0   0   0   -2.345491502e+03
dxdz_sv   2   0   2   0   0   0   -2.327654782e+06
dxdz_sv   2   0   1   1   0   0   +4.364488512e+05
dxdz_sv   2   0   1   0   1   0   -6.551412350e+04
dxdz_sv   2   0   1   0   0   1   +7.863149646e+06
dxdz_sv   2   0   1   0   0   0   -2.892507706e+04
dxdz_sv   2   0   0   2   0   0   -1.041665327e+05
dxdz_sv   2   0   0   1   1   0   +7.483217034e+03
dxdz_sv   2   0   0   1   0   1   -8.747068108e+05
dxdz_sv   2   0   0   1   0   0   -6.255839919e+03
dxdz_sv   2   0   0   0   2   0   +8.367024210e+02
dxdz_sv   2   0   0   0   1   1   -8.780911103e+04
dxdz_sv   2   0   0   0   1   0   +2.829273209e+02
dxdz_sv   2   0   0   0   0   2   +6.833415948e+05
dxdz_sv   2   0   0   0   0   1   -3.306326851e+04
dxdz_sv   2   0   0   0   0   0   -7.600158362e+01
dxdz_sv   1   3   0   0   0   0   -1.392301426e+05
dxdz_sv   1   2   1   0   0   0   +1.714532656e+05
dxdz_sv   1   2   0   1   0   0   +2.939509593e+05
dxdz_sv   1   2   0   0   1   0   -6.847481790e+03
dxdz_sv   1   2   0   0   0   1   +5.786090411e+05
dxdz_sv   1   2   0   0   0   0   -7.115354939e+03
dxdz_sv   1   1   2   0   0   0   +1.040887844e+06
dxdz_sv   1   1   1   1   0   0   -1.087419286e+04
dxdz_sv   1   1   1   0   1   0   +4.104961702e+04
dxdz_sv   1   1   1   0   0   1   -1.584979660e+06
dxdz_sv   1   1   1   0   0   0   +7.824655016e+03
dxdz_sv   1   1   0   2   0   0   -2.361876874e+05
dxdz_sv   1   1   0   1   1   0   +1.464927614e+04
dxdz_sv   1   1   0   1   0   1   -8.912818801e+05
dxdz_sv   1   1   0   1   0   0   +9.223875785e+03
dxdz_sv   1   1   0   0   2   0   -3.484284007e+02
dxdz_sv   1   1   0   0   1   1   -1.106107679e+04
dxdz_sv   1   1   0   0   1   0   -2.988781282e+02
dxdz_sv   1   1   0   0   0   2   -2.813309632e+05
dxdz_sv   1   1   0   0   0   1   +1.483192592e+04
dxdz_sv   1   1   0   0   0   0   -6.554722894e+01
dxdz_sv   1   0   3   0   0   0   +1.158480891e+06
dxdz_sv   1   0   2   1   0   0   -3.618767697e+05
dxdz_sv   1   0   2   0   1   0   +4.830939928e+04
dxdz_sv   1   0   2   0   0   1   -6.095622848e+06
dxdz_sv   1   0   2   0   0   0   +2.832582820e+04
dxdz_sv   1   0   1   2   0   0   +8.945981252e+04
dxdz_sv   1   0   1   1   1   0   -7.661336156e+03
dxdz_sv   1   0   1   1   0   1   +1.235733780e+06
dxdz_sv   1   0   1   1   0   0   +6.360256562e+03
dxdz_sv   1   0   1   0   2   0   -1.170096111e+03
dxdz_sv   1   0   1   0   1   1   +1.320531189e+05
dxdz_sv   1   0   1   0   1   0   -2.995414709e+02
dxdz_sv   1   0   1   0   0   2   -1.211531989e+06
dxdz_sv   1   0   1   0   0   1   +5.031598645e+04
dxdz_sv   1   0   1   0   0   0   +1.156707960e+02
dxdz_sv   1   0   0   3   0   0   +6.852493940e+04
dxdz_sv   1   0   0   2   1   0   +3.152200755e+03
dxdz_sv   1   0   0   2   0   1   +4.412123815e+05
dxdz_sv   1   0   0   2   0   0   -2.695766129e+03
dxdz_sv   1   0   0   1   2   0   -5.739993726e+02
dxdz_sv   1   0   0   1   1   1   +5.552866689e+03
dxdz_sv   1   0   0   1   1   0   +1.018476799e+03
dxdz_sv   1   0   0   1   0   2   +1.115133100e+06
dxdz_sv   1   0   0   1   0   1   -1.471970550e+04
dxdz_sv   1   0   0   1   0   0   +3.382316488e-01
dxdz_sv   1   0   0   0   3   0   +6.770552235e+02
dxdz_sv   1   0   0   0   2   1   +7.002205509e+03
dxdz_sv   1   0   0   0   2   0   -6.152195356e+01
dxdz_sv   1   0   0   0   1   2   -2.917220071e+04
dxdz_sv   1   0   0   0   1   1   +4.293999353e+02
dxdz_sv   1   0   0   0   1   0   +4.853659052e+00
dxdz_sv   1   0   0   0   0   3   -3.078807788e+05
dxdz_sv   1   0   0   0   0   2   +6.282566296e+04
dxdz_sv   1   0   0   0   0   1   -4.714274684e+02
dxdz_sv   1   0   0   0   0   0   +7.069982264e-01
dxdz_sv   0   4   0   0   0   0   +5.544142652e+03
dxdz_sv   0   3   1   0   0   0   +1.270263493e+05
dxdz_sv   0   3   0   1   0   0   -4.313731197e+03
dxdz_sv   0   3   0   0   1   0   +2.098415365e+02
dxdz_sv   0   3   0   0   0   1   +1.218501415e+04
dxdz_sv   0   3   0   0   0   0   -1.404934636e+02
dxdz_sv   0   2   2   0   0   0   -9.497585112e+04
dxdz_sv   0   2   1   1   0   0   -2.614362866e+05
dxdz_sv   0   2   1   0   1   0   +6.968582492e+03
dxdz_sv   0   2   1   0   0   1   -4.024686544e+05
dxdz_sv   0   2   1   0   0   0   +5.853617665e+03
dxdz_sv   0   2   0   2   0   0   -1.610681712e+04
dxdz_sv   0   2   0   1   1   0   -1.464888269e+03
dxdz_sv   0   2   0   1   0   1   -4.852483527e+04
dxdz_sv   0   2   0   1   0   0   +5.232135536e+02
dxdz_sv   0   2   0   0   2   0   +3.712971185e+01
dxdz_sv   0   2   0   0   1   1   +8.054624551e+03
dxdz_sv   0   2   0   0   1   0   -5.381476401e+01
dxdz_sv   0   2   0   0   0   2   -4.336830844e+04
dxdz_sv   0   2   0   0   0   1   +1.287678124e+03
dxdz_sv   0   2   0   0   0   0   -1.387380591e+01
dxdz_sv   0   1   3   0   0   0   -2.994212055e+05
dxdz_sv   0   1   2   1   0   0   +2.609122119e+04
dxdz_sv   0   1   2   0   1   0   -1.577330251e+04
dxdz_sv   0   1   2   0   0   1   +5.930355793e+05
dxdz_sv   0   1   2   0   0   0   -4.895606700e+03
dxdz_sv   0   1   1   2   0   0   +1.641405383e+05
dxdz_sv   0   1   1   1   1   0   -2.192585808e+04
dxdz_sv   0   1   1   1   0   1   +5.882452615e+05
dxdz_sv   0   1   1   1   0   0   -7.389035045e+03
dxdz_sv   0   1   1   0   2   0   +4.767191408e+02
dxdz_sv   0   1   1   0   1   1   -1.961130422e+03
dxdz_sv   0   1   1   0   1   0   +2.125708380e+02
dxdz_sv   0   1   1   0   0   2   -4.317968832e+05
dxdz_sv   0   1   1   0   0   1   -7.681927563e+03
dxdz_sv   0   1   1   0   0   0   +5.120052968e+01
dxdz_sv   0   1   0   3   0   0   +1.987105679e+04
dxdz_sv   0   1   0   2   1   0   -2.083352945e+00
dxdz_sv   0   1   0   2   0   1   +5.392030308e+04
dxdz_sv   0   1   0   2   0   0   -8.973897965e+02
dxdz_sv   0   1   0   1   2   0   -3.202362393e+02
dxdz_sv   0   1   0   1   1   1   -6.834775390e+03
dxdz_sv   0   1   0   1   1   0   +1.372765045e+01
dxdz_sv   0   1   0   1   0   2   +3.856100114e+04
dxdz_sv   0   1   0   1   0   1   -3.351337229e+03
dxdz_sv   0   1   0   1   0   0   +1.902947980e+01
dxdz_sv   0   1   0   0   3   0   -1.093156504e+02
dxdz_sv   0   1   0   0   2   1   +5.216082536e+03
dxdz_sv   0   1   0   0   2   0   -2.308190932e+01
dxdz_sv   0   1   0   0   1   2   -5.537394639e+03
dxdz_sv   0   1   0   0   1   1   +1.860422208e+02
dxdz_sv   0   1   0   0   1   0   -1.542375913e+00
dxdz_sv   0   1   0   0   0   3   -4.316132658e+04
dxdz_sv   0   1   0   0   0   2   -1.508429811e+03
dxdz_sv   0   1   0   0   0   1   +1.614025422e+01
dxdz_sv   0   1   0   0   0   0   -1.031860712e-01
dxdz_sv   0   0   4   0   0   0   -2.135367799e+05
dxdz_sv   0   0   3   1   0   0   +1.079095654e+05
dxdz_sv   0   0   3   0   1   0   -1.164271619e+04
dxdz_sv   0   0   3   0   0   1   +1.545821338e+06
dxdz_sv   0   0   3   0   0   0   -8.653656648e+03
dxdz_sv   0   0   2   2   0   0   -3.705081396e+04
dxdz_sv   0   0   2   1   1   0   +2.429543131e+03
dxdz_sv   0   0   2   1   0   1   -4.607721684e+05
dxdz_sv   0   0   2   1   0   0   -7.934052422e+02
dxdz_sv   0   0   2   0   2   0   +3.488451977e+02
dxdz_sv   0   0   2   0   1   1   -4.875310062e+04
dxdz_sv   0   0   2   0   1   0   +4.763044909e+01
dxdz_sv   0   0   2   0   0   2   +5.060436879e+05
dxdz_sv   0   0   2   0   0   1   -1.817485086e+04
dxdz_sv   0   0   2   0   0   0   -4.819599587e+01
dxdz_sv   0   0   1   3   0   0   -2.332614374e+04
dxdz_sv   0   0   1   2   1   0   +5.128413562e+03
dxdz_sv   0   0   1   2   0   1   -2.802980451e+05
dxdz_sv   0   0   1   2   0   0   +1.813902255e+03
dxdz_sv   0   0   1   1   2   0   +2.119325402e+02
dxdz_sv   0   0   1   1   1   1   +5.072377813e+03
dxdz_sv   0   0   1   1   1   0   -8.477862186e+02
dxdz_sv   0   0   1   1   0   2   -4.267585613e+05
dxdz_sv   0   0   1   1   0   1   +9.015740910e+03
dxdz_sv   0   0   1   1   0   0   -2.975025906e+00
dxdz_sv   0   0   1   0   3   0   -5.435715837e+02
dxdz_sv   0   0   1   0   2   1   -4.051405591e+03
dxdz_sv   0   0   1   0   2   0   +4.245937963e+01
dxdz_sv   0   0   1   0   1   2   +2.360677859e+04
dxdz_sv   0   0   1   0   1   1   -4.075669227e+02
dxdz_sv   0   0   1   0   1   0   -3.856547211e+00
dxdz_sv   0   0   1   0   0   3   +2.117385556e+05
dxdz_sv   0   0   1   0   0   2   -5.571563163e+04
dxdz_sv   0   0   1   0   0   1   +3.952401804e+02
dxdz_sv   0   0   1   0   0   0   +3.799067304e-01
dxdz_sv   0   0   0   4   0   0   -7.109695344e+03
dxdz_sv   0   0   0   3   1   0   +2.848883091e+02
dxdz_sv   0   0   0   3   0   1   -2.326610130e+04
dxdz_sv   0   0   0   3   0   0   +3.966882479e+02
dxdz_sv   0   0   0   2   2   0   +1.664796820e+02
dxdz_sv   0   0   0   2   1   1   +9.357915448e+02
dxdz_sv   0   0   0   2   1   0   +1.687904631e+01
dxdz_sv   0   0   0   2   0   2   -4.159054573e+03
dxdz_sv   0   0   0   2   0   1   +1.526302735e+03
dxdz_sv   0   0   0   2   0   0   -4.478895844e+00
dxdz_sv   0   0   0   1   3   0   -2.531214568e+01
dxdz_sv   0   0   0   1   2   1   -1.766473389e+03
dxdz_sv   0   0   0   1   2   0   +1.921009785e+00
dxdz_sv   0   0   0   1   1   2   +3.857977732e+03
dxdz_sv   0   0   0   1   1   1   -1.429799827e+02
dxdz_sv   0   0   0   1   1   0   +3.065507855e+00
dxdz_sv   0   0   0   1   0   3   +3.587398123e+04
dxdz_sv   0   0   0   1   0   2   +2.728363962e+03
dxdz_sv   0   0   0   1   0   1   -2.079654340e+01
dxdz_sv   0   0   0   1   0   0   -1.697489245e-02
dxdz_sv   0   0   0   0   4   0   -1.896496896e+00
dxdz_sv   0   0   0   0   3   1   +8.908557770e+01
dxdz_sv   0   0   0   0   3   0   -7.119732759e-01
dxdz_sv   0   0   0   0   2   2   -3.992664032e+03
dxdz_sv   0   0   0   0   2   1   +1.337957031e+02
dxdz_sv   0   0   0   0   2   0   -5.841919357e-01
dxdz_sv   0   0   0   0   1   3   +2.096301260e+04
dxdz_sv   0   0   0   0   1   2   -3.390619060e+02
dxdz_sv   0   0   0   0   1   1   +2.740041698e+00
dxdz_sv   0   0   0   0   1   0   +1.170083313e-02
dxdz_sv   0   0   0   0   0   4   -2.674473524e+06
dxdz_sv   0   0   0   0   0   3   +3.826019181e+04
dxdz_sv   0   0   0   0   0   2   -5.068459879e+01
dxdz_sv   0   0   0   0   0   1   -4.745092542e-01
dxdz_sv   0   0   0   0   0   0   +1.570678969e-03
dydz_sv   4   0   0   0   0   0   -7.288784360e+05
dydz_sv   3   1   0   0   0   0   +1.940547211e+05
dydz_sv   3   0   1   0   0   0   +2.320802616e+06
dydz_sv   3   0   0   1   0   0   -9.365270858e+05
dydz_sv   3   0   0   0   1   0   -1.811965396e+04
dydz_sv   3   0   0   0   0   1   +1.086678622e+05
dydz_sv   3   0   0   0   0   0   -2.161915248e+04
dydz_sv   2   2   0   0   0   0   +2.356836912e+05
dydz_sv   2   1   1   0   0   0   -4.302537628e+05
dydz_sv   2   1   0   1   0   0   -3.527169868e+04
dydz_sv   2   1   0   0   1   0   -4.694659742e+03
dydz_sv   2   1   0   0   0   1   -1.331669271e+05
dydz_sv   2   1   0   0   0   0   +1.168366084e+04
dydz_sv   2   0   2   0   0   0   -2.734875314e+06
dydz_sv   2   0   1   1   0   0   +2.142357994e+06
dydz_sv   2   0   1   0   1   0   +4.341283952e+04
dydz_sv   2   0   1   0   0   1   -2.765591643e+05
dydz_sv   2   0   1   0   0   0   +4.873836669e+04
dydz_sv   2   0   0   2   0   0   -1.573287776e+05
dydz_sv   2   0   0   1   1   0   +6.802156612e+03
dydz_sv   2   0   0   1   0   1   +1.787669149e+05
dydz_sv   2   0   0   1   0   0   -1.240889318e+04
dydz_sv   2   0   0   0   2   0   -9.540467506e+02
dydz_sv   2   0   0   0   1   1   +2.786777285e+04
dydz_sv   2   0   0   0   1   0   -9.806774527e+02
dydz_sv   2   0   0   0   0   2   +9.840489356e+05
dydz_sv   2   0   0   0   0   1   -1.927985242e+04
dydz_sv   2   0   0   0   0   0   +6.314543534e+01
dydz_sv   1   3   0   0   0   0   +1.939595981e+04
dydz_sv   1   2   1   0   0   0   -3.929638122e+05
dydz_sv   1   2   0   1   0   0   -2.717501389e+03
dydz_sv   1   2   0   0   1   0   +3.493600677e+02
dydz_sv   1   2   0   0   0   1   +9.807848504e+04
dydz_sv   1   2   0   0   0   0   +4.283614526e+03
dydz_sv   1   1   2   0   0   0   +3.385776485e+05
dydz_sv   1   1   1   1   0   0   +6.759130472e+04
dydz_sv   1   1   1   0   1   0   +1.733346198e+04
dydz_sv   1   1   1   0   0   1   +3.919950015e+05
dydz_sv   1   1   1   0   0   0   -2.127971214e+04
dydz_sv   1   1   0   2   0   0   -3.446484387e+04
dydz_sv   1   1   0   1   1   0   -2.073746900e+03
dydz_sv   1   1   0   1   0   1   -2.035280101e+05
dydz_sv   1   1   0   1   0   0   -1.305235894e+03
dydz_sv   1   1   0   0   2   0   +4.686263471e+02
dydz_sv   1   1   0   0   1   1   +2.980486059e+03
dydz_sv   1   1   0   0   1   0   -7.544240457e-01
dydz_sv   1   1   0   0   0   2   -1.050596058e+05
dydz_sv   1   1   0   0   0   1   +1.297117270e+03
dydz_sv   1   1   0   0   0   0   +1.428899051e+02
dydz_sv   1   0   3   0   0   0   +1.414914094e+06
dydz_sv   1   0   2   1   0   0   -1.625662183e+06
dydz_sv   1   0   2   0   1   0   -3.427624841e+04
dydz_sv   1   0   2   0   0   1   +2.194783925e+05
dydz_sv   1   0   2   0   0   0   -3.587798479e+04
dydz_sv   1   0   1   2   0   0   +2.284770030e+05
dydz_sv   1   0   1   1   1   0   -1.838929542e+04
dydz_sv   1   0   1   1   0   1   -4.095651409e+05
dydz_sv   1   0   1   1   0   0   +2.080012278e+04
dydz_sv   1   0   1   0   2   0   +8.459546041e+02
dydz_sv   1   0   1   0   1   1   -4.199069297e+04
dydz_sv   1   0   1   0   1   0   +1.609350262e+03
dydz_sv   1   0   1   0   0   2   -1.462354739e+06
dydz_sv   1   0   1   0   0   1   +3.153158855e+04
dydz_sv   1   0   1   0   0   0   -1.435664850e+02
dydz_sv   1   0   0   3   0   0   -7.799438259e+03
dydz_sv   1   0   0   2   1   0   -2.187483391e+03
dydz_sv   1   0   0   2   0   1   +1.104636629e+05
dydz_sv   1   0   0   2   0   0   -2.592192625e+03
dydz_sv   1   0   0   1   2   0   -1.048515574e+03
dydz_sv   1   0   0   1   1   1   +5.629443597e+03
dydz_sv   1   0   0   1   1   0   -2.804208684e+02
dydz_sv   1   0   0   1   0   2   +7.438629172e+04
dydz_sv   1   0   0   1   0   1   -4.386741900e+03
dydz_sv   1   0   0   1   0   0   -7.807381440e+01
dydz_sv   1   0   0   0   3   0   -8.337606895e+02
dydz_sv   1   0   0   0   2   1   -1.832648327e+03
dydz_sv   1   0   0   0   2   0   -2.424059895e+01
dydz_sv   1   0   0   0   1   2   +2.800994595e+04
dydz_sv   1   0   0   0   1   1   -5.938528823e+01
dydz_sv   1   0   0   0   1   0   -5.843748710e+00
dydz_sv   1   0   0   0   0   3   +8.049419429e+04
dydz_sv   1   0   0   0   0   2   +7.745688118e+03
dydz_sv   1   0   0   0   0   1   -1.241785285e+02
dydz_sv   1   0   0   0   0   0   +1.308002325e+00
dydz_sv   0   4   0   0   0   0   -9.958752974e+03
dydz_sv   0   3   1   0   0   0   -4.752029838e+04
dydz_sv   0   3   0   1   0   0   +3.208706059e+04
dydz_sv   0   3   0   0   1   0   -1.779582816e+03
dydz_sv   0   3   0   0   0   1   +3.065328054e+04
dydz_sv   0   3   0   0   0   0   -5.138600050e+02
dydz_sv   0   2   2   0   0   0   +1.660607687e+05
dydz_sv   0   2   1   1   0   0   +4.101174522e+04
dydz_sv   0   2   1   0   1   0   -8.824692270e+02
dydz_sv   0   2   1   0   0   1   -7.908825431e+04
dydz_sv   0   2   1   0   0   0   -4.827418065e+03
dydz_sv   0   2   0   2   0   0   -3.499801100e+04
dydz_sv   0   2   0   1   1   0   +4.381685395e+03
dydz_sv   0   2   0   1   0   1   -8.222856270e+04
dydz_sv   0   2   0   1   0   0   +1.522796122e+03
dydz_sv   0   2   0   0   2   0   -1.843982586e+02
dydz_sv   0   2   0   0   1   1   -1.533583305e+03
dydz_sv   0   2   0   0   1   0   -3.056600637e+01
dydz_sv   0   2   0   0   0   2   -2.426954897e+04
dydz_sv   0   2   0   0   0   1   +1.074663786e+03
dydz_sv   0   2   0   0   0   0   +3.116292511e+00
dydz_sv   0   1   3   0   0   0   -9.303714088e+04
dydz_sv   0   1   2   1   0   0   -4.863330877e+04
dydz_sv   0   1   2   0   1   0   -1.004603103e+04
dydz_sv   0   1   2   0   0   1   -2.221692597e+05
dydz_sv   0   1   2   0   0   0   +9.511223716e+03
dydz_sv   0   1   1   2   0   0   +2.505889785e+04
dydz_sv   0   1   1   1   1   0   +4.954352311e+03
dydz_sv   0   1   1   1   0   1   +2.136798864e+05
dydz_sv   0   1   1   1   0   0   +2.353570884e+03
dydz_sv   0   1   1   0   2   0   +7.653745417e+01
dydz_sv   0   1   1   0   1   1   -3.055714114e+03
dydz_sv   0   1   1   0   1   0   +4.517264676e+01
dydz_sv   0   1   1   0   0   2   +4.490162824e+04
dydz_sv   0   1   1   0   0   1   -5.646163455e+02
dydz_sv   0   1   1   0   0   0   -1.380314330e+02
dydz_sv   0   1   0   3   0   0   +1.704848990e+04
dydz_sv   0   1   0   2   1   0   -2.866463228e+03
dydz_sv   0   1   0   2   0   1   +5.128122310e+04
dydz_sv   0   1   0   2   0   0   -1.203202792e+03
dydz_sv   0   1   0   1   2   0   -1.365851525e+01
dydz_sv   0   1   0   1   1   1   +2.988706196e+03
dydz_sv   0   1   0   1   1   0   +6.593300785e+01
dydz_sv   0   1   0   1   0   2   +6.329342459e+04
dydz_sv   0   1   0   1   0   1   -2.729704402e+03
dydz_sv   0   1   0   1   0   0   +1.536736397e+01
dydz_sv   0   1   0   0   3   0   +6.892372708e+01
dydz_sv   0   1   0   0   2   1   -2.687797252e+02
dydz_sv   0   1   0   0   2   0   -5.538799340e+00
dydz_sv   0   1   0   0   1   2   +1.223899343e+04
dydz_sv   0   1   0   0   1   1   -1.278592300e+02
dydz_sv   0   1   0   0   1   0   +5.276271010e-01
dydz_sv   0   1   0   0   0   3   +5.932707567e+04
dydz_sv   0   1   0   0   0   2   -1.330926156e+03
dydz_sv   0   1   0   0   0   1   +5.494205882e+00
dydz_sv   0   1   0   0   0   0   +3.564347211e-01
dydz_sv   0   0   4   0   0   0   -2.712002509e+05
dydz_sv   0   0   3   1   0   0   +4.077114375e+05
dydz_sv   0   0   3   0   1   0   +8.884857559e+03
dydz_sv   0   0   3   0   0   1   -5.643094286e+04
dydz_sv   0   0   3   0   0   0   +8.608103847e+03
dydz_sv   0   0   2   2   0   0   -7.080886053e+04
dydz_sv   0   0   2   1   1   0   +9.644021717e+03
dydz_sv   0   0   2   1   0   1   +2.065754464e+05
dydz_sv   0   0   2   1   0   0   -8.721671161e+03
dydz_sv   0   0   2   0   2   0   -6.743368767e+01
dydz_sv   0   0   2   0   1   1   +1.515113521e+04
dydz_sv   0   0   2   0   1   0   -6.496926113e+02
dydz_sv   0   0   2   0   0   2   +5.325982126e+05
dydz_sv   0   0   2   0   0   1   -1.278054233e+04
dydz_sv   0   0   2   0   0   0   +7.439154882e+01
dydz_sv   0   0   1   3   0   0   -2.024219039e+02
dydz_sv   0   0   1   2   1   0   -7.710592624e+02
dydz_sv   0   0   1   2   0   1   -1.246965332e+05
dydz_sv   0   0   1   2   0   0   +1.840598289e+03
dydz_sv   0   0   1   1   2   0   +5.159561913e+02
dydz_sv   0   0   1   1   1   1   -4.610180506e+03
dydz_sv   0   0   1   1   1   0   +2.033445864e+02
dydz_sv   0   0   1   1   0   2   +4.313353357e+04
dydz_sv   0   0   1   1   0   1   +2.913876920e+03
dydz_sv   0   0   1   1   0   0   +7.594181377e+01
dydz_sv   0   0   1   0   3   0   +6.547334533e+02
dydz_sv   0   0   1   0   2   1   +1.298546107e+03
dydz_sv   0   0   1   0   2   0   +2.140298363e+01
dydz_sv   0   0   1   0   1   2   -2.172893719e+04
dydz_sv   0   0   1   0   1   1   +7.052851855e+01
dydz_sv   0   0   1   0   1   0   +4.872266712e+00
dydz_sv   0   0   1   0   0   3   -8.034131835e+04
dydz_sv   0   0   1   0   0   2   -4.921057195e+03
dydz_sv   0   0   1   0   0   1   +9.484749626e+01
dydz_sv   0   0   1   0   0   0   -1.192243521e+00
dydz_sv   0   0   0   4   0   0   -4.221478638e+03
dydz_sv   0   0   0   3   1   0   +3.081094221e+02
dydz_sv   0   0   0   3   0   1   -9.179726522e+03
dydz_sv   0   0   0   3   0   0   +1.722393347e+02
dydz_sv   0   0   0   2   2   0   +3.373522402e+01
dydz_sv   0   0   0   2   1   1   +1.395935399e+03
dydz_sv   0   0   0   2   1   0   -4.889415250e+01
dydz_sv   0   0   0   2   0   2   -7.380337562e+04
dydz_sv   0   0   0   2   0   1   +1.548440352e+03
dydz_sv   0   0   0   2   0   0   -1.514001584e+01
dydz_sv   0   0   0   1   3   0   -5.504961917e+01
dydz_sv   0   0   0   1   2   1   -2.026596027e+02
dydz_sv   0   0   0   1   2   0   -2.537118451e+00
dydz_sv   0   0   0   1   1   2   +2.482113478e+03
dydz_sv   0   0   0   1   1   1   +1.161160352e+02
dydz_sv   0   0   0   1   1   0   -1.155106532e+00
dydz_sv   0   0   0   1   0   3   -8.316646771e+04
dydz_sv   0   0   0   1   0   2   +8.094280404e+02
dydz_sv   0   0   0   1   0   1   -1.408415898e+01
dydz_sv   0   0   0   1   0   0   +8.605664775e-01
dydz_sv   0   0   0   0   4   0   -6.277960183e+00
dydz_sv   0   0   0   0   3   1   -2.889087253e+02
dydz_sv   0   0   0   0   3   0   -6.110506921e-01
dydz_sv   0   0   0   0   2   2   -1.178666046e+03
dydz_sv   0   0   0   0   2   1   -1.159477269e+00
dydz_sv   0   0   0   0   2   0   -1.075277546e-01
dydz_sv   0   0   0   0   1   3   -9.315430828e+03
dydz_sv   0   0   0   0   1   2   +3.767587303e+02
dydz_sv   0   0   0   0   1   1   -2.183341276e+00
dydz_sv   0   0   0   0   1   0   -3.545522483e-03
dydz_sv   0   0   0   0   0   4   -4.782208315e+05
dydz_sv   0   0   0   0   0   3   +7.564567911e+03
dydz_sv   0   0   0   0   0   2   -3.302869760e+01
dydz_sv   0   0   0   0   0   1   -1.271669041e-01
dydz_sv   0   0   0   0   0   0   +3.262639843e-03
x_sv   4   0   0   0   0   0   -9.357931128e+05
x_sv   3   1   0   0   0   0   +1.337047591e+06
x_sv   3   0   1   0   0   0   +2.827322267e+06
x_sv   3   0   0   1   0   0   -7.564620187e+05
x_sv   3   0   0   0   1   0   +5.180134571e+04
x_sv   3   0   0   0   0   1   -3.072310423e+06
x_sv   3   0   0   0   0   0   -1.760265426e+04
x_sv   2   2   0   0   0   0   -5.901227656e+05
x_sv   2   1   1   0   0   0   -2.457804633e+06
x_sv   2   1   0   1   0   0   +6.384364062e+05
x_sv   2   1   0   0   1   0   -2.953636637e+04
x_sv   2   1   0   0   0   1   +5.449197136e+05
x_sv   2   1   0   0   0   0   +1.690134186e+03
x_sv   2   0   2   0   0   0   -3.133426287e+06
x_sv   2   0   1   1   0   0   +1.125785518e+06
x_sv   2   0   1   0   1   0   -1.151908312e+05
x_sv   2   0   1   0   0   1   +7.322773900e+06
x_sv   2   0   1   0   0   0   +3.608532189e+04
x_sv   2   0   0   2   0   0   -2.322169566e+05
x_sv   2   0   0   1   1   0   +1.101979586e+03
x_sv   2   0   0   1   0   1   -5.647972116e+05
x_sv   2   0   0   1   0   0   -7.699651418e+03
x_sv   2   0   0   0   2   0   +1.679234303e+03
x_sv   2   0   0   0   1   1   -5.273522968e+04
x_sv   2   0   0   0   1   0   -1.272755379e+02
x_sv   2   0   0   0   0   2   +4.422796605e+05
x_sv   2   0   0   0   0   1   -4.015806371e+04
x_sv   2   0   0   0   0   0   -1.822975099e+02
x_sv   1   3   0   0   0   0   -1.485813347e+05
x_sv   1   2   1   0   0   0   +8.164389404e+05
x_sv   1   2   0   1   0   0   +4.198817787e+05
x_sv   1   2   0   0   1   0   -1.643252167e+04
x_sv   1   2   0   0   0   1   +6.269076746e+05
x_sv   1   2   0   0   0   0   -8.867982899e+03
x_sv   1   1   2   0   0   0   +1.443158469e+06
x_sv   1   1   1   1   0   0   -7.082413657e+05
x_sv   1   1   1   0   1   0   +4.785613604e+04
x_sv   1   1   1   0   0   1   -6.441812724e+05
x_sv   1   1   1   0   0   0   +4.124707122e+03
x_sv   1   1   0   2   0   0   -4.280721134e+05
x_sv   1   1   0   1   1   0   +3.259812034e+04
x_sv   1   1   0   1   0   1   -9.455257006e+05
x_sv   1   1   0   1   0   0   +1.225492511e+04
x_sv   1   1   0   0   2   0   -3.678631639e+02
x_sv   1   1   0   0   1   1   -1.843923691e+04
x_sv   1   1   0   0   1   0   -1.848192085e+02
x_sv   1   1   0   0   0   2   -1.410791879e+05
x_sv   1   1   0   0   0   1   +1.009963115e+04
x_sv   1   1   0   0   0   0   -1.470675502e+01
x_sv   1   0   3   0   0   0   +1.513274474e+06
x_sv   1   0   2   1   0   0   -4.428963573e+05
x_sv   1   0   2   0   1   0   +8.405326668e+04
x_sv   1   0   2   0   0   1   -5.709285562e+06
x_sv   1   0   2   0   0   0   -2.423533048e+04
x_sv   1   0   1   2   0   0   +2.151348339e+05
x_sv   1   0   1   1   1   0   -2.691316378e+03
x_sv   1   0   1   1   0   1   +7.063768342e+05
x_sv   1   0   1   1   0   0   +7.290351052e+03
x_sv   1   0   1   0   2   0   -2.582634191e+03
x_sv   1   0   1   0   1   1   +7.674669846e+04
x_sv   1   0   1   0   1   0   +1.878217820e+02
x_sv   1   0   1   0   0   2   -9.303048803e+05
x_sv   1   0   1   0   0   1   +6.382108095e+04
x_sv   1   0   1   0   0   0   +2.967779299e+02
x_sv   1   0   0   3   0   0   +1.261415828e+05
x_sv   1   0   0   2   1   0   -4.417058027e+03
x_sv   1   0   0   2   0   1   +4.236569961e+05
x_sv   1   0   0   2   0   0   -5.064057519e+03
x_sv   1   0   0   1   2   0   -9.228231967e+02
x_sv   1   0   0   1   1   1   +1.105008052e+04
x_sv   1   0   0   1   1   0   +9.648945310e+02
x_sv   1   0   0   1   0   2   +7.160148415e+05
x_sv   1   0   0   1   0   1   -1.347713777e+04
x_sv   1   0   0   1   0   0   -1.359537021e+01
x_sv   1   0   0   0   3   0   +4.155220940e+02
x_sv   1   0   0   0   2   1   +6.499781640e+03
x_sv   1   0   0   0   2   0   -1.410515054e+02
x_sv   1   0   0   0   1   2   -1.109416545e+04
x_sv   1   0   0   0   1   1   +8.531972810e+01
x_sv   1   0   0   0   1   0   +6.256334992e+00
x_sv   1   0   0   0   0   3   -3.583430849e+05
x_sv   1   0   0   0   0   2   +3.976859900e+04
x_sv   1   0   0   0   0   1   -4.145898254e+02
x_sv   1   0   0   0   0   0   +8.580854604e-01
x_sv   0   4   0   0   0   0   +1.774822007e+04
x_sv   0   3   1   0   0   0   +9.601069569e+04
x_sv   0   3   0   1   0   0   -4.326905319e+04
x_sv   0   3   0   0   1   0   +1.487601293e+03
x_sv   0   3   0   0   0   1   -3.426269697e+04
x_sv   0   3   0   0   0   0   +4.505961339e+02
x_sv   0   2   2   0   0   0   -3.048117161e+05
x_sv   0   2   1   1   0   0   -2.681660132e+05
x_sv   0   2   1   0   1   0   +1.132413445e+04
x_sv   0   2   1   0   0   1   -4.256204482e+05
x_sv   0   2   1   0   0   0   +5.649966911e+03
x_sv   0   2   0   2   0   0   +2.984941406e+04
x_sv   0   2   0   1   1   0   -3.398879377e+03
x_sv   0   2   0   1   0   1   +5.404044783e+04
x_sv   0   2   0   1   0   0   -6.603827526e+02
x_sv   0   2   0   0   2   0   -2.082445852e+02
x_sv   0   2   0   0   1   1   +6.034659927e+03
x_sv   0   2   0   0   1   0   -3.345279854e+01
x_sv   0   2   0   0   0   2   -6.513388635e+04
x_sv   0   2   0   0   0   1   +7.571626990e+02
x_sv   0   2   0   0   0   0   -9.587209996e+00
x_sv   0   1   3   0   0   0   -2.727744092e+05
x_sv   0   1   2   1   0   0   +2.260852717e+05
x_sv   0   1   2   0   1   0   -1.768050236e+04
x_sv   0   1   2   0   0   1   +2.126723306e+05
x_sv   0   1   2   0   0   0   -4.401256764e+03
x_sv   0   1   1   2   0   0   +2.530413379e+05
x_sv   0   1   1   1   1   0   -3.135710537e+04
x_sv   0   1   1   1   0   1   +6.480851013e+05
x_sv   0   1   1   1   0   0   -7.716661740e+03
x_sv   0   1   1   0   2   0   +1.751061503e+03
x_sv   0   1   1   0   1   1   +7.019217981e+03
x_sv   0   1   1   0   1   0   +8.926074883e+01
x_sv   0   1   1   0   0   2   -2.551098883e+05
x_sv   0   1   1   0   0   1   -5.221252553e+03
x_sv   0   1   1   0   0   0   +2.098385302e+01
x_sv   0   1   0   3   0   0   -4.991566752e+03
x_sv   0   1   0   2   1   0   +2.060628148e+03
x_sv   0   1   0   2   0   1   -1.281193876e+04
x_sv   0   1   0   2   0   0   -2.281370146e+02
x_sv   0   1   0   1   2   0   -3.371672394e+01
x_sv   0   1   0   1   1   1   -4.340003787e+03
x_sv   0   1   0   1   1   0   +2.535787518e+01
x_sv   0   1   0   1   0   2   +5.991809790e+04
x_sv   0   1   0   1   0   1   -1.755843014e+03
x_sv   0   1   0   1   0   0   +9.939931954e+00
x_sv   0   1   0   0   3   0   -1.007324602e+02
x_sv   0   1   0   0   2   1   +4.794957967e+03
x_sv   0   1   0   0   2   0   -2.565944195e+01
x_sv   0   1   0   0   1   2   -7.928765512e+03
x_sv   0   1   0   0   1   1   +1.570227357e+02
x_sv   0   1   0   0   1   0   -1.004380094e+00
x_sv   0   1   0   0   0   3   -3.346450662e+04
x_sv   0   1   0   0   0   2   -1.392501166e+03
x_sv   0   1   0   0   0   1   +1.883069511e+01
x_sv   0   1   0   0   0   0   -5.255295968e-02
x_sv   0   0   4   0   0   0   -2.694337157e+05
x_sv   0   0   3   1   0   0   +2.637843047e+04
x_sv   0   0   3   0   1   0   -2.010743666e+04
x_sv   0   0   3   0   0   1   +1.452104347e+06
x_sv   0   0   3   0   0   0   +5.295907404e+03
x_sv   0   0   2   2   0   0   -5.865944867e+04
x_sv   0   0   2   1   1   0   +3.299677736e+02
x_sv   0   0   2   1   0   1   -2.426590920e+05
x_sv   0   0   2   1   0   0   -7.912900817e+02
x_sv   0   0   2   0   2   0   +9.505003951e+02
x_sv   0   0   2   0   1   1   -2.641002560e+04
x_sv   0   0   2   0   1   0   -6.013765531e+01
x_sv   0   0   2   0   0   2   +4.401964618e+05
x_sv   0   0   2   0   0   1   -2.431129905e+04
x_sv   0   0   2   0   0   0   -1.233257146e+02
x_sv   0   0   1   3   0   0   -6.145552846e+04
x_sv   0   0   1   2   1   0   +8.896879786e+03
x_sv   0   0   1   2   0   1   -2.926373414e+05
x_sv   0   0   1   2   0   0   +3.095563537e+03
x_sv   0   0   1   1   2   0   -6.273848223e+02
x_sv   0   0   1   1   1   1   -2.874992404e+03
x_sv   0   0   1   1   1   0   -7.911921201e+02
x_sv   0   0   1   1   0   2   -3.386495485e+05
x_sv   0   0   1   1   0   1   +9.242809954e+03
x_sv   0   0   1   1   0   0   -1.349638694e+00
x_sv   0   0   1   0   3   0   -3.143102465e+02
x_sv   0   0   1   0   2   1   -3.858956035e+03
x_sv   0   0   1   0   2   0   +1.160437371e+02
x_sv   0   0   1   0   1   2   +4.781747959e+03
x_sv   0   0   1   0   1   1   -7.390414352e+01
x_sv   0   0   1   0   1   0   -5.708212542e+00
x_sv   0   0   1   0   0   3   +2.030659133e+05
x_sv   0   0   1   0   0   2   -3.469944391e+04
x_sv   0   0   1   0   0   1   +3.408762531e+02
x_sv   0   0   1   0   0   0   +2.012030482e-01
x_sv   0   0   0   4   0   0   -1.608601993e+03
x_sv   0   0   0   3   1   0   -2.458315826e+02
x_sv   0   0   0   3   0   1   -6.181282249e+02
x_sv   0   0   0   3   0   0   +2.250123002e+02
x_sv   0   0   0   2   2   0   -6.708637512e+01
x_sv   0   0   0   2   1   1   +2.115038426e+02
x_sv   0   0   0   2   1   0   +2.019164823e+01
x_sv   0   0   0   2   0   2   +9.887742637e+03
x_sv   0   0   0   2   0   1   +8.127274929e+02
x_sv   0   0   0   2   0   0   -4.312322162e+00
x_sv   0   0   0   1   3   0   -7.261702309e+00
x_sv   0   0   0   1   2   1   -1.878712146e+03
x_sv   0   0   0   1   2   0   +2.160140228e+00
x_sv   0   0   0   1   1   2   +5.234867248e+03
x_sv   0   0   0   1   1   1   -1.210450225e+02
x_sv   0   0   0   1   1   0   +2.961794601e+00
x_sv   0   0   0   1   0   3   +2.493423444e+05
x_sv   0   0   0   1   0   2   -1.399728882e+02
x_sv   0   0   0   1   0   1   -1.894555896e+01
x_sv   0   0   0   1   0   0   -2.426154855e-02
x_sv   0   0   0   0   4   0   +5.757500310e+00
x_sv   0   0   0   0   3   1   +2.139217503e+02
x_sv   0   0   0   0   3   0   -1.422838601e+00
x_sv   0   0   0   0   2   2   -3.396739765e+03
x_sv   0   0   0   0   2   1   +1.205074275e+02
x_sv   0   0   0   0   2   0   -7.874837434e-01
x_sv   0   0   0   0   1   3   -1.178984478e+04
x_sv   0   0   0   0   1   2   +8.527061115e+01
x_sv   0   0   0   0   1   1   +3.329026008e-02
x_sv   0   0   0   0   1   0   +1.978840311e-02
x_sv   0   0   0   0   0   4   -2.798935407e+06
x_sv   0   0   0   0   0   3   +4.312425613e+04
x_sv   0   0   0   0   0   2   -1.539792275e+02
x_sv   0   0   0   0   0   1   -1.098553805e+00
x_sv   0   0   0   0   0   0   +3.024360915e-03
y_sv   4   0   0   0   0   0   +3.582359186e+05
y_sv   3   1   0   0   0   0   -1.328586870e+06
y_sv   3   0   1   0   0   0   -8.432059140e+05
y_sv   3   0   0   1   0   0   +3.240801548e+05
y_sv   3   0   0   0   1   0   +8.391984917e+04
y_sv   3   0   0   0   0   1   +1.354167715e+06
y_sv   3   0   0   0   0   0   -2.169704026e+04
y_sv   2   2   0   0   0   0   +9.616906243e+05
y_sv   2   1   1   0   0   0   +2.967401941e+06
y_sv   2   1   0   1   0   0   -6.335869702e+05
y_sv   2   1   0   0   1   0   +2.555668392e+02
y_sv   2   1   0   0   0   1   -8.309507347e+05
y_sv   2   1   0   0   0   0   -6.354918517e+03
y_sv   2   0   2   0   0   0   +6.297819653e+05
y_sv   2   0   1   1   0   0   -6.406314061e+05
y_sv   2   0   1   0   1   0   -2.025707061e+05
y_sv   2   0   1   0   0   1   -3.450621104e+06
y_sv   2   0   1   0   0   0   +5.429295689e+04
y_sv   2   0   0   2   0   0   -9.556237475e+04
y_sv   2   0   0   1   1   0   -2.251071911e+04
y_sv   2   0   0   1   0   1   +9.533188916e+05
y_sv   2   0   0   1   0   0   +1.865426284e+04
y_sv   2   0   0   0   2   0   -6.917307213e+02
y_sv   2   0   0   0   1   1   -7.439583850e+03
y_sv   2   0   0   0   1   0   -1.288681747e+02
y_sv   2   0   0   0   0   2   +1.535060012e+06
y_sv   2   0   0   0   0   1   -8.512226840e+03
y_sv   2   0   0   0   0   0   +3.835820534e+01
y_sv   1   3   0   0   0   0   -1.018931957e+05
y_sv   1   2   1   0   0   0   -9.185238086e+05
y_sv   1   2   0   1   0   0   +8.197524783e+03
y_sv   1   2   0   0   1   0   -6.154776323e+03
y_sv   1   2   0   0   0   1   -1.365116089e+05
y_sv   1   2   0   0   0   0   +1.179275228e+02
y_sv   1   1   2   0   0   0   -2.160822081e+06
y_sv   1   1   1   1   0   0   -1.676261566e+05
y_sv   1   1   1   0   1   0   +9.909237731e+03
y_sv   1   1   1   0   0   1   +1.520740764e+06
y_sv   1   1   1   0   0   0   +1.119798744e+04
y_sv   1   1   0   2   0   0   +1.233439145e+05
y_sv   1   1   0   1   1   0   +8.802931611e+03
y_sv   1   1   0   1   0   1   -2.908014308e+05
y_sv   1   1   0   1   0   0   -1.656965894e+03
y_sv   1   1   0   0   2   0   +1.192913341e+03
y_sv   1   1   0   0   1   1   +1.056520773e+03
y_sv   1   1   0   0   1   0   +3.417292547e+02
y_sv   1   1   0   0   0   2   -2.674744778e+05
y_sv   1   1   0   0   0   1   -9.825020012e+03
y_sv   1   1   0   0   0   0   -4.941270792e+01
y_sv   1   0   3   0   0   0   -1.380374822e+05
y_sv   1   0   2   1   0   0   +3.988934607e+05
y_sv   1   0   2   0   1   0   +1.581686271e+05
y_sv   1   0   2   0   0   1   +2.850769129e+06
y_sv   1   0   2   0   0   0   -4.416914373e+04
y_sv   1   0   1   2   0   0   +6.790656224e+05
y_sv   1   0   1   1   1   0   +2.347623245e+04
y_sv   1   0   1   1   0   1   -1.621037569e+06
y_sv   1   0   1   1   0   0   -3.413795088e+04
y_sv   1   0   1   0   2   0   +1.112887565e+03
y_sv   1   0   1   0   1   1   +1.727966104e+04
y_sv   1   0   1   0   1   0   -6.704124114e+00
y_sv   1   0   1   0   0   2   -2.222897815e+06
y_sv   1   0   1   0   0   1   +1.481888171e+04
y_sv   1   0   1   0   0   0   -5.535285449e+01
y_sv   1   0   0   3   0   0   -9.739497819e+04
y_sv   1   0   0   2   1   0   -7.676127111e+03
y_sv   1   0   0   2   0   1   +3.485123580e+05
y_sv   1   0   0   2   0   0   -1.974238866e+03
y_sv   1   0   0   1   2   0   +2.956610442e+03
y_sv   1   0   0   1   1   1   -1.598228573e+04
y_sv   1   0   0   1   1   0   -1.786417405e+02
y_sv   1   0   0   1   0   2   +5.716367357e+05
y_sv   1   0   0   1   0   1   +9.076429484e+03
y_sv   1   0   0   1   0   0   +4.071456956e+01
y_sv   1   0   0   0   3   0   -1.204715161e+03
y_sv   1   0   0   0   2   1   +1.050661116e+03
y_sv   1   0   0   0   2   0   +1.324445308e+02
y_sv   1   0   0   0   1   2   +2.638697345e+04
y_sv   1   0   0   0   1   1   -1.907792731e+03
y_sv   1   0   0   0   1   0   +8.275513762e+00
y_sv   1   0   0   0   0   3   +2.093067115e+05
y_sv   1   0   0   0   0   2   +3.259431221e+04
y_sv   1   0   0   0   0   1   -2.323266406e+02
y_sv   1   0   0   0   0   0   +5.038191205e-01
y_sv   0   4   0   0   0   0   +2.032745174e+04
y_sv   0   3   1   0   0   0   +5.424868906e+04
y_sv   0   3   0   1   0   0   +9.252809088e+04
y_sv   0   3   0   0   1   0   +1.480137569e+03
y_sv   0   3   0   0   0   1   +1.407366567e+05
y_sv   0   3   0   0   0   0   -4.075906833e+02
y_sv   0   2   2   0   0   0   +1.298291610e+05
y_sv   0   2   1   1   0   0   +1.145382440e+05
y_sv   0   2   1   0   1   0   -2.214974387e+03
y_sv   0   2   1   0   0   1   +9.494058727e+04
y_sv   0   2   1   0   0   0   +1.254977606e+03
y_sv   0   2   0   2   0   0   -2.750617794e+05
y_sv   0   2   0   1   1   0   -1.876460283e+03
y_sv   0   2   0   1   0   1   -2.548325916e+05
y_sv   0   2   0   1   0   0   +4.061172455e+03
y_sv   0   2   0   0   2   0   +4.893112126e+01
y_sv   0   2   0   0   1   1   +3.501923404e+02
y_sv   0   2   0   0   1   0   +2.795321771e+01
y_sv   0   2   0   0   0   2   -1.243292538e+05
y_sv   0   2   0   0   0   1   +4.566408305e+03
y_sv   0   2   0   0   0   0   -2.477142676e+01
y_sv   0   1   3   0   0   0   +5.156524488e+05
y_sv   0   1   2   1   0   0   +4.889844139e+05
y_sv   0   1   2   0   1   0   -4.951819325e+03
y_sv   0   1   2   0   0   1   -6.612945097e+05
y_sv   0   1   2   0   0   0   -6.457137840e+03
y_sv   0   1   1   2   0   0   -2.143767566e+05
y_sv   0   1   1   1   1   0   -1.288569764e+03
y_sv   0   1   1   1   0   1   +1.242160259e+05
y_sv   0   1   1   1   0   0   +1.231381601e+03
y_sv   0   1   1   0   2   0   -2.059002094e+03
y_sv   0   1   1   0   1   1   +1.766578365e+04
y_sv   0   1   1   0   1   0   -4.265857234e+02
y_sv   0   1   1   0   0   2   -1.933096634e+05
y_sv   0   1   1   0   0   1   +9.633767381e+03
y_sv   0   1   1   0   0   0   +6.231950380e+01
y_sv   0   1   0   3   0   0   +2.203054832e+05
y_sv   0   1   0   2   1   0   +1.324067808e+03
y_sv   0   1   0   2   0   1   +1.451287293e+05
y_sv   0   1   0   2   0   0   -6.083390150e+03
y_sv   0   1   0   1   2   0   -4.519458140e+02
y_sv   0   1   0   1   1   1   +3.235921040e+02
y_sv   0   1   0   1   1   0   -3.914594536e+00
y_sv   0   1   0   1   0   2   +3.455861265e+05
y_sv   0   1   0   1   0   1   -8.411824318e+03
y_sv   0   1   0   1   0   0   +2.787899176e+01
y_sv   0   1   0   0   3   0   +9.589308787e+01
y_sv   0   1   0   0   2   1   -5.495841198e+02
y_sv   0   1   0   0   2   0   +7.206935795e+00
y_sv   0   1   0   0   1   2   -2.462615845e+02
y_sv   0   1   0   0   1   1   +3.813688818e+01
y_sv   0   1   0   0   1   0   +9.931980152e-01
y_sv   0   1   0   0   0   3   -2.330247693e+05
y_sv   0   1   0   0   0   2   +1.064845277e+03
y_sv   0   1   0   0   0   1   -1.237323795e+01
y_sv   0   1   0   0   0   0   +8.866541300e-01
y_sv   0   0   4   0   0   0   -8.003836923e+03
y_sv   0   0   3   1   0   0   -7.862123430e+04
y_sv   0   0   3   0   1   0   -3.991852980e+04
y_sv   0   0   3   0   0   1   -7.626502052e+05
y_sv   0   0   3   0   0   0   +1.170561302e+04
y_sv   0   0   2   2   0   0   -4.422945698e+05
y_sv   0   0   2   1   1   0   -6.695851633e+03
y_sv   0   0   2   1   0   1   +6.708177671e+05
y_sv   0   0   2   1   0   0   +1.649844564e+04
y_sv   0   0   2   0   2   0   -2.054533106e+02
y_sv   0   0   2   0   1   1   -8.421058207e+03
y_sv   0   0   2   0   1   0   +9.662233091e+01
y_sv   0   0   2   0   0   2   +7.964623200e+05
y_sv   0   0   2   0   0   1   -6.492233731e+03
y_sv   0   0   2   0   0   0   +9.843981927e+00
y_sv   0   0   1   3   0   0   +1.100880484e+05
y_sv   0   0   1   2   1   0   +5.686718378e+03
y_sv   0   0   1   2   0   1   -1.976104202e+05
y_sv   0   0   1   2   0   0   +1.005155773e+03
y_sv   0   0   1   1   2   0   -1.141412277e+03
y_sv   0   0   1   1   1   1   -6.513572644e+03
y_sv   0   0   1   1   1   0   +2.230044201e+02
y_sv   0   0   1   1   0   2   -3.147384801e+04
y_sv   0   0   1   1   0   1   -1.038992201e+04
y_sv   0   0   1   1   0   0   -4.272586904e+01
y_sv   0   0   1   0   3   0   +1.020110789e+03
y_sv   0   0   1   0   2   1   -1.261607606e+03
y_sv   0   0   1   0   2   0   -1.103079924e+02
y_sv   0   0   1   0   1   2   -1.996044693e+04
y_sv   0   0   1   0   1   1   +1.692429780e+03
y_sv   0   0   1   0   1   0   -8.213950945e+00
y_sv   0   0   1   0   0   3   -2.844498979e+05
y_sv   0   0   1   0   0   2   -2.568496973e+04
y_sv   0   0   1   0   0   1   +1.837824269e+02
y_sv   0   0   1   0   0   0   -2.265938035e-01
y_sv   0   0   0   4   0   0   -5.149698591e+04
y_sv   0   0   0   3   1   0   +1.879424880e+01
y_sv   0   0   0   3   0   1   -2.538723677e+04
y_sv   0   0   0   3   0   0   +2.577012751e+03
y_sv   0   0   0   2   2   0   +4.468134291e+02
y_sv   0   0   0   2   1   1   +1.526314689e+03
y_sv   0   0   0   2   1   0   -1.259950929e+01
y_sv   0   0   0   2   0   2   -1.011797842e+05
y_sv   0   0   0   2   0   1   +3.412173537e+03
y_sv   0   0   0   2   0   0   -1.735080881e+01
y_sv   0   0   0   1   3   0   +7.668856912e+01
y_sv   0   0   0   1   2   1   -3.162229438e+02
y_sv   0   0   0   1   2   0   +1.162742687e+01
y_sv   0   0   0   1   1   2   +6.451636955e+03
y_sv   0   0   0   1   1   1   +9.883595998e+00
y_sv   0   0   0   1   1   0   -6.895566075e-01
y_sv   0   0   0   1   0   3   +2.858721748e+05
y_sv   0   0   0   1   0   2   +1.163886044e+03
y_sv   0   0   0   1   0   1   +2.090650740e+00
y_sv   0   0   0   1   0   0   -1.898736358e-01
y_sv   0   0   0   0   4   0   +1.874207889e+01
y_sv   0   0   0   0   3   1   -1.646222484e+02
y_sv   0   0   0   0   3   0   +8.232057017e-01
y_sv   0   0   0   0   2   2   -2.209160130e+03
y_sv   0   0   0   0   2   1   +3.200401898e+00
y_sv   0   0   0   0   2   0   +3.668692374e-01
y_sv   0   0   0   0   1   3   -8.539483518e+04
y_sv   0   0   0   0   1   2   +9.679180410e+02
y_sv   0   0   0   0   1   1   -6.970970895e+00
y_sv   0   0   0   0   1   0   +2.032407485e-02
y_sv   0   0   0   0   0   4   -3.922393287e+06
y_sv   0   0   0   0   0   3   +6.066265590e+04
y_sv   0   0   0   0   0   2   -2.635812437e+02
y_sv   0   0   0   0   0   1   +2.344463054e-01
y_sv   0   0   0   0   0   0   +5.735872433e-04
