# Polynomial metadata: 
# -- Order: 4
# -- Trained on data: 'data/sieve_holes/fits_21Dec/V123.root'
# -- Input branches: { x_sv y_sv dxdz_sv dydz_sv dpp_sv }
# -- Time created: Mon Dec 29 16:49:44 2025

poly-DoF 5
is-RHRS 0
dxdz_fp   4   0   0   0   0   +5.389413255e+04
dxdz_fp   3   1   0   0   0   -5.802662835e+04
dxdz_fp   3   0   1   0   0   -1.669651956e+05
dxdz_fp   3   0   0   1   0   +9.592449104e+03
dxdz_fp   3   0   0   0   1   +1.274085359e+04
dxdz_fp   3   0   0   0   0   -6.153519036e+02
dxdz_fp   2   2   0   0   0   +6.894619903e+03
dxdz_fp   2   1   1   0   0   +1.341637550e+05
dxdz_fp   2   1   0   1   0   -6.652426845e+03
dxdz_fp   2   1   0   0   1   -1.072425765e+03
dxdz_fp   2   1   0   0   0   -1.678912459e+02
dxdz_fp   2   0   2   0   0   +1.978428014e+05
dxdz_fp   2   0   1   1   0   -1.607468226e+04
dxdz_fp   2   0   1   0   1   -2.968848333e+04
dxdz_fp   2   0   1   0   0   +1.416029776e+03
dxdz_fp   2   0   0   2   0   +1.822065376e+04
dxdz_fp   2   0   0   1   1   +3.899897395e+02
dxdz_fp   2   0   0   1   0   +7.236091565e+02
dxdz_fp   2   0   0   0   2   -5.408286453e+02
dxdz_fp   2   0   0   0   1   +8.241987623e+01
dxdz_fp   2   0   0   0   0   -4.711051543e+00
dxdz_fp   1   3   0   0   0   +4.287816210e+06
dxdz_fp   1   2   1   0   0   -1.435096238e+04
dxdz_fp   1   2   0   1   0   -1.025667270e+07
dxdz_fp   1   2   0   0   1   -3.035498904e+03
dxdz_fp   1   2   0   0   0   +1.002302724e+05
dxdz_fp   1   1   2   0   0   -1.044077630e+05
dxdz_fp   1   1   1   1   0   +5.508924665e+03
dxdz_fp   1   1   1   0   1   +1.301162068e+03
dxdz_fp   1   1   1   0   0   +1.785097894e+02
dxdz_fp   1   1   0   2   0   +8.005288226e+06
dxdz_fp   1   1   0   1   1   +1.749871165e+03
dxdz_fp   1   1   0   1   0   -1.872884513e+05
dxdz_fp   1   1   0   0   2   -3.359425586e+02
dxdz_fp   1   1   0   0   1   -9.013759479e+01
dxdz_fp   1   1   0   0   0   -3.486841617e+02
dxdz_fp   1   0   3   0   0   -1.048610735e+05
dxdz_fp   1   0   2   1   0   +1.165140227e+04
dxdz_fp   1   0   2   0   1   +2.231021471e+04
dxdz_fp   1   0   2   0   0   -1.269355313e+03
dxdz_fp   1   0   1   2   0   -1.883693604e+04
dxdz_fp   1   0   1   1   1   -1.079568007e+03
dxdz_fp   1   0   1   1   0   -1.095471965e+03
dxdz_fp   1   0   1   0   2   +7.910877848e+02
dxdz_fp   1   0   1   0   1   -1.490663542e+02
dxdz_fp   1   0   1   0   0   +8.080321411e+00
dxdz_fp   1   0   0   3   0   -2.036325010e+06
dxdz_fp   1   0   0   2   1   -4.726271267e+02
dxdz_fp   1   0   0   2   0   +8.439458021e+04
dxdz_fp   1   0   0   1   2   +4.497926080e+02
dxdz_fp   1   0   0   1   1   +3.487798689e+01
dxdz_fp   1   0   0   1   0   +6.325998919e+01
dxdz_fp   1   0   0   0   3   +9.408420225e+01
dxdz_fp   1   0   0   0   2   -1.547288359e+01
dxdz_fp   1   0   0   0   1   -4.230789224e-01
dxdz_fp   1   0   0   0   0   -6.840291945e+00
dxdz_fp   0   4   0   0   0   +7.092148898e+05
dxdz_fp   0   3   1   0   0   -2.605957811e+06
dxdz_fp   0   3   0   1   0   -2.377067934e+06
dxdz_fp   0   3   0   0   1   -2.528832983e+04
dxdz_fp   0   3   0   0   0   +5.051308054e+04
dxdz_fp   0   2   2   0   0   +7.016110677e+03
dxdz_fp   0   2   1   1   0   +6.226064871e+06
dxdz_fp   0   2   1   0   1   +2.018768196e+03
dxdz_fp   0   2   1   0   0   -6.099619630e+04
dxdz_fp   0   2   0   2   0   +2.948055456e+06
dxdz_fp   0   2   0   1   1   +6.129054169e+04
dxdz_fp   0   2   0   1   0   -1.282629291e+05
dxdz_fp   0   2   0   0   2   +4.365052607e+01
dxdz_fp   0   2   0   0   1   -5.808802375e+02
dxdz_fp   0   2   0   0   0   +7.332233172e+02
dxdz_fp   0   1   3   0   0   +2.956823006e+04
dxdz_fp   0   1   2   1   0   +1.447871463e+03
dxdz_fp   0   1   2   0   1   -2.911034181e+02
dxdz_fp   0   1   2   0   0   -4.675408925e+01
dxdz_fp   0   1   1   2   0   -4.856572487e+06
dxdz_fp   0   1   1   1   1   -1.589946648e+03
dxdz_fp   0   1   1   1   0   +1.137019610e+05
dxdz_fp   0   1   1   0   2   +2.954483164e+02
dxdz_fp   0   1   1   0   1   +5.973639911e+01
dxdz_fp   0   1   1   0   0   +2.101077587e+02
dxdz_fp   0   1   0   3   0   -1.603236395e+06
dxdz_fp   0   1   0   2   1   -4.754182255e+04
dxdz_fp   0   1   0   2   0   +1.071859787e+05
dxdz_fp   0   1   0   1   2   -1.422328344e+02
dxdz_fp   0   1   0   1   1   +1.119390253e+03
dxdz_fp   0   1   0   1   0   -1.420057721e+03
dxdz_fp   0   1   0   0   3   -1.675673374e+02
dxdz_fp   0   1   0   0   2   +2.509800287e+00
dxdz_fp   0   1   0   0   1   +2.352866836e+00
dxdz_fp   0   1   0   0   0   -3.968125176e+00
dxdz_fp   0   0   4   0   0   +2.059371950e+04
dxdz_fp   0   0   3   1   0   -3.579781239e+03
dxdz_fp   0   0   3   0   1   -5.412725387e+03
dxdz_fp   0   0   3   0   0   +4.292293882e+02
dxdz_fp   0   0   2   2   0   +1.393406879e+03
dxdz_fp   0   0   2   1   1   +4.506297216e+02
dxdz_fp   0   0   2   1   0   +3.943465984e+02
dxdz_fp   0   0   2   0   2   -2.832808324e+02
dxdz_fp   0   0   2   0   1   +6.162173482e+01
dxdz_fp   0   0   2   0   0   -4.762663356e+00
dxdz_fp   0   0   1   3   0   +1.233951015e+06
dxdz_fp   0   0   1   2   1   +5.597232250e+02
dxdz_fp   0   0   1   2   0   -5.110744329e+04
dxdz_fp   0   0   1   1   2   -2.976923893e+02
dxdz_fp   0   0   1   1   1   -4.236303252e+01
dxdz_fp   0   0   1   1   0   -4.341003952e+01
dxdz_fp   0   0   1   0   3   -2.398230252e+02
dxdz_fp   0   0   1   0   2   +1.188780208e+01
dxdz_fp   0   0   1   0   1   -8.322505941e-01
dxdz_fp   0   0   1   0   0   +3.632992465e+00
dxdz_fp   0   0   0   4   0   +3.210711580e+05
dxdz_fp   0   0   0   3   1   +1.246880073e+04
dxdz_fp   0   0   0   3   0   -2.956109102e+04
dxdz_fp   0   0   0   2   2   +8.083401691e+01
dxdz_fp   0   0   0   2   1   -4.939702332e+02
dxdz_fp   0   0   0   2   0   +6.595203749e+02
dxdz_fp   0   0   0   1   3   +3.447312496e+01
dxdz_fp   0   0   0   1   2   +1.054035774e+00
dxdz_fp   0   0   0   1   1   -4.789101109e-01
dxdz_fp   0   0   0   1   0   +1.624843303e+00
dxdz_fp   0   0   0   0   4   +5.376564639e+00
dxdz_fp   0   0   0   0   3   -1.782815023e-01
dxdz_fp   0   0   0   0   2   -1.076333772e+00
dxdz_fp   0   0   0   0   1   +8.080359797e-02
dxdz_fp   0   0   0   0   0   -5.318496338e-02
dydz_fp   4   0   0   0   0   -1.469876363e+05
dydz_fp   3   1   0   0   0   +1.774412014e+05
dydz_fp   3   0   1   0   0   +4.761546827e+05
dydz_fp   3   0   0   1   0   -7.662381209e+04
dydz_fp   3   0   0   0   1   -2.562850208e+03
dydz_fp   3   0   0   0   0   +2.348846479e+03
dydz_fp   2   2   0   0   0   +7.421284390e+04
dydz_fp   2   1   1   0   0   -4.423718305e+05
dydz_fp   2   1   0   1   0   -2.294449554e+05
dydz_fp   2   1   0   0   1   +6.066774650e+03
dydz_fp   2   1   0   0   0   +4.330781282e+02
dydz_fp   2   0   2   0   0   -5.652860824e+05
dydz_fp   2   0   1   1   0   +2.151546532e+05
dydz_fp   2   0   1   0   1   +6.321472619e+03
dydz_fp   2   0   1   0   0   -5.873126826e+03
dydz_fp   2   0   0   2   0   +6.178309078e+04
dydz_fp   2   0   0   1   1   -6.120854764e+03
dydz_fp   2   0   0   1   0   -3.470053918e+03
dydz_fp   2   0   0   0   2   -2.634812036e+00
dydz_fp   2   0   0   0   1   +1.498611963e+02
dydz_fp   2   0   0   0   0   -1.330491750e+01
dydz_fp   1   3   0   0   0   +1.295892982e+07
dydz_fp   1   2   1   0   0   -1.124992941e+05
dydz_fp   1   2   0   1   0   -3.101341417e+07
dydz_fp   1   2   0   0   1   +2.610628879e+03
dydz_fp   1   2   0   0   0   +3.022282553e+05
dydz_fp   1   1   2   0   0   +3.663580389e+05
dydz_fp   1   1   1   1   0   +3.439451951e+05
dydz_fp   1   1   1   0   1   -1.091371383e+04
dydz_fp   1   1   1   0   0   -1.234804968e+03
dydz_fp   1   1   0   2   0   +2.421351663e+07
dydz_fp   1   1   0   1   1   -5.613246271e+02
dydz_fp   1   1   0   1   0   -5.668671814e+05
dydz_fp   1   1   0   0   2   -9.211364740e+02
dydz_fp   1   1   0   0   1   +1.336991639e+02
dydz_fp   1   1   0   0   0   -1.074242302e+03
dydz_fp   1   0   3   0   0   +2.931538373e+05
dydz_fp   1   0   2   1   0   -1.903336393e+05
dydz_fp   1   0   2   0   1   -4.717470800e+03
dydz_fp   1   0   2   0   0   +5.010422558e+03
dydz_fp   1   0   1   2   0   -1.100844617e+05
dydz_fp   1   0   1   1   1   +1.598286319e+04
dydz_fp   1   0   1   1   0   +5.786999468e+03
dydz_fp   1   0   1   0   2   -3.845770537e+02
dydz_fp   1   0   1   0   1   -2.296858774e+02
dydz_fp   1   0   1   0   0   +8.382196567e+00
dydz_fp   1   0   0   3   0   -6.173355995e+06
dydz_fp   1   0   0   2   1   +3.649795155e+03
dydz_fp   1   0   0   2   0   +2.552415052e+05
dydz_fp   1   0   0   1   2   -8.351574351e+01
dydz_fp   1   0   0   1   1   +6.421736814e+00
dydz_fp   1   0   0   1   0   +1.847028279e+02
dydz_fp   1   0   0   0   3   -5.333994261e+02
dydz_fp   1   0   0   0   2   -2.298283843e+01
dydz_fp   1   0   0   0   1   +2.481731404e+00
dydz_fp   1   0   0   0   0   -2.046497733e+01
dydz_fp   0   4   0   0   0   +1.399708853e+06
dydz_fp   0   3   1   0   0   -8.999191618e+06
dydz_fp   0   3   0   1   0   +6.768968436e+05
dydz_fp   0   3   0   0   1   +3.816237153e+05
dydz_fp   0   3   0   0   0   +9.505548089e+04
dydz_fp   0   2   2   0   0   +4.583766026e+04
dydz_fp   0   2   1   1   0   +2.153397210e+07
dydz_fp   0   2   1   0   1   -2.528777270e+03
dydz_fp   0   2   1   0   0   -2.098924329e+05
dydz_fp   0   2   0   2   0   -7.036083840e+06
dydz_fp   0   2   0   1   1   -9.112326419e+05
dydz_fp   0   2   0   1   0   -1.169448582e+05
dydz_fp   0   2   0   0   2   +1.751911554e+02
dydz_fp   0   2   0   0   1   +8.879101844e+03
dydz_fp   0   2   0   0   0   +1.335512658e+03
dydz_fp   0   1   3   0   0   -1.009966085e+05
dydz_fp   0   1   2   1   0   -1.373505745e+05
dydz_fp   0   1   2   0   1   +5.275063919e+03
dydz_fp   0   1   2   0   0   +8.402226018e+02
dydz_fp   0   1   1   2   0   -1.681009028e+07
dydz_fp   0   1   1   1   1   +8.634585723e+02
dydz_fp   0   1   1   1   0   +3.937093640e+05
dydz_fp   0   1   1   0   2   +6.906273988e+02
dydz_fp   0   1   1   0   1   -1.429386603e+02
dydz_fp   0   1   1   0   0   +7.421701443e+02
dydz_fp   0   1   0   3   0   +6.881836181e+06
dydz_fp   0   1   0   2   1   +7.120651158e+05
dydz_fp   0   1   0   2   0   -3.168260002e+04
dydz_fp   0   1   0   1   2   -1.943171588e+02
dydz_fp   0   1   0   1   1   -1.658919098e+04
dydz_fp   0   1   0   1   0   -3.039148009e+03
dydz_fp   0   1   0   0   3   -5.825140103e+01
dydz_fp   0   1   0   0   2   +3.820672851e+00
dydz_fp   0   1   0   0   1   -3.223227130e+01
dydz_fp   0   1   0   0   0   -6.495601520e+00
dydz_fp   0   0   4   0   0   -5.497390412e+04
dydz_fp   0   0   3   1   0   +5.381104589e+04
dydz_fp   0   0   3   0   1   +1.070543247e+03
dydz_fp   0   0   3   0   0   -1.441869749e+03
dydz_fp   0   0   2   2   0   +4.948654964e+04
dydz_fp   0   0   2   1   1   -7.991009006e+03
dydz_fp   0   0   2   1   0   -2.254785697e+03
dydz_fp   0   0   2   0   2   +5.230308504e+02
dydz_fp   0   0   2   0   1   +6.959803926e+01
dydz_fp   0   0   2   0   0   -2.755000705e+00
dydz_fp   0   0   1   3   0   +4.284377355e+06
dydz_fp   0   0   1   2   1   -3.003058916e+03
dydz_fp   0   0   1   2   0   -1.772273685e+05
dydz_fp   0   0   1   1   2   +3.268925172e+01
dydz_fp   0   0   1   1   1   +2.028366034e+01
dydz_fp   0   0   1   1   0   -1.158659073e+02
dydz_fp   0   0   1   0   3   +5.132313688e+02
dydz_fp   0   0   1   0   2   +1.399871779e+01
dydz_fp   0   0   1   0   1   -3.228512263e+00
dydz_fp   0   0   1   0   0   +1.425284210e+01
dydz_fp   0   0   0   4   0   -1.919422347e+06
dydz_fp   0   0   0   3   1   -1.812191586e+05
dydz_fp   0   0   0   3   0   +4.983656839e+04
dydz_fp   0   0   0   2   2   -2.837248197e+02
dydz_fp   0   0   0   2   1   +7.527518280e+03
dydz_fp   0   0   0   2   0   +1.300032135e+03
dydz_fp   0   0   0   1   3   +9.230650801e+01
dydz_fp   0   0   0   1   2   +4.218358963e+01
dydz_fp   0   0   0   1   1   -7.475833872e+00
dydz_fp   0   0   0   1   0   -6.635390365e+00
dydz_fp   0   0   0   0   4   +7.651993375e+01
dydz_fp   0   0   0   0   3   -8.230505946e+00
dydz_fp   0   0   0   0   2   +8.528552595e-01
dydz_fp   0   0   0   0   1   -4.412363319e-01
dydz_fp   0   0   0   0   0   -1.048446429e-01
x_fp   4   0   0   0   0   -1.268625755e+05
x_fp   3   1   0   0   0   +4.746572266e+03
x_fp   3   0   1   0   0   +3.683158202e+05
x_fp   3   0   0   1   0   +8.566912262e+04
x_fp   3   0   0   0   1   +1.177594566e+04
x_fp   3   0   0   0   0   +7.440865091e+01
x_fp   2   2   0   0   0   -4.018355413e+03
x_fp   2   1   1   0   0   +1.216483539e+04
x_fp   2   1   0   1   0   +1.049537540e+04
x_fp   2   1   0   0   1   +1.040070819e+04
x_fp   2   1   0   0   0   -4.868470074e+02
x_fp   2   0   2   0   0   -3.955543984e+05
x_fp   2   0   1   1   0   -1.661246394e+05
x_fp   2   0   1   0   1   -3.213891456e+04
x_fp   2   0   1   0   0   +9.379634592e+02
x_fp   2   0   0   2   0   +3.709400196e+04
x_fp   2   0   0   1   1   -1.651334729e+04
x_fp   2   0   0   1   0   +1.645423022e+03
x_fp   2   0   0   0   2   -7.426786488e+03
x_fp   2   0   0   0   1   -2.081758419e+02
x_fp   2   0   0   0   0   +1.878054475e+00
x_fp   1   3   0   0   0   +5.216104090e+06
x_fp   1   2   1   0   0   +1.399022233e+04
x_fp   1   2   0   1   0   -1.244115675e+07
x_fp   1   2   0   0   1   -9.469713528e+03
x_fp   1   2   0   0   0   +1.220154407e+05
x_fp   1   1   2   0   0   -3.892333124e+04
x_fp   1   1   1   1   0   -3.567439349e+04
x_fp   1   1   1   0   1   -1.159081818e+04
x_fp   1   1   1   0   0   +9.578117304e+02
x_fp   1   1   0   2   0   +9.694611871e+06
x_fp   1   1   0   1   1   -6.511596617e+01
x_fp   1   1   0   1   0   -2.268555946e+05
x_fp   1   1   0   0   2   +5.590422664e+03
x_fp   1   1   0   0   1   -9.460614021e+01
x_fp   1   1   0   0   0   -4.231715664e+02
x_fp   1   0   3   0   0   +1.845074517e+05
x_fp   1   0   2   1   0   +1.214042478e+05
x_fp   1   0   2   0   1   +3.270959607e+04
x_fp   1   0   2   0   0   -1.570136653e+03
x_fp   1   0   1   2   0   -4.677619066e+04
x_fp   1   0   1   1   1   +2.258308651e+04
x_fp   1   0   1   1   0   -2.836527667e+03
x_fp   1   0   1   0   2   +1.349328693e+04
x_fp   1   0   1   0   1   +2.447924964e+02
x_fp   1   0   1   0   0   -3.079108843e+00
x_fp   1   0   0   3   0   -2.487937442e+06
x_fp   1   0   0   2   1   +7.976485363e+03
x_fp   1   0   0   2   0   +1.019569404e+05
x_fp   1   0   0   1   2   +2.392707068e+03
x_fp   1   0   0   1   1   +1.032588393e+02
x_fp   1   0   0   1   0   +9.039307541e+01
x_fp   1   0   0   0   3   +1.351116885e+03
x_fp   1   0   0   0   2   +5.011556634e+01
x_fp   1   0   0   0   1   +2.071491189e-01
x_fp   1   0   0   0   0   -8.190561905e+00
x_fp   0   4   0   0   0   +5.756452371e+05
x_fp   0   3   1   0   0   -1.385027890e+06
x_fp   0   3   0   1   0   +1.250014495e+06
x_fp   0   3   0   0   1   -4.322150427e+05
x_fp   0   3   0   0   0   +4.619826518e+04
x_fp   0   2   2   0   0   -1.036463076e+04
x_fp   0   2   1   1   0   +3.273026099e+06
x_fp   0   2   1   0   1   +6.207672926e+03
x_fp   0   2   1   0   0   -3.256188816e+04
x_fp   0   2   0   2   0   -5.212597995e+06
x_fp   0   2   0   1   1   +1.034760347e+06
x_fp   0   2   0   1   0   -4.227899811e+04
x_fp   0   2   0   0   2   +2.590814746e+03
x_fp   0   2   0   0   1   -9.929058010e+03
x_fp   0   2   0   0   0   +7.108301269e+02
x_fp   0   1   3   0   0   +1.853731876e+04
x_fp   0   1   2   1   0   +1.927701129e+04
x_fp   0   1   2   0   1   +2.670446792e+03
x_fp   0   1   2   0   0   -5.598771239e+02
x_fp   0   1   1   2   0   -2.533666743e+06
x_fp   0   1   1   1   1   +1.852352201e+02
x_fp   0   1   1   1   0   +5.917144726e+04
x_fp   0   1   1   0   2   -5.289704040e+03
x_fp   0   1   1   0   1   -1.086236088e+02
x_fp   0   1   1   0   0   +9.753412651e+01
x_fp   0   1   0   3   0   +4.644406892e+06
x_fp   0   1   0   2   1   -8.017177922e+05
x_fp   0   1   0   2   0   -4.240626133e+04
x_fp   0   1   0   1   2   -7.791230116e+03
x_fp   0   1   0   1   1   +1.900038212e+04
x_fp   0   1   0   1   0   -1.644064610e+03
x_fp   0   1   0   0   3   +1.214276200e+03
x_fp   0   1   0   0   2   +4.506312656e+00
x_fp   0   1   0   0   1   +3.961117103e+01
x_fp   0   1   0   0   0   -3.797048517e+00
x_fp   0   0   4   0   0   -3.065276654e+04
x_fp   0   0   3   1   0   -3.823395017e+04
x_fp   0   0   3   0   1   -1.011367333e+04
x_fp   0   0   3   0   0   +5.153593538e+02
x_fp   0   0   2   2   0   +2.934639771e+03
x_fp   0   0   2   1   1   -7.581454814e+03
x_fp   0   0   2   1   0   +8.956715906e+02
x_fp   0   0   2   0   2   -6.131580031e+03
x_fp   0   0   2   0   1   -8.848160064e+01
x_fp   0   0   2   0   0   -7.647622845e+00
x_fp   0   0   1   3   0   +6.655676393e+05
x_fp   0   0   1   2   1   -3.287286114e+03
x_fp   0   0   1   2   0   -2.609918283e+04
x_fp   0   0   1   1   2   +4.204147461e+02
x_fp   0   0   1   1   1   +3.817889621e+01
x_fp   0   0   1   1   0   -9.878662302e-01
x_fp   0   0   1   0   3   -1.515509666e+03
x_fp   0   0   1   0   2   -1.011569082e+02
x_fp   0   0   1   0   1   +1.041257845e+01
x_fp   0   0   1   0   0   +2.108677379e+00
x_fp   0   0   0   4   0   -1.253997395e+06
x_fp   0   0   0   3   1   +2.008398628e+05
x_fp   0   0   0   3   0   +3.626447311e+04
x_fp   0   0   0   2   2   +2.673551719e+03
x_fp   0   0   0   2   1   -8.330348897e+03
x_fp   0   0   0   2   0   +6.826338518e+02
x_fp   0   0   0   1   3   -1.368524832e+03
x_fp   0   0   0   1   2   -4.742056713e+01
x_fp   0   0   0   1   1   -1.498147523e+00
x_fp   0   0   0   1   0   -3.775999705e+00
x_fp   0   0   0   0   4   -6.215855524e+01
x_fp   0   0   0   0   3   +7.552889289e+01
x_fp   0   0   0   0   2   -2.356149431e+01
x_fp   0   0   0   0   1   +1.418003144e+01
x_fp   0   0   0   0   0   -4.705263039e-02
y_fp   4   0   0   0   0   +9.236606600e+04
y_fp   3   1   0   0   0   -4.386154439e+04
y_fp   3   0   1   0   0   -2.794400902e+05
y_fp   3   0   0   1   0   +2.092014068e+04
y_fp   3   0   0   0   1   -1.219981908e+04
y_fp   3   0   0   0   0   +1.132141872e+03
y_fp   2   2   0   0   0   +5.539618308e+04
y_fp   2   1   1   0   0   +8.722731009e+04
y_fp   2   1   0   1   0   -4.531733509e+04
y_fp   2   1   0   0   1   +4.646171224e+02
y_fp   2   1   0   0   0   +1.280752275e+03
y_fp   2   0   2   0   0   +3.189761828e+05
y_fp   2   0   1   1   0   -3.983140631e+04
y_fp   2   0   1   0   1   +3.021546989e+04
y_fp   2   0   1   0   0   -2.787081863e+03
y_fp   2   0   0   2   0   +4.109550708e+03
y_fp   2   0   0   1   1   +5.379734657e+03
y_fp   2   0   0   1   0   +3.626226961e+02
y_fp   2   0   0   0   2   +3.393314574e+02
y_fp   2   0   0   0   1   +2.648147596e+02
y_fp   2   0   0   0   0   +1.320601608e+01
y_fp   1   3   0   0   0   +2.691057422e+06
y_fp   1   2   1   0   0   -8.810332612e+04
y_fp   1   2   0   1   0   -6.469342588e+06
y_fp   1   2   0   0   1   +2.639518800e+03
y_fp   1   2   0   0   0   +6.250347076e+04
y_fp   1   1   2   0   0   -5.471377707e+04
y_fp   1   1   1   1   0   +5.759538766e+04
y_fp   1   1   1   0   1   -8.473852011e+03
y_fp   1   1   1   0   0   -2.176215360e+03
y_fp   1   1   0   2   0   +5.054707288e+06
y_fp   1   1   0   1   1   -4.378687359e+03
y_fp   1   1   0   1   0   -1.181107520e+05
y_fp   1   1   0   0   2   +1.368148349e+02
y_fp   1   1   0   0   1   +4.059448479e+01
y_fp   1   1   0   0   0   -2.295082297e+02
y_fp   1   0   3   0   0   -1.609057378e+05
y_fp   1   0   2   1   0   +2.117213661e+04
y_fp   1   0   2   0   1   -2.507478393e+04
y_fp   1   0   2   0   0   +2.257415208e+03
y_fp   1   0   1   2   0   +4.778739620e+03
y_fp   1   0   1   1   1   -4.377278488e+03
y_fp   1   0   1   1   0   -2.563016206e+02
y_fp   1   0   1   0   2   -1.834666331e+03
y_fp   1   0   1   0   1   -4.511294002e+02
y_fp   1   0   1   0   0   -2.729712324e+01
y_fp   1   0   0   3   0   -1.293695215e+06
y_fp   1   0   0   2   1   +2.399232816e+03
y_fp   1   0   0   2   0   +5.308182294e+04
y_fp   1   0   0   1   2   +1.813369991e+03
y_fp   1   0   0   1   1   +1.222463493e+00
y_fp   1   0   0   1   0   +4.372433456e+01
y_fp   1   0   0   0   3   -1.596636234e+03
y_fp   1   0   0   0   2   +2.240634426e+01
y_fp   1   0   0   0   1   +2.885654398e+00
y_fp   1   0   0   0   0   -4.201106766e+00
y_fp   0   4   0   0   0   +4.326826592e+06
y_fp   0   3   1   0   0   -2.437363057e+06
y_fp   0   3   0   1   0   -9.945622103e+06
y_fp   0   3   0   0   1   +3.470621650e+05
y_fp   0   3   0   0   0   +2.104325485e+05
y_fp   0   2   2   0   0   +3.366432074e+04
y_fp   0   2   1   1   0   +5.858999142e+06
y_fp   0   2   1   0   1   -2.746807261e+03
y_fp   0   2   1   0   0   -5.655300676e+04
y_fp   0   2   0   2   0   +7.104375163e+06
y_fp   0   2   0   1   1   -8.359404685e+05
y_fp   0   2   0   1   0   -4.418016271e+05
y_fp   0   2   0   0   2   -1.088264016e+02
y_fp   0   2   0   0   1   +8.102166405e+03
y_fp   0   2   0   0   0   +2.190700016e+03
y_fp   0   1   3   0   0   +9.856634466e+03
y_fp   0   1   2   1   0   -2.048740690e+04
y_fp   0   1   2   0   1   +5.400565726e+03
y_fp   0   1   2   0   0   +1.020124290e+03
y_fp   0   1   1   2   0   -4.578595322e+06
y_fp   0   1   1   1   1   +4.152376276e+03
y_fp   0   1   1   1   0   +1.068371443e+05
y_fp   0   1   1   0   2   -1.250947795e+02
y_fp   0   1   1   0   1   -3.635676228e+01
y_fp   0   1   1   0   0   +2.045778644e+02
y_fp   0   1   0   3   0   -1.282461706e+06
y_fp   0   1   0   2   1   +6.540625230e+05
y_fp   0   1   0   2   0   +2.723324863e+05
y_fp   0   1   0   1   2   -9.786309107e+02
y_fp   0   1   0   1   1   -1.532984025e+04
y_fp   0   1   0   1   0   -4.748852905e+03
y_fp   0   1   0   0   3   -1.735485988e+02
y_fp   0   1   0   0   2   +2.175411993e+01
y_fp   0   1   0   0   1   -3.668244412e+01
y_fp   0   1   0   0   0   -1.588190835e+01
y_fp   0   0   4   0   0   +3.033435682e+04
y_fp   0   0   3   1   0   -2.338362233e+03
y_fp   0   0   3   0   1   +6.806487892e+03
y_fp   0   0   3   0   0   -5.965012838e+02
y_fp   0   0   2   2   0   -7.876234618e+03
y_fp   0   0   2   1   1   -2.261337111e+03
y_fp   0   0   2   1   0   -1.266448553e+02
y_fp   0   0   2   0   2   +1.789474627e+03
y_fp   0   0   2   0   1   +2.209543359e+02
y_fp   0   0   2   0   0   +9.792250098e+00
y_fp   0   0   1   3   0   +1.171519394e+06
y_fp   0   0   1   2   1   -3.266612984e+03
y_fp   0   0   1   2   0   -4.801603251e+04
y_fp   0   0   1   1   2   -1.240484920e+03
y_fp   0   0   1   1   1   -4.614538332e+01
y_fp   0   0   1   1   0   -3.543834977e+01
y_fp   0   0   1   0   3   +1.515685413e+03
y_fp   0   0   1   0   2   -1.630076012e+01
y_fp   0   0   1   0   1   -3.440528773e+00
y_fp   0   0   1   0   0   +3.839309670e+00
y_fp   0   0   0   4   0   -1.982001953e+05
y_fp   0   0   0   3   1   -1.657185504e+05
y_fp   0   0   0   3   0   -4.409725087e+04
y_fp   0   0   0   2   2   -4.854847753e+01
y_fp   0   0   0   2   1   +6.885508721e+03
y_fp   0   0   0   2   0   +2.168789847e+03
y_fp   0   0   0   1   3   -6.044832877e+02
y_fp   0   0   0   1   2   +9.109555702e+01
y_fp   0   0   0   1   1   +1.281796804e+01
y_fp   0   0   0   1   0   -3.643304149e-01
y_fp   0   0   0   0   4   +1.564865259e+01
y_fp   0   0   0   0   3   -1.685645160e+01
y_fp   0   0   0   0   2   -8.890638179e-01
y_fp   0   0   0   0   1   -3.608857006e-01
y_fp   0   0   0   0   0   -1.883734119e-01
