# Polynomial metadata: 
# -- Order: 3
# -- Trained on data: 'data/sieve_holes/fits_21Dec/V3.root'
# -- Input branches: { x_fp y_fp dxdz_fp dydz_fp }
# -- Time created: Fri Mar 20 01:15:35 2026

poly-DoF 4
is-RHRS 0
dpp_sv   3   0   0   0   +1.676764000e-03
dpp_sv   2   1   0   0   -8.181357596e-02
dpp_sv   2   0   1   0   -7.103852913e-02
dpp_sv   2   0   0   1   +8.589168986e-02
dpp_sv   2   0   0   0   +9.357747637e-03
dpp_sv   1   2   0   0   +2.529633962e+00
dpp_sv   1   1   1   0   +4.454884212e+00
dpp_sv   1   1   0   1   -3.318939349e+00
dpp_sv   1   1   0   0   -2.424239978e-02
dpp_sv   1   0   2   0   +3.148913335e+00
dpp_sv   1   0   1   1   -4.023816964e+00
dpp_sv   1   0   1   0   +1.824656609e-01
dpp_sv   1   0   0   2   +4.729479047e-02
dpp_sv   1   0   0   1   -1.409321762e-03
dpp_sv   1   0   0   0   +7.400813376e-02
dpp_sv   0   3   0   0   -2.654824800e+00
dpp_sv   0   2   1   0   +2.346159154e+01
dpp_sv   0   2   0   1   +3.706643935e+00
dpp_sv   0   2   0   0   +2.288647870e+00
dpp_sv   0   1   2   0   -1.314058034e+02
dpp_sv   0   1   1   1   -2.282304360e+01
dpp_sv   0   1   1   0   -2.362223582e+00
dpp_sv   0   1   0   2   +6.782654879e+01
dpp_sv   0   1   0   1   -3.438677649e+00
dpp_sv   0   1   0   0   -6.666511757e-02
dpp_sv   0   0   3   0   -6.471603331e+01
dpp_sv   0   0   2   1   +2.006006301e+02
dpp_sv   0   0   2   0   +4.791367374e+00
dpp_sv   0   0   1   2   -2.614327392e+01
dpp_sv   0   0   1   1   -2.293698997e+00
dpp_sv   0   0   1   0   -5.475532944e-02
dpp_sv   0   0   0   3   -6.367309396e+01
dpp_sv   0   0   0   2   +7.455589329e-01
dpp_sv   0   0   0   1   +6.546071814e-02
dpp_sv   0   0   0   0   +2.039161952e-04
dxdz_sv   3   0   0   0   +6.667646481e-03
dxdz_sv   2   1   0   0   -1.104928703e-01
dxdz_sv   2   0   1   0   -7.893219395e-01
dxdz_sv   2   0   0   1   -1.091958022e-01
dxdz_sv   2   0   0   0   -1.914052810e-02
dxdz_sv   1   2   0   0   -6.116190089e+00
dxdz_sv   1   1   1   0   +2.326168107e+01
dxdz_sv   1   1   0   1   +1.700322228e+01
dxdz_sv   1   1   0   0   +3.691503175e-01
dxdz_sv   1   0   2   0   +4.123310318e+00
dxdz_sv   1   0   1   1   +1.120215290e+01
dxdz_sv   1   0   1   0   +1.514124965e+00
dxdz_sv   1   0   0   2   -8.664324570e+00
dxdz_sv   1   0   0   1   -2.471133928e-01
dxdz_sv   1   0   0   0   +6.017433236e-03
dxdz_sv   0   3   0   0   -4.014454476e+01
dxdz_sv   0   2   1   0   -1.806781435e+02
dxdz_sv   0   2   0   1   +3.073873626e+02
dxdz_sv   0   2   0   0   +3.350403384e+00
dxdz_sv   0   1   2   0   +6.218400777e+01
dxdz_sv   0   1   1   1   -3.843456467e+02
dxdz_sv   0   1   1   0   -3.307418699e+01
dxdz_sv   0   1   0   2   -6.593138019e+02
dxdz_sv   0   1   0   1   -1.912176159e+01
dxdz_sv   0   1   0   0   -2.215644574e-01
dxdz_sv   0   0   3   0   +5.348074460e+01
dxdz_sv   0   0   2   1   -2.673930398e+01
dxdz_sv   0   0   2   0   -7.005327554e+00
dxdz_sv   0   0   1   2   -8.114649022e+01
dxdz_sv   0   0   1   1   -1.036623734e+01
dxdz_sv   0   0   1   0   -2.457044793e+00
dxdz_sv   0   0   0   3   +4.268581436e+02
dxdz_sv   0   0   0   2   +1.760330735e+01
dxdz_sv   0   0   0   1   +2.684754556e-01
dxdz_sv   0   0   0   0   +3.639682496e-03
dydz_sv   3   0   0   0   +1.112138465e-03
dydz_sv   2   1   0   0   +1.854829215e-01
dydz_sv   2   0   1   0   -2.009158982e-01
dydz_sv   2   0   0   1   -1.373071705e-01
dydz_sv   2   0   0   0   +1.697719859e-03
dydz_sv   1   2   0   0   -9.708661468e+00
dydz_sv   1   1   1   0   +9.260660099e+00
dydz_sv   1   1   0   1   +9.920197524e+00
dydz_sv   1   1   0   0   -1.690800297e-01
dydz_sv   1   0   2   0   +4.321520929e+00
dydz_sv   1   0   1   1   -1.493215523e+01
dydz_sv   1   0   1   0   -1.580288352e-02
dydz_sv   1   0   0   2   -5.552314817e+00
dydz_sv   1   0   0   1   -8.066200812e-01
dydz_sv   1   0   0   0   -3.851067747e-03
dydz_sv   0   3   0   0   +9.199872392e+00
dydz_sv   0   2   1   0   -2.053104736e+02
dydz_sv   0   2   0   1   +1.380244456e+01
dydz_sv   0   2   0   0   -6.022611163e+00
dydz_sv   0   1   2   0   +2.221622156e+02
dydz_sv   0   1   1   1   +2.260079077e+02
dydz_sv   0   1   1   0   -1.529246868e+00
dydz_sv   0   1   0   2   -2.669307429e+02
dydz_sv   0   1   0   1   +3.986376122e+00
dydz_sv   0   1   0   0   -8.072386199e-01
dydz_sv   0   0   3   0   -2.027389685e+02
dydz_sv   0   0   2   1   +1.255147453e+02
dydz_sv   0   0   2   0   -2.471907627e+00
dydz_sv   0   0   1   2   +7.423086852e+01
dydz_sv   0   0   1   1   +4.089753028e+00
dydz_sv   0   0   1   0   -1.303109559e-01
dydz_sv   0   0   0   3   +2.250284040e+02
dydz_sv   0   0   0   2   +6.777196477e+00
dydz_sv   0   0   0   1   +5.648136607e-01
dydz_sv   0   0   0   0   -2.967461962e-03
x_sv   3   0   0   0   -2.074468704e-03
x_sv   2   1   0   0   +2.597150782e-02
x_sv   2   0   1   0   -1.707594085e-01
x_sv   2   0   0   1   +5.047194549e-01
x_sv   2   0   0   0   +6.028276732e-03
x_sv   1   2   0   0   +1.095491418e+01
x_sv   1   1   1   0   -7.677608773e+00
x_sv   1   1   0   1   -2.298398705e+01
x_sv   1   1   0   0   +1.135802570e-01
x_sv   1   0   2   0   -7.726908661e-01
x_sv   1   0   1   1   +1.499427824e+01
x_sv   1   0   1   0   +7.057964539e-01
x_sv   1   0   0   2   -4.891166106e+00
x_sv   1   0   0   1   -1.300732514e+00
x_sv   1   0   0   0   -1.963256730e-02
x_sv   0   3   0   0   +1.969393761e+02
x_sv   0   2   1   0   +5.492212820e+02
x_sv   0   2   0   1   -9.069236828e+02
x_sv   0   2   0   0   -4.621262491e+00
x_sv   0   1   2   0   -7.796622954e+02
x_sv   0   1   1   1   -1.534485789e+03
x_sv   0   1   1   0   -5.107919394e+01
x_sv   0   1   0   2   +1.568199333e+03
x_sv   0   1   0   1   +8.036370112e+00
x_sv   0   1   0   0   -5.071804332e-01
x_sv   0   0   3   0   +4.095900841e+02
x_sv   0   0   2   1   +1.024694667e+03
x_sv   0   0   2   0   +1.403102860e+01
x_sv   0   0   1   2   +2.514065149e+02
x_sv   0   0   1   1   +2.161361595e+01
x_sv   0   0   1   0   -1.024977950e+00
x_sv   0   0   0   3   -1.035320556e+03
x_sv   0   0   0   2   -8.736741337e+00
x_sv   0   0   0   1   +9.088943857e-01
x_sv   0   0   0   0   +1.180254229e-02
y_sv   3   0   0   0   +6.878251828e-04
y_sv   2   1   0   0   +1.090727120e-01
y_sv   2   0   1   0   -1.208524065e-01
y_sv   2   0   0   1   -8.193440805e-02
y_sv   2   0   0   0   +9.890553644e-04
y_sv   1   2   0   0   -5.781828352e+00
y_sv   1   1   1   0   +5.560131839e+00
y_sv   1   1   0   1   +5.949860879e+00
y_sv   1   1   0   0   -1.001845880e-01
y_sv   1   0   2   0   +2.609642179e+00
y_sv   1   0   1   1   -8.921133191e+00
y_sv   1   0   1   0   -8.428370451e-03
y_sv   1   0   0   2   -3.342664898e+00
y_sv   1   0   0   1   -4.823863029e-01
y_sv   1   0   0   0   -2.290024593e-03
y_sv   0   3   0   0   +5.102252223e+00
y_sv   0   2   1   0   -1.231614467e+02
y_sv   0   2   0   1   +7.881397266e+00
y_sv   0   2   0   0   -3.672541966e+00
y_sv   0   1   2   0   +1.328358368e+02
y_sv   0   1   1   1   +1.355126698e+02
y_sv   0   1   1   0   -9.349746229e-01
y_sv   0   1   0   2   -1.594380238e+02
y_sv   0   1   0   1   +2.470811253e+00
y_sv   0   1   0   0   -4.825896775e-01
y_sv   0   0   3   0   -1.217442776e+02
y_sv   0   0   2   1   +7.440178938e+01
y_sv   0   0   2   0   -1.483602554e+00
y_sv   0   0   1   2   +4.432260661e+01
y_sv   0   0   1   1   +2.435353412e+00
y_sv   0   0   1   0   -7.840747812e-02
y_sv   0   0   0   3   +1.352086948e+02
y_sv   0   0   0   2   +4.016927257e+00
y_sv   0   0   0   1   +3.368469638e-01
y_sv   0   0   0   0   -2.578542194e-02
