# Polynomial metadata: 
# -- Order: 4
# -- Trained on data: 'data/sieve_holes/fits_29Mar/V123.root'
# -- Input branches: { x_fp y_fp dxdz_fp dydz_fp }
# -- Time created: Fri Apr 17 04:23:58 2026

poly-DoF 4
is-RHRS 1
dpp_sv   4   0   0   0   +2.358687808e-04
dpp_sv   3   1   0   0   +3.620684247e-03
dpp_sv   3   0   1   0   +2.318768062e-02
dpp_sv   3   0   0   1   -2.093700549e-02
dpp_sv   3   0   0   0   +1.286889645e-03
dpp_sv   2   2   0   0   -1.930461933e-01
dpp_sv   2   1   1   0   -2.362326597e+00
dpp_sv   2   1   0   1   +8.691566964e-01
dpp_sv   2   1   0   0   -2.663680890e-02
dpp_sv   2   0   2   0   -8.560741315e-01
dpp_sv   2   0   1   1   +3.224010858e+00
dpp_sv   2   0   1   0   -1.468693199e-02
dpp_sv   2   0   0   2   -9.958935906e-01
dpp_sv   2   0   0   1   +1.799290238e-02
dpp_sv   2   0   0   0   +8.651193782e-03
dpp_sv   1   3   0   0   +1.345485700e+01
dpp_sv   1   2   1   0   +8.309929351e+01
dpp_sv   1   2   0   1   -4.770131733e+01
dpp_sv   1   2   0   0   -6.031390913e-02
dpp_sv   1   1   2   0   +4.442240643e+01
dpp_sv   1   1   1   1   -8.404885692e+01
dpp_sv   1   1   1   0   +4.256954808e+00
dpp_sv   1   1   0   2   +5.099130382e+01
dpp_sv   1   1   0   1   +8.874426696e-01
dpp_sv   1   1   0   0   +1.135748877e-02
dpp_sv   1   0   3   0   +2.953885702e+01
dpp_sv   1   0   2   1   -9.181231085e+01
dpp_sv   1   0   2   0   +1.930326947e+00
dpp_sv   1   0   1   2   +1.296541761e+01
dpp_sv   1   0   1   1   -4.569129637e+00
dpp_sv   1   0   1   0   +1.635490004e-01
dpp_sv   1   0   0   3   -1.611589168e+01
dpp_sv   1   0   0   2   -1.122869968e+00
dpp_sv   1   0   0   1   -8.244212905e-05
dpp_sv   1   0   0   0   +7.426366639e-02
dpp_sv   0   4   0   0   -2.730839376e+02
dpp_sv   0   3   1   0   -1.517920351e+03
dpp_sv   0   3   0   1   +1.324929388e+03
dpp_sv   0   3   0   0   +6.143823809e+00
dpp_sv   0   2   2   0   +1.454700058e+02
dpp_sv   0   2   1   1   +2.646878369e+03
dpp_sv   0   2   1   0   -6.733455994e+00
dpp_sv   0   2   0   2   -2.129468691e+03
dpp_sv   0   2   0   1   -2.692040508e+01
dpp_sv   0   2   0   0   +6.760176568e-01
dpp_sv   0   1   3   0   +7.846250303e+02
dpp_sv   0   1   2   1   +1.861477744e+03
dpp_sv   0   1   2   0   -1.339343921e-01
dpp_sv   0   1   1   2   -2.540756426e+03
dpp_sv   0   1   1   1   -2.379124402e+01
dpp_sv   0   1   1   0   -1.925625657e+00
dpp_sv   0   1   0   3   +1.036037319e+03
dpp_sv   0   1   0   2   +3.884785992e+01
dpp_sv   0   1   0   1   -1.083365768e+00
dpp_sv   0   1   0   0   -7.492232761e-03
dpp_sv   0   0   4   0   -1.616487087e+03
dpp_sv   0   0   3   1   +2.851792596e+02
dpp_sv   0   0   3   0   -5.514300777e+01
dpp_sv   0   0   2   2   -1.287062031e+03
dpp_sv   0   0   2   1   +1.551289630e+01
dpp_sv   0   0   2   0   +1.886356715e+00
dpp_sv   0   0   1   3   +1.201186864e+03
dpp_sv   0   0   1   2   +2.942943152e+01
dpp_sv   0   0   1   1   -1.145773625e+00
dpp_sv   0   0   1   0   -4.510765545e-02
dpp_sv   0   0   0   4   +1.154863738e+02
dpp_sv   0   0   0   3   -1.389701347e+01
dpp_sv   0   0   0   2   +3.276575418e-01
dpp_sv   0   0   0   1   +5.333423151e-03
dpp_sv   0   0   0   0   -4.601974584e-04
dxdz_sv   4   0   0   0   -1.477301212e-03
dxdz_sv   3   1   0   0   -7.386048363e-02
dxdz_sv   3   0   1   0   +4.494705928e-02
dxdz_sv   3   0   0   1   +2.477933647e-03
dxdz_sv   3   0   0   0   +2.851942531e-03
dxdz_sv   2   2   0   0   +4.922945648e+00
dxdz_sv   2   1   1   0   -8.399094065e-01
dxdz_sv   2   1   0   1   +9.123478277e-01
dxdz_sv   2   1   0   0   +4.608259116e-02
dxdz_sv   2   0   2   0   +1.481113414e-01
dxdz_sv   2   0   1   1   -2.696430246e+00
dxdz_sv   2   0   1   0   -1.146285428e-01
dxdz_sv   2   0   0   2   -2.086960655e+00
dxdz_sv   2   0   0   1   -4.517787053e-02
dxdz_sv   2   0   0   0   -6.296956386e-03
dxdz_sv   1   3   0   0   -4.596337182e+01
dxdz_sv   1   2   1   0   +1.784690004e+01
dxdz_sv   1   2   0   1   +8.649931752e+01
dxdz_sv   1   2   0   0   +9.216593756e-01
dxdz_sv   1   1   2   0   +2.910531248e+02
dxdz_sv   1   1   1   1   -3.211909168e+01
dxdz_sv   1   1   1   0   -9.589840840e-01
dxdz_sv   1   1   0   2   +7.707032917e+01
dxdz_sv   1   1   0   1   -4.309574676e+00
dxdz_sv   1   1   0   0   -5.753445470e-02
dxdz_sv   1   0   3   0   -3.509428437e+01
dxdz_sv   1   0   2   1   +1.919103609e+02
dxdz_sv   1   0   2   0   +4.281035282e+00
dxdz_sv   1   0   1   2   -4.552437216e+00
dxdz_sv   1   0   1   1   +7.762712966e+00
dxdz_sv   1   0   1   0   +3.619374685e-01
dxdz_sv   1   0   0   3   -5.656515967e+01
dxdz_sv   1   0   0   2   -7.721779502e-01
dxdz_sv   1   0   0   1   +4.747584869e-02
dxdz_sv   1   0   0   0   +5.712222432e-03
dxdz_sv   0   4   0   0   -6.061917004e+01
dxdz_sv   0   3   1   0   +5.254375795e+03
dxdz_sv   0   3   0   1   +9.428732300e+02
dxdz_sv   0   3   0   0   +3.347519186e+01
dxdz_sv   0   2   2   0   -2.873328483e+03
dxdz_sv   0   2   1   1   -5.266337922e+03
dxdz_sv   0   2   1   0   -9.653292045e+01
dxdz_sv   0   2   0   2   -1.442150665e+03
dxdz_sv   0   2   0   1   -2.069710402e+01
dxdz_sv   0   2   0   0   +5.179058530e-01
dxdz_sv   0   1   3   0   -1.471522118e+04
dxdz_sv   0   1   2   1   +6.539533996e+03
dxdz_sv   0   1   2   0   +9.561152669e+01
dxdz_sv   0   1   1   2   +6.616445459e+03
dxdz_sv   0   1   1   1   +1.557171647e+02
dxdz_sv   0   1   1   0   +1.235764499e+01
dxdz_sv   0   1   0   3   +2.139125354e+03
dxdz_sv   0   1   0   2   +2.917085503e-01
dxdz_sv   0   1   0   1   -1.843933613e+00
dxdz_sv   0   1   0   0   -3.163418253e-02
dxdz_sv   0   0   4   0   +1.482603021e+03
dxdz_sv   0   0   3   1   +4.925309053e+03
dxdz_sv   0   0   3   0   +1.676088189e+01
dxdz_sv   0   0   2   2   +3.005743362e+03
dxdz_sv   0   0   2   1   -1.181903944e+02
dxdz_sv   0   0   2   0   -5.846724688e+00
dxdz_sv   0   0   1   3   -1.793634431e+03
dxdz_sv   0   0   1   2   -7.740728065e+01
dxdz_sv   0   0   1   1   -3.735103686e+00
dxdz_sv   0   0   1   0   -1.703764353e+00
dxdz_sv   0   0   0   4   -1.394015929e+03
dxdz_sv   0   0   0   3   -5.231155409e+01
dxdz_sv   0   0   0   2   +3.007024676e+00
dxdz_sv   0   0   0   1   +5.061379272e-02
dxdz_sv   0   0   0   0   -2.937731442e-03
dydz_sv   4   0   0   0   +1.113339101e-03
dydz_sv   3   1   0   0   +2.100671860e-02
dydz_sv   3   0   1   0   -3.862553373e-01
dydz_sv   3   0   0   1   -9.343539011e-02
dydz_sv   3   0   0   0   +4.146012988e-04
dydz_sv   2   2   0   0   +1.669219420e+01
dydz_sv   2   1   1   0   -2.054504231e+01
dydz_sv   2   1   0   1   +3.716968406e+00
dydz_sv   2   1   0   0   -3.081839815e-01
dydz_sv   2   0   2   0   +1.656439427e+01
dydz_sv   2   0   1   1   -2.105276731e+00
dydz_sv   2   0   1   0   +8.944707242e-02
dydz_sv   2   0   0   2   -7.706569906e+00
dydz_sv   2   0   0   1   +1.919855682e-01
dydz_sv   2   0   0   0   -5.721311850e-04
dydz_sv   1   3   0   0   +4.821865278e+01
dydz_sv   1   2   1   0   +1.844444206e+02
dydz_sv   1   2   0   1   +3.575968650e+02
dydz_sv   1   2   0   0   +8.075225123e+00
dydz_sv   1   1   2   0   +1.228639798e+03
dydz_sv   1   1   1   1   -4.002881507e+02
dydz_sv   1   1   1   0   -3.875508172e+00
dydz_sv   1   1   0   2   +8.376911182e+01
dydz_sv   1   1   0   1   -2.967516567e+01
dydz_sv   1   1   0   0   +6.275856949e-02
dydz_sv   1   0   3   0   -2.852918349e+02
dydz_sv   1   0   2   1   +5.039306840e+01
dydz_sv   1   0   2   0   -5.165446253e+00
dydz_sv   1   0   1   2   -7.956825138e+01
dydz_sv   1   0   1   1   +3.846430098e-01
dydz_sv   1   0   1   0   +1.145220086e-02
dydz_sv   1   0   0   3   +1.517330008e+02
dydz_sv   1   0   0   2   +5.932202540e+00
dydz_sv   1   0   0   1   -2.482257959e-01
dydz_sv   1   0   0   0   -1.038997614e-02
dydz_sv   0   4   0   0   -9.370253001e+02
dydz_sv   0   3   1   0   -3.198785784e+03
dydz_sv   0   3   0   1   +3.089649124e+03
dydz_sv   0   3   0   0   -2.194291479e+01
dydz_sv   0   2   2   0   +2.924000352e+04
dydz_sv   0   2   1   1   +1.061059958e+04
dydz_sv   0   2   1   0   +1.008554966e+02
dydz_sv   0   2   0   2   +3.318920626e+02
dydz_sv   0   2   0   1   +2.033599277e+02
dydz_sv   0   2   0   0   -2.090595846e+00
dydz_sv   0   1   3   0   -1.150401020e+03
dydz_sv   0   1   2   1   +1.159209867e+04
dydz_sv   0   1   2   0   -2.689323880e+01
dydz_sv   0   1   1   2   -7.286633504e+03
dydz_sv   0   1   1   1   -3.407145690e+02
dydz_sv   0   1   1   0   +4.554371448e+00
dydz_sv   0   1   0   3   +1.982328534e+03
dydz_sv   0   1   0   2   -2.910817715e+02
dydz_sv   0   1   0   1   -8.201209746e+00
dydz_sv   0   1   0   0   -6.684666032e-01
dydz_sv   0   0   4   0   -3.878742620e+03
dydz_sv   0   0   3   1   -4.216293726e+01
dydz_sv   0   0   3   0   +1.458604090e+01
dydz_sv   0   0   2   2   +9.157825056e+03
dydz_sv   0   0   2   1   -1.752741624e+02
dydz_sv   0   0   2   0   +5.575847366e+00
dydz_sv   0   0   1   3   +1.186339690e+03
dydz_sv   0   0   1   2   -2.408267337e+01
dydz_sv   0   0   1   1   +3.903491734e+00
dydz_sv   0   0   1   0   +1.267432480e-02
dydz_sv   0   0   0   4   +9.284469590e+02
dydz_sv   0   0   0   3   +9.813530713e+01
dydz_sv   0   0   0   2   +1.420904358e+01
dydz_sv   0   0   0   1   -2.609536537e-01
dydz_sv   0   0   0   0   -8.245072254e-03
x_sv   4   0   0   0   -3.475255575e-03
x_sv   3   1   0   0   -2.955422506e-01
x_sv   3   0   1   0   +2.134805487e-01
x_sv   3   0   0   1   -4.356355306e-02
x_sv   3   0   0   0   +2.993511113e-03
x_sv   2   2   0   0   +1.514841757e+00
x_sv   2   1   1   0   +1.706414236e+01
x_sv   2   1   0   1   -1.225041802e+01
x_sv   2   1   0   0   +3.558190456e-02
x_sv   2   0   2   0   -1.217298925e+01
x_sv   2   0   1   1   -2.077782025e+00
x_sv   2   0   1   0   -1.637879486e-01
x_sv   2   0   0   2   +1.450383290e+00
x_sv   2   0   0   1   +1.323553465e-01
x_sv   2   0   0   0   -4.114112102e-03
x_sv   1   3   0   0   -2.072190867e+01
x_sv   1   2   1   0   +2.988837682e+02
x_sv   1   2   0   1   +9.767756399e+01
x_sv   1   2   0   0   +1.558311291e-01
x_sv   1   1   2   0   +2.680727871e+02
x_sv   1   1   1   1   +7.556927190e+02
x_sv   1   1   1   0   -1.000718063e+01
x_sv   1   1   0   2   -1.714442242e+02
x_sv   1   1   0   1   -3.264123110e+00
x_sv   1   1   0   0   +4.019417222e-02
x_sv   1   0   3   0   +4.904993811e+02
x_sv   1   0   2   1   -2.506401828e+02
x_sv   1   0   2   0   +1.006159122e+01
x_sv   1   0   1   2   +8.261895348e+01
x_sv   1   0   1   1   -6.591317980e+00
x_sv   1   0   1   0   +2.915660048e-01
x_sv   1   0   0   3   +2.969602787e+01
x_sv   1   0   0   2   +5.929198907e+00
x_sv   1   0   0   1   -3.315335464e-02
x_sv   1   0   0   0   +2.210257772e-03
x_sv   0   4   0   0   -5.182335600e+02
x_sv   0   3   1   0   +3.736095299e+03
x_sv   0   3   0   1   +2.322876715e+03
x_sv   0   3   0   0   +3.548230655e+01
x_sv   0   2   2   0   +1.049044519e+03
x_sv   0   2   1   1   -3.406461199e+02
x_sv   0   2   1   0   -3.280167404e+01
x_sv   0   2   0   2   -2.850812548e+03
x_sv   0   2   0   1   -1.947758534e+01
x_sv   0   2   0   0   +7.654026766e-01
x_sv   0   1   3   0   +1.355913363e+03
x_sv   0   1   2   1   +1.453574623e+04
x_sv   0   1   2   0   -9.682065861e+01
x_sv   0   1   1   2   +1.148175948e+04
x_sv   0   1   1   1   +9.992861294e+01
x_sv   0   1   1   0   +2.897613943e+00
x_sv   0   1   0   3   +3.561488298e+03
x_sv   0   1   0   2   -1.426847577e+01
x_sv   0   1   0   1   -1.683921367e+00
x_sv   0   1   0   0   -1.631173415e-02
x_sv   0   0   4   0   -4.983619658e+03
x_sv   0   0   3   1   +1.509809098e+04
x_sv   0   0   3   0   -2.305464240e+02
x_sv   0   0   2   2   -1.926433725e+02
x_sv   0   0   2   1   +4.365515104e+01
x_sv   0   0   2   0   -1.717578779e+00
x_sv   0   0   1   3   -1.086475352e+03
x_sv   0   0   1   2   -4.092077057e+02
x_sv   0   0   1   1   +1.143669688e+01
x_sv   0   0   1   0   -1.145369869e+00
x_sv   0   0   0   4   -1.893711975e+03
x_sv   0   0   0   3   +3.689016878e+01
x_sv   0   0   0   2   +2.097499986e+00
x_sv   0   0   0   1   -3.580183672e-02
x_sv   0   0   0   0   -3.606211984e-04
y_sv   4   0   0   0   +2.954204109e-03
y_sv   3   1   0   0   +1.797591716e-01
y_sv   3   0   1   0   +7.788138925e-02
y_sv   3   0   0   1   +7.224098438e-02
y_sv   3   0   0   0   +4.520253347e-04
y_sv   2   2   0   0   -1.080632970e+01
y_sv   2   1   1   0   +9.519869618e+00
y_sv   2   1   0   1   -2.234506278e+00
y_sv   2   1   0   0   +2.405504247e-01
y_sv   2   0   2   0   -4.151292721e+00
y_sv   2   0   1   1   +6.442261393e+00
y_sv   2   0   1   0   -4.650911735e-02
y_sv   2   0   0   2   +8.799012688e+00
y_sv   2   0   0   1   -2.719661707e-01
y_sv   2   0   0   0   -9.594679506e-04
y_sv   1   3   0   0   -4.327862795e+01
y_sv   1   2   1   0   -9.495877911e+01
y_sv   1   2   0   1   -1.329205344e+02
y_sv   1   2   0   0   -6.746948765e+00
y_sv   1   1   2   0   -6.695359107e+02
y_sv   1   1   1   1   +2.777976349e+02
y_sv   1   1   1   0   +3.847287978e+00
y_sv   1   1   0   2   -6.932039433e+01
y_sv   1   1   0   1   +1.923923297e+01
y_sv   1   1   0   0   -3.622682164e-01
y_sv   1   0   3   0   +8.989553378e+01
y_sv   1   0   2   1   -2.154138245e+02
y_sv   1   0   2   0   +2.713688476e+00
y_sv   1   0   1   2   +2.929926852e+01
y_sv   1   0   1   1   -9.285442217e+00
y_sv   1   0   1   0   +2.185106133e-02
y_sv   1   0   0   3   +1.086476900e+02
y_sv   1   0   0   2   -1.004308805e+00
y_sv   1   0   0   1   -5.934375602e-01
y_sv   1   0   0   0   +4.119802297e-03
y_sv   0   4   0   0   +1.581749924e+03
y_sv   0   3   1   0   +2.172784493e+03
y_sv   0   3   0   1   -3.749443573e+03
y_sv   0   3   0   0   +5.734183254e+01
y_sv   0   2   2   0   -1.512061191e+04
y_sv   0   2   1   1   -5.402812931e+03
y_sv   0   2   1   0   -1.089330466e+02
y_sv   0   2   0   2   +1.294884091e+03
y_sv   0   2   0   1   -1.640046357e+02
y_sv   0   2   0   0   +1.160917952e-01
y_sv   0   1   3   0   -2.951373782e+03
y_sv   0   1   2   1   -8.546884726e+03
y_sv   0   1   2   0   -7.030887592e+00
y_sv   0   1   1   2   +5.949078222e+03
y_sv   0   1   1   1   +2.715279093e+02
y_sv   0   1   1   0   -1.210608285e+01
y_sv   0   1   0   3   -1.683859112e+03
y_sv   0   1   0   2   +1.529818868e+02
y_sv   0   1   0   1   +8.424427631e+00
y_sv   0   1   0   0   -7.532474104e-01
y_sv   0   0   4   0   +1.559056574e+03
y_sv   0   0   3   1   +5.420797054e+03
y_sv   0   0   3   0   -8.253614753e+00
y_sv   0   0   2   2   -5.026127753e+03
y_sv   0   0   2   1   +4.304726667e+02
y_sv   0   0   2   0   -4.162060092e+00
y_sv   0   0   1   3   -2.631066742e+03
y_sv   0   0   1   2   -3.033334596e+01
y_sv   0   0   1   1   +3.123147266e+00
y_sv   0   0   1   0   -8.978597181e-03
y_sv   0   0   0   4   +1.269040044e+03
y_sv   0   0   0   3   -3.659631121e+01
y_sv   0   0   0   2   -1.200585474e+01
y_sv   0   0   0   1   +7.847855373e-01
y_sv   0   0   0   0   +1.000262693e-02
