# Polynomial metadata: 
# -- Order: 4
# -- Trained on data: 'data/sieve_holes/fits_29Mar/V123.root'
# -- Input branches: { x_sv y_sv dxdz_sv dydz_sv dpp_sv }
# -- Time created: Fri Apr 17 04:24:28 2026

poly-DoF 5
is-RHRS 1
dxdz_fp   4   0   0   0   0   +4.167622280e+04
dxdz_fp   3   1   0   0   0   +3.145138574e+04
dxdz_fp   3   0   1   0   0   -1.359714439e+05
dxdz_fp   3   0   0   1   0   -6.500686515e+04
dxdz_fp   3   0   0   0   1   -4.344414196e+03
dxdz_fp   3   0   0   0   0   +8.777053504e+02
dxdz_fp   2   2   0   0   0   +3.549574524e+04
dxdz_fp   2   1   1   0   0   -5.563358205e+04
dxdz_fp   2   1   0   1   0   -4.655153614e+04
dxdz_fp   2   1   0   0   1   -3.218713504e+03
dxdz_fp   2   1   0   0   0   -2.269853158e+02
dxdz_fp   2   0   2   0   0   +1.636174582e+05
dxdz_fp   2   0   1   1   0   +1.394561119e+05
dxdz_fp   2   0   1   0   1   +1.386279001e+04
dxdz_fp   2   0   1   0   0   -1.664278478e+03
dxdz_fp   2   0   0   2   0   +2.403539735e+04
dxdz_fp   2   0   0   1   1   +5.661319127e+03
dxdz_fp   2   0   0   1   0   +2.922600074e+02
dxdz_fp   2   0   0   0   2   +2.368804452e+03
dxdz_fp   2   0   0   0   1   +1.863200206e+01
dxdz_fp   2   0   0   0   0   -1.603169072e+01
dxdz_fp   1   3   0   0   0   -2.902237525e+06
dxdz_fp   1   2   1   0   0   -5.026187723e+04
dxdz_fp   1   2   0   1   0   +6.940307150e+06
dxdz_fp   1   2   0   0   1   +1.117714774e+03
dxdz_fp   1   2   0   0   0   +3.069401637e+04
dxdz_fp   1   1   2   0   0   +3.073378936e+04
dxdz_fp   1   1   1   1   0   +5.534724674e+04
dxdz_fp   1   1   1   0   1   +4.774597599e+03
dxdz_fp   1   1   1   0   0   +4.139949257e+02
dxdz_fp   1   1   0   2   0   -5.422209048e+06
dxdz_fp   1   1   0   1   1   -1.396369482e+03
dxdz_fp   1   1   0   1   0   -7.344312565e+04
dxdz_fp   1   1   0   0   2   -7.217887894e+02
dxdz_fp   1   1   0   0   1   +1.242992634e+01
dxdz_fp   1   1   0   0   0   +1.203799746e+03
dxdz_fp   1   0   3   0   0   -8.597164089e+04
dxdz_fp   1   0   2   1   0   -1.008826258e+05
dxdz_fp   1   0   2   0   1   -1.377915574e+04
dxdz_fp   1   0   2   0   0   +9.235527939e+02
dxdz_fp   1   0   1   2   0   -3.196519547e+04
dxdz_fp   1   0   1   1   1   -8.175279378e+03
dxdz_fp   1   0   1   1   0   -3.770282661e+02
dxdz_fp   1   0   1   0   2   -3.810617312e+03
dxdz_fp   1   0   1   0   1   -5.673447066e+01
dxdz_fp   1   0   1   0   0   +2.246651118e+01
dxdz_fp   1   0   0   3   0   +1.382560539e+06
dxdz_fp   1   0   0   2   1   -6.544843197e+02
dxdz_fp   1   0   0   2   0   +3.843497439e+04
dxdz_fp   1   0   0   1   2   +2.745306373e+02
dxdz_fp   1   0   0   1   1   -1.010180882e+01
dxdz_fp   1   0   0   1   0   -8.693340157e+02
dxdz_fp   1   0   0   0   3   -5.869987262e+01
dxdz_fp   1   0   0   0   2   -2.357145938e+01
dxdz_fp   1   0   0   0   1   -3.642178345e-01
dxdz_fp   1   0   0   0   0   -4.611801866e+00
dxdz_fp   0   4   0   0   0   -5.307927841e+05
dxdz_fp   0   3   1   0   0   +1.969470777e+06
dxdz_fp   0   3   0   1   0   +2.214741211e+06
dxdz_fp   0   3   0   0   1   -4.836719816e+04
dxdz_fp   0   3   0   0   0   +3.791569310e+03
dxdz_fp   0   2   2   0   0   +1.858884027e+04
dxdz_fp   0   2   1   1   0   -4.706867620e+06
dxdz_fp   0   2   1   0   1   -1.209706119e+03
dxdz_fp   0   2   1   0   0   -2.076225745e+04
dxdz_fp   0   2   0   2   0   -3.255746237e+06
dxdz_fp   0   2   0   1   1   +1.150769725e+05
dxdz_fp   0   2   0   1   0   -1.906681070e+04
dxdz_fp   0   2   0   0   2   -5.310495476e+01
dxdz_fp   0   2   0   0   1   +5.080652852e+02
dxdz_fp   0   2   0   0   0   +2.386997677e+02
dxdz_fp   0   1   3   0   0   -7.351299406e+03
dxdz_fp   0   1   2   1   0   -1.607132242e+04
dxdz_fp   0   1   2   0   1   -1.809192398e+03
dxdz_fp   0   1   2   0   0   -1.924172243e+02
dxdz_fp   0   1   1   2   0   +3.677534390e+06
dxdz_fp   0   1   1   1   1   +1.266585184e+03
dxdz_fp   0   1   1   1   0   +4.982070545e+04
dxdz_fp   0   1   1   0   2   +3.907433143e+02
dxdz_fp   0   1   1   0   1   -5.052716501e+00
dxdz_fp   0   1   1   0   0   -8.155576627e+02
dxdz_fp   0   1   0   3   0   +2.022239412e+06
dxdz_fp   0   1   0   2   1   -8.938632204e+04
dxdz_fp   0   1   0   2   0   +2.757010627e+04
dxdz_fp   0   1   0   1   2   +3.288260226e+02
dxdz_fp   0   1   0   1   1   -1.211562495e+03
dxdz_fp   0   1   0   1   0   -5.959668389e+02
dxdz_fp   0   1   0   0   3   +1.215488683e+01
dxdz_fp   0   1   0   0   2   -7.361046371e-01
dxdz_fp   0   1   0   0   1   +1.975367445e+01
dxdz_fp   0   1   0   0   0   -8.470224056e-02
dxdz_fp   0   0   4   0   0   +1.661458446e+04
dxdz_fp   0   0   3   1   0   +2.431136994e+04
dxdz_fp   0   0   3   0   1   +4.263239404e+03
dxdz_fp   0   0   3   0   0   -1.208905829e+02
dxdz_fp   0   0   2   2   0   +1.076708988e+04
dxdz_fp   0   0   2   1   1   +2.718596931e+03
dxdz_fp   0   0   2   1   0   +1.011489862e+02
dxdz_fp   0   0   2   0   2   +1.439291655e+03
dxdz_fp   0   0   2   0   1   +3.323627446e+01
dxdz_fp   0   0   2   0   0   -8.562533199e+00
dxdz_fp   0   0   1   3   0   -9.364506310e+05
dxdz_fp   0   0   1   2   1   +4.673406486e+02
dxdz_fp   0   0   1   2   0   -2.605556722e+04
dxdz_fp   0   0   1   1   2   -1.838933472e+02
dxdz_fp   0   0   1   1   1   +3.828250592e+00
dxdz_fp   0   0   1   1   0   +5.934940799e+02
dxdz_fp   0   0   1   0   3   +5.479390117e+01
dxdz_fp   0   0   1   0   2   +1.698378786e+01
dxdz_fp   0   0   1   0   1   -6.373119646e-01
dxdz_fp   0   0   1   0   0   +2.554783571e+00
dxdz_fp   0   0   0   4   0   -4.502497175e+05
dxdz_fp   0   0   0   3   1   +2.334947853e+04
dxdz_fp   0   0   0   3   0   -1.174341886e+04
dxdz_fp   0   0   0   2   2   +2.525794706e+02
dxdz_fp   0   0   0   2   1   +6.300276547e+02
dxdz_fp   0   0   0   2   0   +3.083387992e+02
dxdz_fp   0   0   0   1   3   +6.273768572e+01
dxdz_fp   0   0   0   1   2   -6.304467463e+00
dxdz_fp   0   0   0   1   1   -1.438574569e+01
dxdz_fp   0   0   0   1   0   +9.661471007e-01
dxdz_fp   0   0   0   0   4   -2.206525730e+01
dxdz_fp   0   0   0   0   3   +4.669186221e+00
dxdz_fp   0   0   0   0   2   -5.688312695e-01
dxdz_fp   0   0   0   0   1   -3.089555974e-02
dxdz_fp   0   0   0   0   0   -4.078111922e-03
dydz_fp   4   0   0   0   0   -1.629637890e+04
dydz_fp   3   1   0   0   0   -6.011092848e+04
dydz_fp   3   0   1   0   0   +3.699037342e+04
dydz_fp   3   0   0   1   0   +4.476150678e+04
dydz_fp   3   0   0   0   1   -7.338632360e+02
dydz_fp   3   0   0   0   0   -5.833823445e+02
dydz_fp   2   2   0   0   0   -1.462433172e+04
dydz_fp   2   1   1   0   0   +1.246047847e+05
dydz_fp   2   1   0   1   0   -1.694690002e+03
dydz_fp   2   1   0   0   1   +1.818024256e+03
dydz_fp   2   1   0   0   0   +5.866556149e+02
dydz_fp   2   0   2   0   0   -3.166304648e+04
dydz_fp   2   0   1   1   0   -7.955955271e+04
dydz_fp   2   0   1   0   1   +2.667800617e+03
dydz_fp   2   0   1   0   0   +1.033777068e+03
dydz_fp   2   0   0   2   0   -3.370786498e+04
dydz_fp   2   0   0   1   1   -1.423300354e+04
dydz_fp   2   0   0   1   0   +7.489220284e+02
dydz_fp   2   0   0   0   2   +1.830236337e+02
dydz_fp   2   0   0   0   1   +2.981780853e+02
dydz_fp   2   0   0   0   0   +1.333054144e+01
dydz_fp   1   3   0   0   0   -7.968573516e+05
dydz_fp   1   2   1   0   0   +2.489168206e+04
dydz_fp   1   2   0   1   0   +1.907827980e+06
dydz_fp   1   2   0   0   1   +7.721783767e+02
dydz_fp   1   2   0   0   0   +8.351015089e+03
dydz_fp   1   1   2   0   0   -8.475492320e+04
dydz_fp   1   1   1   1   0   +2.522831161e+04
dydz_fp   1   1   1   0   1   +2.113615797e+03
dydz_fp   1   1   1   0   0   -7.334150642e+02
dydz_fp   1   1   0   2   0   -1.487169960e+06
dydz_fp   1   1   0   1   1   -3.255164928e+03
dydz_fp   1   1   0   1   0   -1.989530271e+04
dydz_fp   1   1   0   0   2   -2.196858152e+02
dydz_fp   1   1   0   0   1   +3.845041366e+01
dydz_fp   1   1   0   0   0   +3.272951399e+02
dydz_fp   1   0   3   0   0   +1.100469332e+04
dydz_fp   1   0   2   1   0   +4.553976249e+04
dydz_fp   1   0   2   0   1   -1.973964408e+03
dydz_fp   1   0   2   0   0   -5.777897285e+02
dydz_fp   1   0   1   2   0   +4.656360052e+04
dydz_fp   1   0   1   1   1   +2.152103846e+04
dydz_fp   1   0   1   1   0   -1.316968711e+03
dydz_fp   1   0   1   0   2   +7.030464824e+02
dydz_fp   1   0   1   0   1   -4.261785429e+02
dydz_fp   1   0   1   0   0   -1.261830909e+01
dydz_fp   1   0   0   3   0   +3.787792371e+05
dydz_fp   1   0   0   2   1   +1.997845580e+03
dydz_fp   1   0   0   2   0   +1.054179785e+04
dydz_fp   1   0   0   1   2   -1.835483130e+02
dydz_fp   1   0   0   1   1   +5.721882255e+01
dydz_fp   1   0   0   1   0   -2.418135750e+02
dydz_fp   1   0   0   0   3   +5.140882088e+02
dydz_fp   1   0   0   0   2   +1.717774975e+01
dydz_fp   1   0   0   0   1   -1.768829066e+00
dydz_fp   1   0   0   0   0   -1.244523175e+00
dydz_fp   0   4   0   0   0   -2.586041220e+05
dydz_fp   0   3   1   0   0   +1.249414115e+05
dydz_fp   0   3   0   1   0   +3.108916130e+06
dydz_fp   0   3   0   0   1   +5.740071349e+04
dydz_fp   0   3   0   0   0   +4.590917517e+03
dydz_fp   0   2   2   0   0   -6.953972630e+03
dydz_fp   0   2   1   1   0   -3.055142022e+05
dydz_fp   0   2   1   0   1   -1.677933570e+02
dydz_fp   0   2   1   0   0   -1.381877005e+03
dydz_fp   0   2   0   2   0   -6.436994259e+06
dydz_fp   0   2   0   1   1   -1.369354077e+05
dydz_fp   0   2   0   1   0   -3.691430464e+04
dydz_fp   0   2   0   0   2   -2.593184469e+02
dydz_fp   0   2   0   0   1   -5.701020120e+02
dydz_fp   0   2   0   0   0   +1.021892948e+02
dydz_fp   0   1   3   0   0   +1.879807609e+04
dydz_fp   0   1   2   1   0   -1.459951351e+04
dydz_fp   0   1   2   0   1   -2.029688399e+03
dydz_fp   0   1   2   0   0   +2.856670854e+02
dydz_fp   0   1   1   2   0   +2.360047406e+05
dydz_fp   0   1   1   1   1   +3.209930863e+03
dydz_fp   0   1   1   1   0   +3.116293442e+03
dydz_fp   0   1   1   0   2   +3.409932887e+02
dydz_fp   0   1   1   0   1   -3.894877277e+01
dydz_fp   0   1   1   0   0   -4.831881389e+01
dydz_fp   0   1   0   3   0   +4.766172025e+06
dydz_fp   0   1   0   2   1   +1.065303974e+05
dydz_fp   0   1   0   2   0   +6.923315073e+04
dydz_fp   0   1   0   1   2   +1.072881064e+03
dydz_fp   0   1   0   1   1   +1.380134060e+03
dydz_fp   0   1   0   1   0   -1.090862890e+03
dydz_fp   0   1   0   0   3   +5.091313116e+01
dydz_fp   0   1   0   0   2   +2.211486741e+01
dydz_fp   0   1   0   0   1   -3.044392205e+01
dydz_fp   0   1   0   0   0   -4.562272154e-01
dydz_fp   0   0   4   0   0   -2.012730594e+03
dydz_fp   0   0   3   1   0   -7.749031115e+03
dydz_fp   0   0   3   0   1   +2.824737949e+02
dydz_fp   0   0   3   0   0   +7.816956556e+01
dydz_fp   0   0   2   2   0   -1.549936668e+04
dydz_fp   0   0   2   1   1   -8.097273838e+03
dydz_fp   0   0   2   1   0   +6.299781781e+02
dydz_fp   0   0   2   0   2   -7.040016448e+02
dydz_fp   0   0   2   0   1   +1.761167825e+02
dydz_fp   0   0   2   0   0   +7.128535890e+00
dydz_fp   0   0   1   3   0   -6.086436227e+04
dydz_fp   0   0   1   2   1   -1.421202854e+03
dydz_fp   0   0   1   2   0   -1.791174402e+03
dydz_fp   0   0   1   1   2   +2.666960350e+02
dydz_fp   0   0   1   1   1   -7.056221658e+01
dydz_fp   0   0   1   1   0   +4.829090947e+01
dydz_fp   0   0   1   0   3   -2.019113832e+02
dydz_fp   0   0   1   0   2   -1.843516368e+01
dydz_fp   0   0   1   0   1   +2.257907800e+00
dydz_fp   0   0   1   0   0   +2.555836430e-01
dydz_fp   0   0   0   4   0   -1.180025585e+06
dydz_fp   0   0   0   3   1   -2.688938253e+04
dydz_fp   0   0   0   3   0   -3.368034750e+04
dydz_fp   0   0   0   2   2   -1.875442028e+02
dydz_fp   0   0   0   2   1   -7.201680774e+02
dydz_fp   0   0   0   2   0   +7.305445855e+02
dydz_fp   0   0   0   1   3   +1.504122182e+02
dydz_fp   0   0   0   1   2   +2.723215705e+01
dydz_fp   0   0   0   1   1   +7.968251644e+00
dydz_fp   0   0   0   1   0   +3.530106948e+00
dydz_fp   0   0   0   0   4   -9.241535318e+01
dydz_fp   0   0   0   0   3   +5.235286600e+00
dydz_fp   0   0   0   0   2   -3.539629723e-01
dydz_fp   0   0   0   0   1   -9.494624852e-02
dydz_fp   0   0   0   0   0   -1.202063127e-02
x_fp   4   0   0   0   0   +8.175720577e+04
x_fp   3   1   0   0   0   +1.280466637e+05
x_fp   3   0   1   0   0   -2.311739428e+05
x_fp   3   0   0   1   0   -1.720856456e+05
x_fp   3   0   0   0   1   +5.142857186e+04
x_fp   3   0   0   0   0   +2.589687088e+03
x_fp   2   2   0   0   0   +7.233968603e+04
x_fp   2   1   1   0   0   -2.791501965e+05
x_fp   2   1   0   1   0   -9.967203408e+04
x_fp   2   1   0   0   1   +2.584102997e+03
x_fp   2   1   0   0   0   -2.593866265e+03
x_fp   2   0   2   0   0   +2.391268268e+05
x_fp   2   0   1   1   0   +4.473848643e+05
x_fp   2   0   1   0   1   -1.112123008e+05
x_fp   2   0   1   0   0   -7.440524072e+03
x_fp   2   0   0   2   0   +1.514203445e+05
x_fp   2   0   0   1   1   +6.145119649e+04
x_fp   2   0   0   1   0   -3.287034787e+03
x_fp   2   0   0   0   2   -1.712861077e+04
x_fp   2   0   0   0   1   -3.074387886e+03
x_fp   2   0   0   0   0   -2.300699254e+01
x_fp   1   3   0   0   0   -1.139338234e+07
x_fp   1   2   1   0   0   -1.490305594e+05
x_fp   1   2   0   1   0   +2.715418550e+07
x_fp   1   2   0   0   1   -3.270005732e+04
x_fp   1   2   0   0   0   +1.193904634e+05
x_fp   1   1   2   0   0   +1.690955479e+05
x_fp   1   1   1   1   0   +9.464870441e+04
x_fp   1   1   1   0   1   -5.648673183e+04
x_fp   1   1   1   0   0   +4.452150215e+03
x_fp   1   1   0   2   0   -2.115342600e+07
x_fp   1   1   0   1   1   +4.256246486e+04
x_fp   1   1   0   1   0   -2.863222875e+05
x_fp   1   1   0   0   2   -3.715865304e+03
x_fp   1   1   0   0   1   -2.001637290e+02
x_fp   1   1   0   0   0   +4.715990011e+03
x_fp   1   0   3   0   0   -1.108513429e+05
x_fp   1   0   2   1   0   -3.872271505e+05
x_fp   1   0   2   0   1   +6.989979149e+04
x_fp   1   0   2   0   0   +6.699326444e+03
x_fp   1   0   1   2   0   -2.025643593e+05
x_fp   1   0   1   1   1   -6.006477823e+04
x_fp   1   0   1   1   0   +5.143985696e+03
x_fp   1   0   1   0   2   +3.084013316e+04
x_fp   1   0   1   0   1   +4.852503836e+03
x_fp   1   0   1   0   0   +3.813815110e+01
x_fp   1   0   0   3   0   +5.359008991e+06
x_fp   1   0   0   2   1   -1.407770707e+04
x_fp   1   0   0   2   0   +1.502393537e+05
x_fp   1   0   0   1   2   +4.381576549e+03
x_fp   1   0   0   1   1   -4.122072521e+02
x_fp   1   0   0   1   0   -3.359455652e+03
x_fp   1   0   0   0   3   -2.028614325e+03
x_fp   1   0   0   0   2   +7.008591991e+01
x_fp   1   0   0   0   1   +3.246054001e+01
x_fp   1   0   0   0   0   -1.761583951e+01
x_fp   0   4   0   0   0   -3.816790134e+04
x_fp   0   3   1   0   0   +6.140029352e+06
x_fp   0   3   0   1   0   -4.092223353e+06
x_fp   0   3   0   0   1   -2.309347174e+04
x_fp   0   3   0   0   0   +1.705401018e+04
x_fp   0   2   2   0   0   +8.868789359e+04
x_fp   0   2   1   1   0   -1.457578063e+07
x_fp   0   2   1   0   1   +1.995895347e+04
x_fp   0   2   1   0   0   -6.420295660e+04
x_fp   0   2   0   2   0   +9.953727182e+06
x_fp   0   2   0   1   1   +3.612806945e+04
x_fp   0   2   0   1   0   +3.517375513e+03
x_fp   0   2   0   0   2   -8.541577793e+02
x_fp   0   2   0   0   1   +2.121457989e+02
x_fp   0   2   0   0   0   -1.695350747e+02
x_fp   0   1   3   0   0   -2.371883728e+04
x_fp   0   1   2   1   0   -1.887209274e+04
x_fp   0   1   2   0   1   +4.305900070e+04
x_fp   0   1   2   0   0   -2.022602730e+03
x_fp   0   1   1   2   0   +1.136611850e+07
x_fp   0   1   1   1   1   -2.152206007e+04
x_fp   0   1   1   1   0   +1.538208919e+05
x_fp   0   1   1   0   2   +7.034750991e+03
x_fp   0   1   1   0   1   -1.880349620e+02
x_fp   0   1   1   0   0   -2.542394809e+03
x_fp   0   1   0   3   0   -7.808877250e+06
x_fp   0   1   0   2   1   -2.497314458e+04
x_fp   0   1   0   2   0   -7.428949565e+04
x_fp   0   1   0   1   2   +2.073567697e+03
x_fp   0   1   0   1   1   -2.146488645e+02
x_fp   0   1   0   1   0   +2.129608970e+03
x_fp   0   1   0   0   3   -3.353420869e+02
x_fp   0   1   0   0   2   +9.466338605e+00
x_fp   0   1   0   0   1   +1.042187920e+01
x_fp   0   1   0   0   0   -6.824201627e+00
x_fp   0   0   4   0   0   +2.144865113e+04
x_fp   0   0   3   1   0   +1.128539735e+05
x_fp   0   0   3   0   1   -1.209575690e+04
x_fp   0   0   3   0   0   -2.145370717e+03
x_fp   0   0   2   2   0   +6.262483688e+04
x_fp   0   0   2   1   1   +3.983440088e+03
x_fp   0   0   2   1   0   -1.877320632e+03
x_fp   0   0   2   0   2   -1.401102863e+04
x_fp   0   0   2   0   1   -1.929984101e+03
x_fp   0   0   2   0   0   -2.673318821e+01
x_fp   0   0   1   3   0   -2.867423826e+06
x_fp   0   0   1   2   1   +1.309478314e+04
x_fp   0   0   1   2   0   -8.114542288e+04
x_fp   0   0   1   1   2   -1.750016929e+01
x_fp   0   0   1   1   1   -1.217710553e+02
x_fp   0   0   1   1   0   +1.819913344e+03
x_fp   0   0   1   0   3   +2.230373346e+03
x_fp   0   0   1   0   2   -1.629807827e+02
x_fp   0   0   1   0   1   +2.739568502e-01
x_fp   0   0   1   0   0   +9.292348122e+00
x_fp   0   0   0   4   0   +1.993765591e+06
x_fp   0   0   0   3   1   +7.528274118e+03
x_fp   0   0   0   3   0   +4.784612961e+04
x_fp   0   0   0   2   2   -2.348922435e+02
x_fp   0   0   0   2   1   +2.638185068e+02
x_fp   0   0   0   2   0   -1.477557142e+03
x_fp   0   0   0   1   3   -6.565364815e+02
x_fp   0   0   0   1   2   -5.290587391e+00
x_fp   0   0   0   1   1   -4.298329925e+00
x_fp   0   0   0   1   0   -1.498625185e+00
x_fp   0   0   0   0   4   -2.345956616e+02
x_fp   0   0   0   0   3   +6.609411191e+01
x_fp   0   0   0   0   2   -2.311305738e+01
x_fp   0   0   0   0   1   +1.347411151e+01
x_fp   0   0   0   0   0   +3.195631410e-02
y_fp   4   0   0   0   0   +2.185884531e+04
y_fp   3   1   0   0   0   -1.088501952e+04
y_fp   3   0   1   0   0   -8.813090426e+04
y_fp   3   0   0   1   0   +4.937590403e+04
y_fp   3   0   0   0   1   -1.110766058e+04
y_fp   3   0   0   0   0   -1.558647338e+03
y_fp   2   2   0   0   0   -5.927123673e+03
y_fp   2   1   1   0   0   +2.837101116e+03
y_fp   2   1   0   1   0   -1.035890577e+04
y_fp   2   1   0   0   1   -4.608267353e+03
y_fp   2   1   0   0   0   -4.767210481e+01
y_fp   2   0   2   0   0   +1.211713309e+05
y_fp   2   0   1   1   0   -9.928173343e+04
y_fp   2   0   1   0   1   +2.505454644e+04
y_fp   2   0   1   0   0   +3.626059153e+03
y_fp   2   0   0   2   0   -1.430967335e+03
y_fp   2   0   0   1   1   -3.428332664e+03
y_fp   2   0   0   1   0   -5.310189256e+02
y_fp   2   0   0   0   2   -4.986454912e+03
y_fp   2   0   0   0   1   -3.338535573e+01
y_fp   2   0   0   0   0   +2.054221383e+01
y_fp   1   3   0   0   0   +2.210227814e+05
y_fp   1   2   1   0   0   +9.246349146e+03
y_fp   1   2   0   1   0   -5.373891424e+05
y_fp   1   2   0   0   1   -1.753511608e+03
y_fp   1   2   0   0   0   -2.348111802e+03
y_fp   1   1   2   0   0   +1.255833796e+04
y_fp   1   1   1   1   0   +1.278971273e+04
y_fp   1   1   1   0   1   +3.572099531e+03
y_fp   1   1   1   0   0   +3.636195136e+02
y_fp   1   1   0   2   0   +4.190665222e+05
y_fp   1   1   0   1   1   -4.395182268e+03
y_fp   1   1   0   1   0   +5.783490215e+03
y_fp   1   1   0   0   2   -4.973267675e+02
y_fp   1   1   0   0   1   +1.041521122e+01
y_fp   1   1   0   0   0   -9.084537010e+01
y_fp   1   0   3   0   0   -7.033180257e+04
y_fp   1   0   2   1   0   +6.695561390e+04
y_fp   1   0   2   0   1   -1.622775017e+04
y_fp   1   0   2   0   0   -2.804702171e+03
y_fp   1   0   1   2   0   +1.237495262e+04
y_fp   1   0   1   1   1   +8.244746163e+03
y_fp   1   0   1   1   0   +6.777193368e+02
y_fp   1   0   1   0   2   +1.127077272e+04
y_fp   1   0   1   0   1   +1.463041674e+01
y_fp   1   0   1   0   0   -3.004578240e+01
y_fp   1   0   0   3   0   -1.092789508e+05
y_fp   1   0   0   2   1   +2.750626963e+03
y_fp   1   0   0   2   0   -2.934560822e+03
y_fp   1   0   0   1   2   -5.387056113e+02
y_fp   1   0   0   1   1   +1.332297556e+00
y_fp   1   0   0   1   0   +6.800128408e+01
y_fp   1   0   0   0   3   +2.034781884e+03
y_fp   1   0   0   0   2   +3.518330920e+01
y_fp   1   0   0   0   1   -1.349498276e+00
y_fp   1   0   0   0   0   +3.007002574e-01
y_fp   0   4   0   0   0   -4.431502329e+05
y_fp   0   3   1   0   0   -8.476920494e+05
y_fp   0   3   0   1   0   +2.890928867e+06
y_fp   0   3   0   0   1   +2.149178664e+05
y_fp   0   3   0   0   0   +1.170223387e+04
y_fp   0   2   2   0   0   +7.207645602e+02
y_fp   0   2   1   1   0   +2.029641032e+06
y_fp   0   2   1   0   1   +1.770534551e+03
y_fp   0   2   1   0   0   +8.892512722e+03
y_fp   0   2   0   2   0   -5.203844517e+06
y_fp   0   2   0   1   1   -5.165385985e+05
y_fp   0   2   0   1   0   -4.716043330e+04
y_fp   0   2   0   0   2   +3.406966144e+02
y_fp   0   2   0   0   1   -2.389811991e+03
y_fp   0   2   0   0   0   +1.143438408e+02
y_fp   0   1   3   0   0   -6.559772761e+03
y_fp   0   1   2   1   0   -3.842278642e+03
y_fp   0   1   2   0   1   -1.733438288e+03
y_fp   0   1   2   0   0   -1.885966020e+02
y_fp   0   1   1   2   0   -1.582138295e+06
y_fp   0   1   1   1   1   +3.423554170e+03
y_fp   0   1   1   1   0   -2.141587692e+04
y_fp   0   1   1   0   2   +2.487237496e+02
y_fp   0   1   1   0   1   -1.463624353e+01
y_fp   0   1   1   0   0   +3.465850622e+02
y_fp   0   1   0   3   0   +3.624938586e+06
y_fp   0   1   0   2   1   +4.053834902e+05
y_fp   0   1   0   2   0   +6.490020985e+04
y_fp   0   1   0   1   2   +1.581994133e+02
y_fp   0   1   0   1   1   +5.714163510e+03
y_fp   0   1   0   1   0   -7.268763885e+02
y_fp   0   1   0   0   3   -1.762187058e+02
y_fp   0   1   0   0   2   +6.459759980e+01
y_fp   0   1   0   0   1   -9.542046289e+01
y_fp   0   1   0   0   0   -4.037382350e+00
y_fp   0   0   4   0   0   +1.450855373e+04
y_fp   0   0   3   1   0   -1.519206571e+04
y_fp   0   0   3   0   1   +3.059378891e+03
y_fp   0   0   3   0   0   +7.069633446e+02
y_fp   0   0   2   2   0   -7.107598941e+03
y_fp   0   0   2   1   1   -4.985271674e+03
y_fp   0   0   2   1   0   -2.722819090e+02
y_fp   0   0   2   0   2   -5.509208237e+03
y_fp   0   0   2   0   1   -3.711834589e+01
y_fp   0   0   2   0   0   +1.259848336e+01
y_fp   0   0   1   3   0   +4.036259858e+05
y_fp   0   0   1   2   1   -1.015840522e+03
y_fp   0   0   1   2   0   +1.119173864e+04
y_fp   0   0   1   1   2   +4.599585355e+02
y_fp   0   0   1   1   1   -6.476888171e+01
y_fp   0   0   1   1   0   -2.531210929e+02
y_fp   0   0   1   0   3   -1.354186097e+03
y_fp   0   0   1   0   2   -3.897609665e+01
y_fp   0   0   1   0   1   +9.268225156e-01
y_fp   0   0   1   0   0   -1.224042743e+00
y_fp   0   0   0   4   0   -8.670970340e+05
y_fp   0   0   0   3   1   -1.038216491e+05
y_fp   0   0   0   3   0   -2.751545343e+04
y_fp   0   0   0   2   2   -6.278357100e+01
y_fp   0   0   0   2   1   -2.942465620e+03
y_fp   0   0   0   2   0   +4.598777965e+02
y_fp   0   0   0   1   3   -6.523886762e+02
y_fp   0   0   0   1   2   +5.749343174e+01
y_fp   0   0   0   1   1   +6.992779961e+01
y_fp   0   0   0   1   0   +3.937504893e+00
y_fp   0   0   0   0   4   +1.491968737e+01
y_fp   0   0   0   0   3   +4.461347012e-01
y_fp   0   0   0   0   2   +1.082609275e+00
y_fp   0   0   0   0   1   +3.365917449e-01
y_fp   0   0   0   0   0   +6.950109729e-03
