# Polynomial metadata: 
# -- Order: 4
# -- Trained on data: 'data/sieve_holes/fits_14Nov/V123-MC.root'
# -- Input branches: { fwd_x_fp fwd_y_fp fwd_dxdz_fp fwd_dydz_fp }
# -- Time created: Fri Nov 14 12:46:36 2025

poly-DoF 4
is-RHRS 0
dxdz_fp   4   0   0   0   -3.077966373e-04
dxdz_fp   3   1   0   0   +1.399735542e-01
dxdz_fp   3   0   1   0   +3.213011782e-01
dxdz_fp   3   0   0   1   -2.785988058e-03
dxdz_fp   3   0   0   0   +7.572606458e-04
dxdz_fp   2   2   0   0   -4.333813497e-01
dxdz_fp   2   1   1   0   -7.283417412e+00
dxdz_fp   2   1   0   1   -7.937478663e+00
dxdz_fp   2   1   0   0   -6.654410309e-02
dxdz_fp   2   0   2   0   -6.007885726e+00
dxdz_fp   2   0   1   1   -5.975515632e+00
dxdz_fp   2   0   1   0   -1.260000355e-01
dxdz_fp   2   0   0   2   -1.920874078e+00
dxdz_fp   2   0   0   1   -1.381072861e-01
dxdz_fp   2   0   0   0   -2.385622654e-03
dxdz_fp   1   3   0   0   -9.990088226e+01
dxdz_fp   1   2   1   0   +2.764330787e+02
dxdz_fp   1   2   0   1   +1.672680892e+02
dxdz_fp   1   2   0   0   +1.380427222e+00
dxdz_fp   1   1   2   0   -5.322661240e+01
dxdz_fp   1   1   1   1   -1.083909395e+02
dxdz_fp   1   1   1   0   -1.742420086e+00
dxdz_fp   1   1   0   2   +1.424751319e+02
dxdz_fp   1   1   0   1   -2.301564818e+00
dxdz_fp   1   1   0   0   +3.760872798e-02
dxdz_fp   1   0   3   0   +1.810213362e+02
dxdz_fp   1   0   2   1   +2.953265510e+02
dxdz_fp   1   0   2   0   +3.503842397e+00
dxdz_fp   1   0   1   2   +2.028809392e+02
dxdz_fp   1   0   1   1   +1.074746989e+01
dxdz_fp   1   0   1   0   +6.326027660e-02
dxdz_fp   1   0   0   3   -5.563117401e+01
dxdz_fp   1   0   0   2   +7.756795331e+00
dxdz_fp   1   0   0   1   +3.724107720e-02
dxdz_fp   1   0   0   0   -1.018004814e-03
dxdz_fp   0   4   0   0   -1.517926152e+03
dxdz_fp   0   3   1   0   -6.080671730e+02
dxdz_fp   0   3   0   1   +7.520060777e+03
dxdz_fp   0   3   0   0   +4.131125428e+00
dxdz_fp   0   2   2   0   -5.191161195e+03
dxdz_fp   0   2   1   1   +8.034928002e+02
dxdz_fp   0   2   1   0   -4.847393209e+01
dxdz_fp   0   2   0   2   -1.284150279e+04
dxdz_fp   0   2   0   1   -4.145194370e+01
dxdz_fp   0   2   0   0   +7.028181629e-01
dxdz_fp   0   1   3   0   -3.057012772e+03
dxdz_fp   0   1   2   1   +1.404168323e+04
dxdz_fp   0   1   2   0   +4.053386202e+01
dxdz_fp   0   1   1   2   -4.971198721e+03
dxdz_fp   0   1   1   1   +8.909441004e+01
dxdz_fp   0   1   1   0   +6.918198177e-01
dxdz_fp   0   1   0   3   +8.818276599e+03
dxdz_fp   0   1   0   2   +7.933296890e+01
dxdz_fp   0   1   0   1   -1.082600991e+00
dxdz_fp   0   1   0   0   +5.967930613e-03
dxdz_fp   0   0   4   0   -2.327283319e+03
dxdz_fp   0   0   3   1   -2.571075702e+03
dxdz_fp   0   0   3   0   -7.649282711e+01
dxdz_fp   0   0   2   2   -9.880508447e+03
dxdz_fp   0   0   2   1   -1.319421139e+02
dxdz_fp   0   0   2   0   -1.789210572e-01
dxdz_fp   0   0   1   3   +2.337881566e+03
dxdz_fp   0   0   1   2   -2.181579455e+02
dxdz_fp   0   0   1   1   -1.896403927e+00
dxdz_fp   0   0   1   0   +1.006253128e+00
dxdz_fp   0   0   0   4   -2.539479705e+03
dxdz_fp   0   0   0   3   -1.068809422e+02
dxdz_fp   0   0   0   2   -5.885345597e-01
dxdz_fp   0   0   0   1   -2.644496744e-02
dxdz_fp   0   0   0   0   +1.016464824e-03
dydz_fp   4   0   0   0   +6.210651931e-05
dydz_fp   3   1   0   0   +3.194887478e-01
dydz_fp   3   0   1   0   -1.058201987e-01
dydz_fp   3   0   0   1   -1.290692531e-03
dydz_fp   3   0   0   0   +7.681639847e-04
dydz_fp   2   2   0   0   +3.110307854e+01
dydz_fp   2   1   1   0   +2.787609517e+01
dydz_fp   2   1   0   1   -6.761873574e+01
dydz_fp   2   1   0   0   +6.116634192e-02
dydz_fp   2   0   2   0   +4.384127059e+00
dydz_fp   2   0   1   1   -2.050980955e+01
dydz_fp   2   0   1   0   +7.204798346e-02
dydz_fp   2   0   0   2   +1.632872267e+01
dydz_fp   2   0   0   1   -6.529708690e-01
dydz_fp   2   0   0   0   -1.902692915e-03
dydz_fp   1   3   0   0   +9.228711051e+01
dydz_fp   1   2   1   0   +1.472654818e+02
dydz_fp   1   2   0   1   -9.251520861e+02
dydz_fp   1   2   0   0   +9.155836255e+00
dydz_fp   1   1   2   0   -9.176312262e+02
dydz_fp   1   1   1   1   -1.463792321e+03
dydz_fp   1   1   1   0   -5.379695536e+00
dydz_fp   1   1   0   2   +1.166726659e+03
dydz_fp   1   1   0   1   -5.083420983e+01
dydz_fp   1   1   0   0   -4.795357621e-01
dydz_fp   1   0   3   0   -6.610285332e+02
dydz_fp   1   0   2   1   +1.013589951e+03
dydz_fp   1   0   2   0   -6.052839768e+00
dydz_fp   1   0   1   2   +9.438388353e+02
dydz_fp   1   0   1   1   -8.715916815e-01
dydz_fp   1   0   1   0   +2.259684789e-02
dydz_fp   1   0   0   3   -1.431323976e+02
dydz_fp   1   0   0   2   +4.811877457e+01
dydz_fp   1   0   0   1   +2.947952406e-01
dydz_fp   1   0   0   0   -1.002242907e-04
dydz_fp   0   4   0   0   +3.274385331e+02
dydz_fp   0   3   1   0   -2.103894227e+03
dydz_fp   0   3   0   1   +2.384383101e+03
dydz_fp   0   3   0   0   +1.254566193e+02
dydz_fp   0   2   2   0   +2.049422257e+04
dydz_fp   0   2   1   1   +2.168590981e+03
dydz_fp   0   2   1   0   +1.698657419e+02
dydz_fp   0   2   0   2   -2.887039110e+03
dydz_fp   0   2   0   1   -7.139829060e+02
dydz_fp   0   2   0   0   -4.091120073e+00
dydz_fp   0   1   3   0   -1.231459212e+04
dydz_fp   0   1   2   1   +4.304656885e+03
dydz_fp   0   1   2   0   -3.760528938e+02
dydz_fp   0   1   1   2   -2.389390768e+03
dydz_fp   0   1   1   1   -4.526649572e+02
dydz_fp   0   1   1   0   -8.105033907e+00
dydz_fp   0   1   0   3   +3.156734156e+03
dydz_fp   0   1   0   2   +1.332003273e+03
dydz_fp   0   1   0   1   +4.433921664e+00
dydz_fp   0   1   0   0   -1.360403101e-01
dydz_fp   0   0   4   0   +8.174633498e+03
dydz_fp   0   0   3   1   +2.834077789e+04
dydz_fp   0   0   3   0   +3.957153285e+02
dydz_fp   0   0   2   2   -2.126961814e+04
dydz_fp   0   0   2   1   +4.327403141e+02
dydz_fp   0   0   2   0   +3.801017964e+00
dydz_fp   0   0   1   3   +7.566956639e+03
dydz_fp   0   0   1   2   +5.884514790e+02
dydz_fp   0   0   1   1   +1.052264932e+01
dydz_fp   0   0   1   0   +1.046322687e-02
dydz_fp   0   0   0   4   -6.665833124e+03
dydz_fp   0   0   0   3   -7.585172860e+02
dydz_fp   0   0   0   2   +8.332688328e+00
dydz_fp   0   0   0   1   +1.381377851e+00
dydz_fp   0   0   0   0   -4.884463977e-03
x_fp   4   0   0   0   -1.237046636e-02
x_fp   3   1   0   0   +1.670305360e+00
x_fp   3   0   1   0   +1.275967497e+00
x_fp   3   0   0   1   -9.050531757e-01
x_fp   3   0   0   0   +2.197467546e-03
x_fp   2   2   0   0   +1.383778284e+01
x_fp   2   1   1   0   -2.366189588e+01
x_fp   2   1   0   1   -8.079286556e+01
x_fp   2   1   0   0   +2.738841148e-01
x_fp   2   0   2   0   -6.063781205e+01
x_fp   2   0   1   1   -3.207083091e+01
x_fp   2   0   1   0   -5.279327502e-01
x_fp   2   0   0   2   +5.286557695e+01
x_fp   2   0   0   1   -1.343701437e+00
x_fp   2   0   0   0   -2.714352281e-03
x_fp   1   3   0   0   +8.512100720e+02
x_fp   1   2   1   0   -8.911034030e+02
x_fp   1   2   0   1   -2.792526281e+03
x_fp   1   2   0   0   -8.071504397e+00
x_fp   1   1   2   0   +2.979966340e+03
x_fp   1   1   1   1   +3.035871274e+03
x_fp   1   1   1   0   +2.923960125e+01
x_fp   1   1   0   2   +4.025740921e+03
x_fp   1   1   0   1   +2.640401236e+01
x_fp   1   1   0   0   -4.539536370e-01
x_fp   1   0   3   0   -9.170724590e+02
x_fp   1   0   2   1   -9.331853350e+02
x_fp   1   0   2   0   -2.959886663e+01
x_fp   1   0   1   2   -1.817661648e+03
x_fp   1   0   1   1   +4.679313926e+00
x_fp   1   0   1   0   +5.722323110e-01
x_fp   1   0   0   3   -2.171288866e+03
x_fp   1   0   0   2   -7.077090701e+00
x_fp   1   0   0   1   +4.833635627e-01
x_fp   1   0   0   0   +1.003232964e+00
x_fp   0   4   0   0   +2.970114083e+04
x_fp   0   3   1   0   -6.836145307e+04
x_fp   0   3   0   1   -1.552850891e+05
x_fp   0   3   0   0   -9.482512862e+02
x_fp   0   2   2   0   +7.448496497e+04
x_fp   0   2   1   1   +1.889617346e+05
x_fp   0   2   1   0   +1.241382642e+03
x_fp   0   2   0   2   +3.393427031e+05
x_fp   0   2   0   1   +3.810954827e+03
x_fp   0   2   0   0   -9.298781923e+00
x_fp   0   1   3   0   -1.064937700e+05
x_fp   0   1   2   1   -1.812438662e+05
x_fp   0   1   2   0   -1.605557917e+03
x_fp   0   1   1   2   -2.178846514e+05
x_fp   0   1   1   1   -3.188616576e+03
x_fp   0   1   1   0   +1.744081335e+01
x_fp   0   1   0   3   -3.341955536e+05
x_fp   0   1   0   2   -6.178837915e+03
x_fp   0   1   0   1   +2.756801325e+01
x_fp   0   1   0   0   +3.317842591e-01
x_fp   0   0   4   0   +6.854296597e+04
x_fp   0   0   3   1   +1.089279232e+05
x_fp   0   0   3   0   +1.802051925e+03
x_fp   0   0   2   2   +1.303992917e+05
x_fp   0   0   2   1   +1.512887360e+03
x_fp   0   0   2   0   -5.351233483e+00
x_fp   0   0   1   3   +8.563301601e+04
x_fp   0   0   1   2   +2.216356682e+03
x_fp   0   0   1   1   -2.849721853e+01
x_fp   0   0   1   0   -8.708761168e-01
x_fp   0   0   0   4   +1.223281029e+05
x_fp   0   0   0   3   +3.474700060e+03
x_fp   0   0   0   2   -2.046137322e+01
x_fp   0   0   0   1   -3.388172405e-01
x_fp   0   0   0   0   -8.590025276e-03
y_fp   4   0   0   0   +7.644990002e-03
y_fp   3   1   0   0   -2.735122745e-01
y_fp   3   0   1   0   -6.716618841e-01
y_fp   3   0   0   1   +8.047277723e-01
y_fp   3   0   0   0   -4.476268760e-04
y_fp   2   2   0   0   +4.908036223e+01
y_fp   2   1   1   0   +3.714434424e+01
y_fp   2   1   0   1   -6.067348129e+01
y_fp   2   1   0   0   +7.214529050e-01
y_fp   2   0   2   0   +4.130965055e+01
y_fp   2   0   1   1   -1.169148112e+01
y_fp   2   0   1   0   +4.896496415e-01
y_fp   2   0   0   2   -2.019151207e+01
y_fp   2   0   0   1   -9.135542669e-01
y_fp   2   0   0   0   -1.279425960e-03
y_fp   1   3   0   0   +4.956794142e-01
y_fp   1   2   1   0   +8.571091517e+02
y_fp   1   2   0   1   -1.725891607e+03
y_fp   1   2   0   0   +1.970546296e+01
y_fp   1   1   2   0   -2.743157691e+03
y_fp   1   1   1   1   -2.812927372e+03
y_fp   1   1   1   0   -1.571896809e+01
y_fp   1   1   0   2   +3.250669296e+03
y_fp   1   1   0   1   -7.995959486e+01
y_fp   1   1   0   0   -1.957950900e-01
y_fp   1   0   3   0   -1.013826275e+03
y_fp   1   0   2   1   +1.584411570e+03
y_fp   1   0   2   0   -1.697874449e+01
y_fp   1   0   1   2   +1.567430126e+03
y_fp   1   0   1   1   -9.439649700e+00
y_fp   1   0   1   0   +1.718189067e-02
y_fp   1   0   0   3   -1.095335130e+03
y_fp   1   0   0   2   +5.724034531e+01
y_fp   1   0   0   1   -3.387985631e-01
y_fp   1   0   0   0   +7.293056102e-04
y_fp   0   4   0   0   -4.233419935e+03
y_fp   0   3   1   0   +9.273852300e+02
y_fp   0   3   0   1   +2.166828327e+04
y_fp   0   3   0   0   +1.833268845e+02
y_fp   0   2   2   0   +2.115090192e+04
y_fp   0   2   1   1   -2.459087204e+04
y_fp   0   2   1   0   +1.712374368e+02
y_fp   0   2   0   2   -2.163955659e+04
y_fp   0   2   0   1   -1.131301881e+03
y_fp   0   2   0   0   -2.035558989e+00
y_fp   0   1   3   0   -2.221999945e+04
y_fp   0   1   2   1   +4.423245665e+04
y_fp   0   1   2   0   -1.315661802e+02
y_fp   0   1   1   2   +5.910596377e+04
y_fp   0   1   1   1   -8.132237827e+01
y_fp   0   1   1   0   -6.218970215e+00
y_fp   0   1   0   3   -1.090262569e+04
y_fp   0   1   0   2   +2.135869144e+03
y_fp   0   1   0   1   -4.427448941e+00
y_fp   0   1   0   0   +9.602620611e-01
y_fp   0   0   4   0   +1.289815292e+04
y_fp   0   0   3   1   +3.791485071e+04
y_fp   0   0   3   0   +5.006746092e+02
y_fp   0   0   2   2   -6.412344130e+04
y_fp   0   0   2   1   +8.632448286e+02
y_fp   0   0   2   0   +5.080266053e+00
y_fp   0   0   1   3   -2.725133359e+04
y_fp   0   0   1   2   -8.494217273e+01
y_fp   0   0   1   1   +3.834057052e+00
y_fp   0   0   1   0   -5.953015873e-02
y_fp   0   0   0   4   +1.352044970e+04
y_fp   0   0   0   3   -1.339098019e+03
y_fp   0   0   0   2   +2.008218653e+01
y_fp   0   0   0   1   -1.385966385e-01
y_fp   0   0   0   0   -1.136079810e-02
