# Polynomial metadata: 
# -- Order: 4
# -- Trained on data: 'data/sieve_holes/fits_14Nov/V123.root'
# -- Input branches: { x_fp y_fp dxdz_fp dydz_fp }
# -- Time created: Fri Nov 14 12:42:26 2025

poly-DoF 4
is-RHRS 0
dpp_sv   4   0   0   0   +2.358687808e-04
dpp_sv   3   1   0   0   +3.620684247e-03
dpp_sv   3   0   1   0   +2.318768062e-02
dpp_sv   3   0   0   1   -2.093700549e-02
dpp_sv   3   0   0   0   +1.286889645e-03
dpp_sv   2   2   0   0   -1.930461933e-01
dpp_sv   2   1   1   0   -2.362326597e+00
dpp_sv   2   1   0   1   +8.691566966e-01
dpp_sv   2   1   0   0   -2.663680890e-02
dpp_sv   2   0   2   0   -8.560741316e-01
dpp_sv   2   0   1   1   +3.224010858e+00
dpp_sv   2   0   1   0   -1.468693199e-02
dpp_sv   2   0   0   2   -9.958935909e-01
dpp_sv   2   0   0   1   +1.799290237e-02
dpp_sv   2   0   0   0   +8.651193782e-03
dpp_sv   1   3   0   0   +1.345485700e+01
dpp_sv   1   2   1   0   +8.309929351e+01
dpp_sv   1   2   0   1   -4.770131732e+01
dpp_sv   1   2   0   0   -6.031390914e-02
dpp_sv   1   1   2   0   +4.442240643e+01
dpp_sv   1   1   1   1   -8.404885692e+01
dpp_sv   1   1   1   0   +4.256954808e+00
dpp_sv   1   1   0   2   +5.099130380e+01
dpp_sv   1   1   0   1   +8.874426693e-01
dpp_sv   1   1   0   0   +1.135748877e-02
dpp_sv   1   0   3   0   +2.953885702e+01
dpp_sv   1   0   2   1   -9.181231084e+01
dpp_sv   1   0   2   0   +1.930326947e+00
dpp_sv   1   0   1   2   +1.296541761e+01
dpp_sv   1   0   1   1   -4.569129637e+00
dpp_sv   1   0   1   0   +1.635490004e-01
dpp_sv   1   0   0   3   -1.611589166e+01
dpp_sv   1   0   0   2   -1.122869967e+00
dpp_sv   1   0   0   1   -8.244212665e-05
dpp_sv   1   0   0   0   +7.426366639e-02
dpp_sv   0   4   0   0   -2.730839376e+02
dpp_sv   0   3   1   0   -1.517920351e+03
dpp_sv   0   3   0   1   +1.324929388e+03
dpp_sv   0   3   0   0   +6.143823809e+00
dpp_sv   0   2   2   0   +1.454700058e+02
dpp_sv   0   2   1   1   +2.646878369e+03
dpp_sv   0   2   1   0   -6.733455995e+00
dpp_sv   0   2   0   2   -2.129468691e+03
dpp_sv   0   2   0   1   -2.692040508e+01
dpp_sv   0   2   0   0   +6.760176568e-01
dpp_sv   0   1   3   0   +7.846250304e+02
dpp_sv   0   1   2   1   +1.861477744e+03
dpp_sv   0   1   2   0   -1.339343910e-01
dpp_sv   0   1   1   2   -2.540756426e+03
dpp_sv   0   1   1   1   -2.379124402e+01
dpp_sv   0   1   1   0   -1.925625657e+00
dpp_sv   0   1   0   3   +1.036037320e+03
dpp_sv   0   1   0   2   +3.884785993e+01
dpp_sv   0   1   0   1   -1.083365768e+00
dpp_sv   0   1   0   0   -7.492232761e-03
dpp_sv   0   0   4   0   -1.616487087e+03
dpp_sv   0   0   3   1   +2.851792595e+02
dpp_sv   0   0   3   0   -5.514300777e+01
dpp_sv   0   0   2   2   -1.287062031e+03
dpp_sv   0   0   2   1   +1.551289630e+01
dpp_sv   0   0   2   0   +1.886356715e+00
dpp_sv   0   0   1   3   +1.201186864e+03
dpp_sv   0   0   1   2   +2.942943152e+01
dpp_sv   0   0   1   1   -1.145773625e+00
dpp_sv   0   0   1   0   -4.510765545e-02
dpp_sv   0   0   0   4   +1.154863735e+02
dpp_sv   0   0   0   3   -1.389701348e+01
dpp_sv   0   0   0   2   +3.276575417e-01
dpp_sv   0   0   0   1   +5.333423151e-03
dpp_sv   0   0   0   0   -4.601974584e-04
dxdz_sv   4   0   0   0   -4.682587859e-04
dxdz_sv   3   1   0   0   +1.825616521e-01
dxdz_sv   3   0   1   0   +5.580558820e-01
dxdz_sv   3   0   0   1   -1.016974113e-02
dxdz_sv   3   0   0   0   +2.229349340e-03
dxdz_sv   2   2   0   0   -3.319956260e+00
dxdz_sv   2   1   1   0   -1.484465094e+01
dxdz_sv   2   1   0   1   +3.871214398e+00
dxdz_sv   2   1   0   0   -1.261117015e-01
dxdz_sv   2   0   2   0   +5.885317617e+00
dxdz_sv   2   0   1   1   -6.011462510e+00
dxdz_sv   2   0   1   0   -3.092619735e-01
dxdz_sv   2   0   0   2   -1.135627806e+01
dxdz_sv   2   0   0   1   -1.702362262e-01
dxdz_sv   2   0   0   0   -1.360036693e-02
dxdz_sv   1   3   0   0   +4.559043935e+01
dxdz_sv   1   2   1   0   +4.855333468e+02
dxdz_sv   1   2   0   1   +5.708311644e+00
dxdz_sv   1   2   0   0   +3.083613179e+00
dxdz_sv   1   1   2   0   +3.786573674e+02
dxdz_sv   1   1   1   1   -3.744654494e+02
dxdz_sv   1   1   1   0   +1.282609406e+01
dxdz_sv   1   1   0   2   -9.155311788e+01
dxdz_sv   1   1   0   1   -6.948601385e+00
dxdz_sv   1   1   0   0   +8.980205273e-02
dxdz_sv   1   0   3   0   -8.025748816e+02
dxdz_sv   1   0   2   1   -6.035225922e+02
dxdz_sv   1   0   2   0   -1.035514845e+01
dxdz_sv   1   0   1   2   +5.799566282e+02
dxdz_sv   1   0   1   1   -4.469980347e+00
dxdz_sv   1   0   1   0   +5.097539524e-01
dxdz_sv   1   0   0   3   +1.868331200e+02
dxdz_sv   1   0   0   2   +8.019757283e+00
dxdz_sv   1   0   0   1   -1.011658618e-02
dxdz_sv   1   0   0   0   +7.195608419e-03
dxdz_sv   0   4   0   0   -1.431471994e+03
dxdz_sv   0   3   1   0   -1.043805815e+04
dxdz_sv   0   3   0   1   +3.954946809e+02
dxdz_sv   0   3   0   0   -6.449260468e+01
dxdz_sv   0   2   2   0   -2.059105530e+04
dxdz_sv   0   2   1   1   +1.077121310e+04
dxdz_sv   0   2   1   0   -5.531667246e+02
dxdz_sv   0   2   0   2   +6.908014900e+02
dxdz_sv   0   2   0   1   +7.550346460e+01
dxdz_sv   0   2   0   0   +8.595460912e-01
dxdz_sv   0   1   3   0   +2.147720036e+04
dxdz_sv   0   1   2   1   +1.531267900e+04
dxdz_sv   0   1   2   0   -2.743607193e+02
dxdz_sv   0   1   1   2   -1.406227017e+04
dxdz_sv   0   1   1   1   +2.003604854e+02
dxdz_sv   0   1   1   0   -2.172854105e+01
dxdz_sv   0   1   0   3   -5.059999502e+01
dxdz_sv   0   1   0   2   -5.134452882e+01
dxdz_sv   0   1   0   1   -1.087809712e+00
dxdz_sv   0   1   0   0   +3.938764444e-03
dxdz_sv   0   0   4   0   +9.295545569e+03
dxdz_sv   0   0   3   1   +6.044765524e+03
dxdz_sv   0   0   3   0   +7.379797713e+02
dxdz_sv   0   0   2   2   +2.410701537e+03
dxdz_sv   0   0   2   1   +4.425991536e+02
dxdz_sv   0   0   2   0   -4.817302078e+00
dxdz_sv   0   0   1   3   -1.235200939e+03
dxdz_sv   0   0   1   2   -2.450293766e+02
dxdz_sv   0   0   1   1   +4.960544374e+00
dxdz_sv   0   0   1   0   -2.122987945e+00
dxdz_sv   0   0   0   4   -1.411764816e+03
dxdz_sv   0   0   0   3   -2.176557563e+01
dxdz_sv   0   0   0   2   +1.388807593e+00
dxdz_sv   0   0   0   1   -2.804216080e-02
dxdz_sv   0   0   0   0   +8.362780710e-04
dydz_sv   4   0   0   0   +2.566328632e-03
dydz_sv   3   1   0   0   -2.245721310e-01
dydz_sv   3   0   1   0   -2.899569241e-01
dydz_sv   3   0   0   1   +2.694664134e-01
dydz_sv   3   0   0   0   -8.654516783e-04
dydz_sv   2   2   0   0   +1.709496088e+01
dydz_sv   2   1   1   0   -5.331566731e+00
dydz_sv   2   1   0   1   +1.033485158e+00
dydz_sv   2   1   0   0   +5.016918000e-01
dydz_sv   2   0   2   0   +1.505424455e+01
dydz_sv   2   0   1   1   +2.482531708e+01
dydz_sv   2   0   1   0   +1.926812301e-01
dydz_sv   2   0   0   2   -2.360478329e+01
dydz_sv   2   0   0   1   -1.315219172e-01
dydz_sv   2   0   0   0   +4.282516044e-03
dydz_sv   1   3   0   0   +1.231048382e+02
dydz_sv   1   2   1   0   +7.274217687e+02
dydz_sv   1   2   0   1   -9.399968511e+02
dydz_sv   1   2   0   0   +8.690609109e+00
dydz_sv   1   1   2   0   -5.183594263e+02
dydz_sv   1   1   1   1   -9.179048041e+02
dydz_sv   1   1   1   0   +1.133742354e+01
dydz_sv   1   1   0   2   +8.300351871e+02
dydz_sv   1   1   0   1   -3.610237250e+01
dydz_sv   1   1   0   0   +1.818908115e-01
dydz_sv   1   0   3   0   -1.016894765e+02
dydz_sv   1   0   2   1   -1.129138513e+03
dydz_sv   1   0   2   0   -1.365639693e+01
dydz_sv   1   0   1   2   +4.757522760e+01
dydz_sv   1   0   1   1   -2.240318935e+01
dydz_sv   1   0   1   0   +5.220134598e-02
dydz_sv   1   0   0   3   +5.629856748e+01
dydz_sv   1   0   0   2   +1.685804674e+01
dydz_sv   1   0   0   1   -8.318447313e-01
dydz_sv   1   0   0   0   +6.883934623e-03
dydz_sv   0   4   0   0   -2.359196098e+03
dydz_sv   0   3   1   0   -9.252893753e+02
dydz_sv   0   3   0   1   +4.873098915e+03
dydz_sv   0   3   0   0   +1.401574541e+01
dydz_sv   0   2   2   0   -1.808077745e+04
dydz_sv   0   2   1   1   -8.907534652e+03
dydz_sv   0   2   1   0   -4.869546875e+01
dydz_sv   0   2   0   2   +1.535234322e+03
dydz_sv   0   2   0   1   -2.295149599e+02
dydz_sv   0   2   0   0   +2.997938775e+00
dydz_sv   0   1   3   0   -2.847715662e+04
dydz_sv   0   1   2   1   +4.753605395e+04
dydz_sv   0   1   2   0   -6.699806600e+02
dydz_sv   0   1   1   2   +1.466919748e+04
dydz_sv   0   1   1   1   -8.853596676e+01
dydz_sv   0   1   1   0   -6.693591114e-01
dydz_sv   0   1   0   3   -6.623689833e+03
dydz_sv   0   1   0   2   +4.851279564e+02
dydz_sv   0   1   0   1   -8.967665792e+00
dydz_sv   0   1   0   0   -6.950120363e-01
dydz_sv   0   0   4   0   +1.783331798e+04
dydz_sv   0   0   3   1   +1.793129918e+04
dydz_sv   0   0   3   0   -3.309120572e+00
dydz_sv   0   0   2   2   -1.492250542e+04
dydz_sv   0   0   2   1   +1.071165816e+03
dydz_sv   0   0   2   0   -1.161766981e+01
dydz_sv   0   0   1   3   -3.042506309e+03
dydz_sv   0   0   1   2   +6.627495068e+01
dydz_sv   0   0   1   1   +4.069216800e+00
dydz_sv   0   0   1   0   -5.389372583e-02
dydz_sv   0   0   0   4   +1.832276712e+03
dydz_sv   0   0   0   3   -3.138502926e+02
dydz_sv   0   0   0   2   +1.230913855e+01
dydz_sv   0   0   0   1   +6.781008749e-02
dydz_sv   0   0   0   0   -1.137985825e-02
x_sv   4   0   0   0   -1.278172335e-03
x_sv   3   1   0   0   +3.151159590e-01
x_sv   3   0   1   0   +7.102232911e-01
x_sv   3   0   0   1   -1.206665724e-01
x_sv   3   0   0   0   +5.208477656e-03
x_sv   2   2   0   0   -6.608034423e+00
x_sv   2   1   1   0   -2.898019639e+01
x_sv   2   1   0   1   +6.509463196e+00
x_sv   2   1   0   0   -2.178783692e-01
x_sv   2   0   2   0   -1.260276632e+01
x_sv   2   0   1   1   +1.095756191e+01
x_sv   2   0   1   0   -6.965677895e-01
x_sv   2   0   0   2   -7.212718855e+00
x_sv   2   0   0   1   -2.333741663e-01
x_sv   2   0   0   0   -1.441739862e-02
x_sv   1   3   0   0   +1.139290670e+01
x_sv   1   2   1   0   +1.009802637e+03
x_sv   1   2   0   1   +1.417038310e+02
x_sv   1   2   0   0   +2.498476643e+00
x_sv   1   1   2   0   +4.974818697e+02
x_sv   1   1   1   1   -3.105169322e+02
x_sv   1   1   1   0   +4.664599651e+01
x_sv   1   1   0   2   -2.919495535e+02
x_sv   1   1   0   1   -3.817741227e+00
x_sv   1   1   0   0   +6.638957489e-02
x_sv   1   0   3   0   +4.302921153e+02
x_sv   1   0   2   1   -3.447040403e+02
x_sv   1   0   2   0   +8.711794292e+00
x_sv   1   0   1   2   +3.258163202e+02
x_sv   1   0   1   1   +6.567141043e+00
x_sv   1   0   1   0   +1.077923714e+00
x_sv   1   0   0   3   +2.067364995e+02
x_sv   1   0   0   2   +4.631083682e+00
x_sv   1   0   0   1   +6.500186758e-02
x_sv   1   0   0   0   +6.111250656e-03
x_sv   0   4   0   0   -6.970209323e+02
x_sv   0   3   1   0   -1.194766818e+04
x_sv   0   3   0   1   -1.567879554e+03
x_sv   0   3   0   0   -7.701032609e+01
x_sv   0   2   2   0   -3.702411353e+03
x_sv   0   2   1   1   +4.195959541e+03
x_sv   0   2   1   0   -3.485281560e+02
x_sv   0   2   0   2   +2.902863822e+03
x_sv   0   2   0   1   +1.152042352e+02
x_sv   0   2   0   0   +1.912533637e-01
x_sv   0   1   3   0   -1.964569120e+04
x_sv   0   1   2   1   +4.337424283e+03
x_sv   0   1   2   0   +6.163320040e+01
x_sv   0   1   1   2   -7.723130688e+03
x_sv   0   1   1   1   -4.347077483e+02
x_sv   0   1   1   0   -9.130052507e+00
x_sv   0   1   0   3   -6.121455553e+02
x_sv   0   1   0   2   -9.382772180e+01
x_sv   0   1   0   1   -8.204653564e-01
x_sv   0   1   0   0   -3.978661949e-04
x_sv   0   0   4   0   -3.241769896e+03
x_sv   0   0   3   1   +4.635776490e+03
x_sv   0   0   3   0   -2.584887691e+02
x_sv   0   0   2   2   +6.079094053e+03
x_sv   0   0   2   1   +2.081607415e+02
x_sv   0   0   2   0   -3.452967008e+00
x_sv   0   0   1   3   -2.614894411e+03
x_sv   0   0   1   2   -1.372670724e+02
x_sv   0   0   1   1   -2.887156928e+01
x_sv   0   0   1   0   -1.931314773e+00
x_sv   0   0   0   4   -1.443508848e+03
x_sv   0   0   0   3   +1.280741661e+01
x_sv   0   0   0   2   +1.312809589e+00
x_sv   0   0   0   1   -5.409323825e-03
x_sv   0   0   0   0   -1.899106112e-03
y_sv   4   0   0   0   +5.703881050e-04
y_sv   3   1   0   0   -1.042719198e-01
y_sv   3   0   1   0   -5.646793566e-01
y_sv   3   0   0   1   +2.553730792e-01
y_sv   3   0   0   0   -1.954113749e-03
y_sv   2   2   0   0   +7.668558955e+00
y_sv   2   1   1   0   +2.237500903e+01
y_sv   2   1   0   1   -2.029670029e+00
y_sv   2   1   0   0   +4.033084266e-01
y_sv   2   0   2   0   +4.054015075e+01
y_sv   2   0   1   1   +1.150243306e+01
y_sv   2   0   1   0   +8.107049715e-01
y_sv   2   0   0   2   -2.177773751e+01
y_sv   2   0   0   1   -8.005939700e-01
y_sv   2   0   0   0   +3.499658389e-03
y_sv   1   3   0   0   -8.869151157e+01
y_sv   1   2   1   0   -3.205174043e+01
y_sv   1   2   0   1   -3.525172111e+01
y_sv   1   2   0   0   +1.495748144e+00
y_sv   1   1   2   0   -1.974196440e+03
y_sv   1   1   1   1   -4.541514648e+02
y_sv   1   1   1   0   -1.631675105e+01
y_sv   1   1   0   2   +6.429123955e+01
y_sv   1   1   0   1   -2.046128096e+01
y_sv   1   1   0   0   -6.352520485e-01
y_sv   1   0   3   0   -5.618056765e+02
y_sv   1   0   2   1   +8.635794601e+00
y_sv   1   0   2   0   -3.787058698e+01
y_sv   1   0   1   2   -7.577813035e+01
y_sv   1   0   1   1   -1.308970640e+01
y_sv   1   0   1   0   -2.093907015e-01
y_sv   1   0   0   3   +4.596147402e+02
y_sv   1   0   0   2   +2.002500882e+01
y_sv   1   0   0   1   -7.104187467e-01
y_sv   1   0   0   0   -1.447717215e-02
y_sv   0   4   0   0   -5.783088081e+02
y_sv   0   3   1   0   +1.259175680e+03
y_sv   0   3   0   1   +2.004995291e+03
y_sv   0   3   0   0   +8.107899500e+00
y_sv   0   2   2   0   +1.624785709e+04
y_sv   0   2   1   1   -4.130634848e+03
y_sv   0   2   1   0   +9.668804622e+01
y_sv   0   2   0   2   -3.448691738e+02
y_sv   0   2   0   1   +1.311504914e+01
y_sv   0   2   0   0   -1.116700626e+00
y_sv   0   1   3   0   +1.465933483e+04
y_sv   0   1   2   1   +2.473046466e+04
y_sv   0   1   2   0   +1.210046216e+03
y_sv   0   1   1   2   +1.232762810e+04
y_sv   0   1   1   1   +1.349887912e+02
y_sv   0   1   1   0   -1.094194202e+01
y_sv   0   1   0   3   -2.772530432e+03
y_sv   0   1   0   2   +6.631127285e+01
y_sv   0   1   0   1   -3.750013406e+00
y_sv   0   1   0   0   -1.026410369e+00
y_sv   0   0   4   0   -1.497343835e+03
y_sv   0   0   3   1   +2.361907618e+03
y_sv   0   0   3   0   +2.121617854e+02
y_sv   0   0   2   2   -2.542890861e+03
y_sv   0   0   2   1   +6.264578716e+02
y_sv   0   0   2   0   +2.246939495e+01
y_sv   0   0   1   3   -2.718362253e+03
y_sv   0   0   1   2   -2.248020928e+01
y_sv   0   0   1   1   +3.901827780e+00
y_sv   0   0   1   0   -1.028931946e-01
y_sv   0   0   0   4   -1.669318003e+03
y_sv   0   0   0   3   -1.962710796e+02
y_sv   0   0   0   2   +6.847238632e+00
y_sv   0   0   0   1   +1.168322337e+00
y_sv   0   0   0   0   -8.401197865e-03
