# Polynomial metadata: 
# -- Order: 5
# -- Trained on data: 'data/mc/mc_R_production.root'
# -- Input branches: { x_fp y_fp dxdz_fp dydz_fp }
# -- Time created: Mon Jan 12 10:06:39 2026

poly-DoF 4
is-RHRS 1
dpp_q1   5   0   0   0   -3.027929979e-03
dpp_q1   4   1   0   0   -4.665200345e-03
dpp_q1   4   0   1   0   +3.738383904e-03
dpp_q1   4   0   0   1   -4.438176140e-03
dpp_q1   4   0   0   0   -2.131533973e-04
dpp_q1   3   2   0   0   +1.466553501e-01
dpp_q1   3   1   1   0   -7.790460717e-01
dpp_q1   3   1   0   1   -1.015566581e+00
dpp_q1   3   1   0   0   -5.523332762e-03
dpp_q1   3   0   2   0   -1.912000448e+00
dpp_q1   3   0   1   1   +1.836273328e+00
dpp_q1   3   0   1   0   -2.784601330e-02
dpp_q1   3   0   0   2   -1.047166622e-01
dpp_q1   3   0   0   1   +4.379296277e-02
dpp_q1   3   0   0   0   +2.213715678e-03
dpp_q1   2   3   0   0   +4.598107718e+00
dpp_q1   2   2   1   0   -5.159841996e+01
dpp_q1   2   2   0   1   -1.638823061e+01
dpp_q1   2   2   0   0   -3.913208650e-01
dpp_q1   2   1   2   0   -4.666319655e+01
dpp_q1   2   1   1   1   +1.994229466e+02
dpp_q1   2   1   1   0   -1.306207271e-01
dpp_q1   2   1   0   2   -3.084260518e+01
dpp_q1   2   1   0   1   +1.943931924e+00
dpp_q1   2   1   0   0   +2.402818125e-02
dpp_q1   2   0   3   0   +9.780015502e+01
dpp_q1   2   0   2   1   -5.893754906e+01
dpp_q1   2   0   2   0   +2.350097698e-01
dpp_q1   2   0   1   2   -5.995021506e+01
dpp_q1   2   0   1   1   -4.011584658e+00
dpp_q1   2   0   1   0   -1.569374214e-02
dpp_q1   2   0   0   3   +1.861469022e+01
dpp_q1   2   0   0   2   -4.584462991e-01
dpp_q1   2   0   0   1   -2.080371886e-02
dpp_q1   2   0   0   0   +8.636647788e-03
dpp_q1   1   4   0   0   -1.280612821e+02
dpp_q1   1   3   1   0   -6.716844439e+02
dpp_q1   1   3   0   1   +6.575593184e+02
dpp_q1   1   3   0   0   -7.714501018e+00
dpp_q1   1   2   2   0   -3.960553847e+02
dpp_q1   1   2   1   1   +1.626581634e+03
dpp_q1   1   2   1   0   +6.417869848e+01
dpp_q1   1   2   0   2   -1.193107325e+03
dpp_q1   1   2   0   1   +2.103979969e+01
dpp_q1   1   2   0   0   +4.311042068e-02
dpp_q1   1   1   3   0   +5.561084740e+03
dpp_q1   1   1   2   1   -2.270638931e+03
dpp_q1   1   1   2   0   +4.279461227e+00
dpp_q1   1   1   1   2   +3.881522082e+02
dpp_q1   1   1   1   1   -1.398268264e+02
dpp_q1   1   1   1   0   -4.020845759e+00
dpp_q1   1   1   0   3   +2.563088863e+02
dpp_q1   1   1   0   2   -2.363419352e+00
dpp_q1   1   1   0   1   +6.626396992e-01
dpp_q1   1   1   0   0   -1.237164168e-02
dpp_q1   1   0   4   0   +2.382285484e+03
dpp_q1   1   0   3   1   -1.133124405e+03
dpp_q1   1   0   3   0   +5.399828858e+01
dpp_q1   1   0   2   2   -6.795521595e+01
dpp_q1   1   0   2   1   +7.121530252e+01
dpp_q1   1   0   2   0   +2.057992804e+00
dpp_q1   1   0   1   3   +6.667698825e+02
dpp_q1   1   0   1   2   -1.984884008e+01
dpp_q1   1   0   1   1   +4.533397234e+00
dpp_q1   1   0   1   0   +1.703356234e-01
dpp_q1   1   0   0   4   -6.003526472e-01
dpp_q1   1   0   0   3   +1.717806824e+01
dpp_q1   1   0   0   2   -1.000916438e+00
dpp_q1   1   0   0   1   -2.621173324e-03
dpp_q1   1   0   0   0   +7.418737204e-02
dpp_q1   0   5   0   0   +1.515176273e+03
dpp_q1   0   4   1   0   +3.768069722e+04
dpp_q1   0   4   0   1   -1.051656755e+04
dpp_q1   0   4   0   0   +1.377189637e+02
dpp_q1   0   3   2   0   +2.328522299e+04
dpp_q1   0   3   1   1   -1.780905873e+05
dpp_q1   0   3   1   0   +2.368696519e+03
dpp_q1   0   3   0   2   +3.089954632e+04
dpp_q1   0   3   0   1   -8.063900005e+02
dpp_q1   0   3   0   0   +3.445901135e+00
dpp_q1   0   2   3   0   +1.844877094e+05
dpp_q1   0   2   2   1   -9.009606952e+04
dpp_q1   0   2   2   0   +1.631182734e+03
dpp_q1   0   2   1   2   +3.031812359e+05
dpp_q1   0   2   1   1   -6.889490821e+03
dpp_q1   0   2   1   0   -2.926378479e+01
dpp_q1   0   2   0   3   -4.968437002e+04
dpp_q1   0   2   0   2   +1.917293591e+03
dpp_q1   0   2   0   1   -1.414659895e+01
dpp_q1   0   2   0   0   +4.548100408e-01
dpp_q1   0   1   4   0   -8.109578729e+04
dpp_q1   0   1   3   1   -8.127843364e+04
dpp_q1   0   1   3   0   -3.283527700e+03
dpp_q1   0   1   2   2   +1.326307123e+05
dpp_q1   0   1   2   1   -2.673852810e+03
dpp_q1   0   1   2   0   +1.871280322e+01
dpp_q1   0   1   1   3   -2.401484683e+05
dpp_q1   0   1   1   2   +7.762075989e+03
dpp_q1   0   1   1   1   -1.112560510e+01
dpp_q1   0   1   1   0   +2.305027952e+00
dpp_q1   0   1   0   4   +4.421994518e+04
dpp_q1   0   1   0   3   -2.182313218e+03
dpp_q1   0   1   0   2   +2.299642316e+01
dpp_q1   0   1   0   1   -4.829603894e-01
dpp_q1   0   1   0   0   +4.059404292e-03
dpp_q1   0   0   5   0   -1.939970629e+05
dpp_q1   0   0   4   1   +2.134453786e+04
dpp_q1   0   0   4   0   -3.762862929e+03
dpp_q1   0   0   3   2   +2.765603974e+04
dpp_q1   0   0   3   1   +1.021381841e+03
dpp_q1   0   0   3   0   -1.127393076e+01
dpp_q1   0   0   2   3   -8.593590371e+04
dpp_q1   0   0   2   2   +2.853489754e+03
dpp_q1   0   0   2   1   -7.366829029e+00
dpp_q1   0   0   2   0   +2.098525653e+00
dpp_q1   0   0   1   4   +8.539046359e+04
dpp_q1   0   0   1   3   -4.426965490e+03
dpp_q1   0   0   1   2   +4.744775362e+01
dpp_q1   0   0   1   1   +1.209834242e+00
dpp_q1   0   0   1   0   -4.790704395e-02
dpp_q1   0   0   0   5   -1.802217082e+04
dpp_q1   0   0   0   4   +1.219929394e+03
dpp_q1   0   0   0   3   -2.153582506e+01
dpp_q1   0   0   0   2   -2.028700775e-01
dpp_q1   0   0   0   1   -1.619665511e-04
dpp_q1   0   0   0   0   +2.184980151e-05
dxdz_q1   5   0   0   0   -4.475970401e-03
dxdz_q1   4   1   0   0   -3.891688576e-03
dxdz_q1   4   0   1   0   -1.391315421e-02
dxdz_q1   4   0   0   1   -1.570001388e-02
dxdz_q1   4   0   0   0   -7.116859180e-04
dxdz_q1   3   2   0   0   +2.314866473e-01
dxdz_q1   3   1   1   0   -1.816600177e+00
dxdz_q1   3   1   0   1   -1.579534317e+00
dxdz_q1   3   1   0   0   -1.943234840e-02
dxdz_q1   3   0   2   0   -1.731853275e-01
dxdz_q1   3   0   1   1   +4.187005064e+00
dxdz_q1   3   0   1   0   -1.832541364e-02
dxdz_q1   3   0   0   2   -2.171131230e-01
dxdz_q1   3   0   0   1   +7.474842708e-02
dxdz_q1   3   0   0   0   +1.657073729e-03
dxdz_q1   2   3   0   0   +4.232719698e+00
dxdz_q1   2   2   1   0   -1.145680732e+02
dxdz_q1   2   2   0   1   -1.667165801e+01
dxdz_q1   2   2   0   0   -9.189782818e-01
dxdz_q1   2   1   2   0   -7.367705667e+01
dxdz_q1   2   1   1   1   +3.497993055e+02
dxdz_q1   2   1   1   0   +8.188666651e-01
dxdz_q1   2   1   0   2   -4.964251548e+01
dxdz_q1   2   1   0   1   +3.372335110e+00
dxdz_q1   2   1   0   0   +3.814065612e-02
dxdz_q1   2   0   3   0   +7.762924792e+01
dxdz_q1   2   0   2   1   -1.914323554e+01
dxdz_q1   2   0   2   0   +7.912140065e-01
dxdz_q1   2   0   1   2   -1.167609957e+02
dxdz_q1   2   0   1   1   -6.445572287e+00
dxdz_q1   2   0   1   0   -8.547599294e-02
dxdz_q1   2   0   0   3   +2.520072179e+01
dxdz_q1   2   0   0   2   -8.168199914e-01
dxdz_q1   2   0   0   1   -2.874726551e-02
dxdz_q1   2   0   0   0   -8.133525698e-03
dxdz_q1   1   4   0   0   -1.885807773e+02
dxdz_q1   1   3   1   0   -1.915844654e+03
dxdz_q1   1   3   0   1   +8.945135379e+02
dxdz_q1   1   3   0   0   -1.382273982e+01
dxdz_q1   1   2   2   0   +5.197253175e+02
dxdz_q1   1   2   1   1   +5.082456499e+03
dxdz_q1   1   2   1   0   +1.157397826e+02
dxdz_q1   1   2   0   2   -1.481656431e+03
dxdz_q1   1   2   0   1   +3.960612511e+01
dxdz_q1   1   2   0   0   +1.916800978e-01
dxdz_q1   1   1   3   0   +8.169789891e+03
dxdz_q1   1   1   2   1   -3.802996887e+03
dxdz_q1   1   1   2   0   +5.267978718e+01
dxdz_q1   1   1   1   2   -2.117892172e+03
dxdz_q1   1   1   1   1   -2.542193486e+02
dxdz_q1   1   1   1   0   -6.039510653e+00
dxdz_q1   1   1   0   3   +6.805638512e+01
dxdz_q1   1   1   0   2   -1.329955584e+01
dxdz_q1   1   1   0   1   +9.839478812e-02
dxdz_q1   1   1   0   0   -1.513338992e-02
dxdz_q1   1   0   4   0   -4.261247941e+03
dxdz_q1   1   0   3   1   -5.717200368e+03
dxdz_q1   1   0   3   0   -7.429541129e+01
dxdz_q1   1   0   2   2   +6.802113907e+02
dxdz_q1   1   0   2   1   +3.577936751e+01
dxdz_q1   1   0   2   0   +3.289838738e+00
dxdz_q1   1   0   1   3   +1.651498543e+03
dxdz_q1   1   0   1   2   -7.969822282e+00
dxdz_q1   1   0   1   1   +6.102733873e+00
dxdz_q1   1   0   1   0   +3.661792282e-01
dxdz_q1   1   0   0   4   +1.941870921e+02
dxdz_q1   1   0   0   3   +2.279104364e+01
dxdz_q1   1   0   0   2   -6.002672648e-01
dxdz_q1   1   0   0   1   -9.354342555e-03
dxdz_q1   1   0   0   0   +8.250414317e-03
dxdz_q1   0   5   0   0   +2.932760462e+03
dxdz_q1   0   4   1   0   +5.643744307e+04
dxdz_q1   0   4   0   1   -1.874554333e+04
dxdz_q1   0   4   0   0   +2.318726868e+02
dxdz_q1   0   3   2   0   +1.410689778e+04
dxdz_q1   0   3   1   1   -2.751624951e+05
dxdz_q1   0   3   1   0   +3.525062165e+03
dxdz_q1   0   3   0   2   +5.133638936e+04
dxdz_q1   0   3   0   1   -1.315277621e+03
dxdz_q1   0   3   0   0   +5.406414326e+00
dxdz_q1   0   2   3   0   +1.778264760e+05
dxdz_q1   0   2   2   1   -8.174395545e+04
dxdz_q1   0   2   2   0   +1.320442879e+03
dxdz_q1   0   2   1   2   +4.836950540e+05
dxdz_q1   0   2   1   1   -1.007656336e+04
dxdz_q1   0   2   1   0   -6.653576878e+01
dxdz_q1   0   2   0   3   -7.867641077e+04
dxdz_q1   0   2   0   2   +3.082718189e+03
dxdz_q1   0   2   0   1   -2.094628602e+01
dxdz_q1   0   2   0   0   -5.376295769e-02
dxdz_q1   0   1   4   0   -9.203275461e+04
dxdz_q1   0   1   3   1   -1.122371665e+05
dxdz_q1   0   1   3   0   -5.174086808e+03
dxdz_q1   0   1   2   2   +1.409620781e+05
dxdz_q1   0   1   2   1   -2.556211055e+03
dxdz_q1   0   1   2   0   -8.976172190e-01
dxdz_q1   0   1   1   3   -3.840555132e+05
dxdz_q1   0   1   1   2   +1.095786621e+04
dxdz_q1   0   1   1   1   +2.631136569e+01
dxdz_q1   0   1   1   0   +3.002989527e+00
dxdz_q1   0   1   0   4   +6.727196847e+04
dxdz_q1   0   1   0   3   -3.381958380e+03
dxdz_q1   0   1   0   2   +3.236444866e+01
dxdz_q1   0   1   0   1   +1.177385014e-01
dxdz_q1   0   1   0   0   -1.774481957e-03
dxdz_q1   0   0   5   0   +2.059721589e+05
dxdz_q1   0   0   4   1   +6.339571383e+04
dxdz_q1   0   0   4   0   +8.528442855e+02
dxdz_q1   0   0   3   2   +1.285718746e+04
dxdz_q1   0   0   3   1   +2.539894920e+03
dxdz_q1   0   0   3   0   -1.077784239e+02
dxdz_q1   0   0   2   3   -9.611159148e+04
dxdz_q1   0   0   2   2   +3.182543414e+03
dxdz_q1   0   0   2   1   -2.668408326e+01
dxdz_q1   0   0   2   0   -6.847499142e+00
dxdz_q1   0   0   1   4   +1.326380373e+05
dxdz_q1   0   0   1   3   -5.994211252e+03
dxdz_q1   0   0   1   2   +4.204186100e+01
dxdz_q1   0   0   1   1   +1.740850076e+00
dxdz_q1   0   0   1   0   -1.979173517e+00
dxdz_q1   0   0   0   5   -2.615485984e+04
dxdz_q1   0   0   0   4   +1.730235396e+03
dxdz_q1   0   0   0   3   -2.697753868e+01
dxdz_q1   0   0   0   2   +8.737612991e-02
dxdz_q1   0   0   0   1   +3.948905991e-03
dxdz_q1   0   0   0   0   +2.143461949e-05
dydz_q1   5   0   0   0   +5.987552360e-05
dydz_q1   4   1   0   0   +4.301930944e-04
dydz_q1   4   0   1   0   +7.401704943e-03
dydz_q1   4   0   0   1   +2.180216187e-03
dydz_q1   4   0   0   0   +5.242970939e-05
dydz_q1   3   2   0   0   -8.058984130e-02
dydz_q1   3   1   1   0   +1.248017184e+00
dydz_q1   3   1   0   1   +3.646719429e-01
dydz_q1   3   1   0   0   +2.548685300e-02
dydz_q1   3   0   2   0   +4.483234529e-02
dydz_q1   3   0   1   1   -2.113094104e+00
dydz_q1   3   0   1   0   +7.279927519e-03
dydz_q1   3   0   0   2   -1.801014754e-01
dydz_q1   3   0   0   1   -4.477029987e-02
dydz_q1   3   0   0   0   +1.346233508e-04
dydz_q1   2   3   0   0   -2.342758444e+00
dydz_q1   2   2   1   0   +3.077202565e+01
dydz_q1   2   2   0   1   +1.777053334e+01
dydz_q1   2   2   0   0   +2.450741456e-01
dydz_q1   2   1   2   0   -6.275465455e+01
dydz_q1   2   1   1   1   -8.146391104e+01
dydz_q1   2   1   1   0   -1.901232071e+00
dydz_q1   2   1   0   2   -3.181110460e+01
dydz_q1   2   1   0   1   -5.528896831e-01
dydz_q1   2   1   0   0   -1.603421038e-02
dydz_q1   2   0   3   0   -3.471880175e+01
dydz_q1   2   0   2   1   +9.899520257e+01
dydz_q1   2   0   2   0   -6.385882290e-01
dydz_q1   2   0   1   2   +4.686753837e+01
dydz_q1   2   0   1   1   +2.132549695e+00
dydz_q1   2   0   1   0   -9.587625968e-03
dydz_q1   2   0   0   3   +1.687339767e+01
dydz_q1   2   0   0   2   +5.796489021e-02
dydz_q1   2   0   0   1   +2.588886732e-01
dydz_q1   2   0   0   0   -8.890256734e-05
dydz_q1   1   4   0   0   +2.582400985e+01
dydz_q1   1   3   1   0   +6.368226904e+02
dydz_q1   1   3   0   1   -1.666992468e+02
dydz_q1   1   3   0   0   +9.639168568e+00
dydz_q1   1   2   2   0   -1.165774244e+03
dydz_q1   1   2   1   1   -1.724416805e+03
dydz_q1   1   2   1   0   -2.773484585e+01
dydz_q1   1   2   0   2   +3.871771759e+02
dydz_q1   1   2   0   1   -4.482434107e+01
dydz_q1   1   2   0   0   +3.776585190e-02
dydz_q1   1   1   3   0   +1.471453949e+03
dydz_q1   1   1   2   1   +2.588969221e+03
dydz_q1   1   1   2   0   +1.082613194e+02
dydz_q1   1   1   1   2   +1.689420423e+03
dydz_q1   1   1   1   1   +7.320986885e+01
dydz_q1   1   1   1   0   +1.142136562e+00
dydz_q1   1   1   0   3   -2.613531685e+02
dydz_q1   1   1   0   2   +4.309868185e+01
dydz_q1   1   1   0   1   -2.534448169e-01
dydz_q1   1   1   0   0   +3.601722594e-01
dydz_q1   1   0   4   0   +1.117403418e+03
dydz_q1   1   0   3   1   -1.202987368e+03
dydz_q1   1   0   3   0   +2.422640284e+01
dydz_q1   1   0   2   2   -1.102054241e+03
dydz_q1   1   0   2   1   -1.494752571e+02
dydz_q1   1   0   2   0   +3.735112250e-01
dydz_q1   1   0   1   3   -6.975857611e+02
dydz_q1   1   0   1   2   -2.940899869e+01
dydz_q1   1   0   1   1   -3.878977403e-01
dydz_q1   1   0   1   0   +5.227566938e-03
dydz_q1   1   0   0   4   +3.016225749e+01
dydz_q1   1   0   0   3   -1.186474092e+01
dydz_q1   1   0   0   2   +1.591459961e-01
dydz_q1   1   0   0   1   -6.717507923e-01
dydz_q1   1   0   0   0   +1.865699182e-03
dydz_q1   0   5   0   0   +5.536968835e+02
dydz_q1   0   4   1   0   +5.556847646e+03
dydz_q1   0   4   0   1   -2.486083062e+03
dydz_q1   0   4   0   0   +3.324912872e+01
dydz_q1   0   3   2   0   +7.659394643e+02
dydz_q1   0   3   1   1   -1.617331174e+04
dydz_q1   0   3   1   0   -2.733754449e+01
dydz_q1   0   3   0   2   +2.524217813e+03
dydz_q1   0   3   0   1   -1.078960443e+02
dydz_q1   0   3   0   0   -1.287086873e+01
dydz_q1   0   2   3   0   -7.494772091e+03
dydz_q1   0   2   2   1   -1.107834078e+04
dydz_q1   0   2   2   0   +4.651297227e+02
dydz_q1   0   2   1   2   +2.294872925e+04
dydz_q1   0   2   1   1   +1.768148609e+02
dydz_q1   0   2   1   0   +1.141374536e+01
dydz_q1   0   2   0   3   +2.927758508e+03
dydz_q1   0   2   0   2   +1.231322060e+02
dydz_q1   0   2   0   1   +2.494114832e+01
dydz_q1   0   2   0   0   -2.153495284e-01
dydz_q1   0   1   4   0   -3.366527009e+04
dydz_q1   0   1   3   1   -5.819786788e+03
dydz_q1   0   1   3   0   -1.678239308e+03
dydz_q1   0   1   2   2   +1.580590569e+04
dydz_q1   0   1   2   1   -6.252621949e+02
dydz_q1   0   1   2   0   -7.891839152e+01
dydz_q1   0   1   1   3   -2.388478147e+04
dydz_q1   0   1   1   2   +2.237721937e+02
dydz_q1   0   1   1   1   -8.749799176e+00
dydz_q1   0   1   1   0   +2.659597831e+00
dydz_q1   0   1   0   4   -5.671441129e+03
dydz_q1   0   1   0   3   -1.074143924e+02
dydz_q1   0   1   0   2   -1.969318599e+01
dydz_q1   0   1   0   1   +2.987133336e-01
dydz_q1   0   1   0   0   -7.202171568e-01
dydz_q1   0   0   5   0   +8.635884496e+02
dydz_q1   0   0   4   1   +5.611054379e+03
dydz_q1   0   0   4   0   -4.209000399e+02
dydz_q1   0   0   3   2   +4.303505321e+03
dydz_q1   0   0   3   1   +2.330730334e+03
dydz_q1   0   0   3   0   -1.008203807e+01
dydz_q1   0   0   2   3   -6.640948208e+03
dydz_q1   0   0   2   2   +2.771402806e+02
dydz_q1   0   0   2   1   -4.917732490e+00
dydz_q1   0   0   2   0   -3.652769342e-01
dydz_q1   0   0   1   4   +1.087153781e+04
dydz_q1   0   0   1   3   -3.947830130e+02
dydz_q1   0   0   1   2   -6.395510041e+00
dydz_q1   0   0   1   1   +4.663718588e+00
dydz_q1   0   0   1   0   +1.358991456e-02
dydz_q1   0   0   0   5   +2.397899741e+03
dydz_q1   0   0   0   4   +6.158168336e+01
dydz_q1   0   0   0   3   +1.249057046e+01
dydz_q1   0   0   0   2   -1.231420721e-01
dydz_q1   0   0   0   1   +2.002248879e-01
dydz_q1   0   0   0   0   -3.713461237e-03
x_q1   5   0   0   0   -3.271816800e-02
x_q1   4   1   0   0   -5.115007667e-02
x_q1   4   0   1   0   +2.802078380e-03
x_q1   4   0   0   1   -8.638636391e-02
x_q1   4   0   0   0   -4.448133840e-03
x_q1   3   2   0   0   +1.446886356e+00
x_q1   3   1   1   0   -7.587500981e+00
x_q1   3   1   0   1   -1.085258118e+01
x_q1   3   1   0   0   -9.515416504e-02
x_q1   3   0   2   0   -8.837461555e+00
x_q1   3   0   1   1   +2.296723636e+01
x_q1   3   0   1   0   -2.451048342e-01
x_q1   3   0   0   2   -1.875390957e+00
x_q1   3   0   0   1   +5.076901524e-01
x_q1   3   0   0   0   +1.029236864e-02
x_q1   2   3   0   0   +3.080251147e+01
x_q1   2   2   1   0   -6.773631069e+02
x_q1   2   2   0   1   -1.254994246e+02
x_q1   2   2   0   0   -5.624326783e+00
x_q1   2   1   2   0   -7.156470279e+02
x_q1   2   1   1   1   +2.274213299e+03
x_q1   2   1   1   0   -1.092248944e-01
x_q1   2   1   0   2   -3.494919992e+02
x_q1   2   1   0   1   +2.231674556e+01
x_q1   2   1   0   0   +2.838639698e-01
x_q1   2   0   3   0   +9.987196956e+02
x_q1   2   0   2   1   +4.535685083e+01
x_q1   2   0   2   0   +1.813156786e+01
x_q1   2   0   1   2   -6.794791061e+02
x_q1   2   0   1   1   -4.336935447e+01
x_q1   2   0   1   0   -2.687737555e-01
x_q1   2   0   0   3   +1.780341080e+02
x_q1   2   0   0   2   -5.264093246e+00
x_q1   2   0   0   1   -2.252548758e-01
x_q1   2   0   0   0   -2.377490556e-02
x_q1   1   4   0   0   -1.405550358e+03
x_q1   1   3   1   0   -1.031757692e+04
x_q1   1   3   0   1   +6.646346783e+03
x_q1   1   3   0   0   -8.646559293e+01
x_q1   1   2   2   0   +2.034021243e+03
x_q1   1   2   1   1   +2.781243762e+04
x_q1   1   2   1   0   +7.966049380e+02
x_q1   1   2   0   2   -1.095714656e+04
x_q1   1   2   0   1   +2.463999402e+02
x_q1   1   2   0   0   +1.126629973e+00
x_q1   1   1   3   0   +6.229228791e+04
x_q1   1   1   2   1   -2.478204696e+04
x_q1   1   1   2   0   +4.821304654e+02
x_q1   1   1   1   2   -7.359660673e+03
x_q1   1   1   1   1   -1.621331173e+03
x_q1   1   1   1   0   -4.433339403e+01
x_q1   1   1   0   3   +6.668895726e+02
x_q1   1   1   0   2   -5.989773927e+01
x_q1   1   1   0   1   +6.816694526e-01
x_q1   1   1   0   0   -1.246051261e-01
x_q1   1   0   4   0   -4.652134856e+04
x_q1   1   0   3   1   -4.425737329e+04
x_q1   1   0   3   0   -9.149551736e+02
x_q1   1   0   2   2   +1.897703731e+03
x_q1   1   0   2   1   +2.265132651e+02
x_q1   1   0   2   0   +1.551931388e+01
x_q1   1   0   1   3   +9.615650319e+03
x_q1   1   0   1   2   -2.010607873e+02
x_q1   1   0   1   1   +4.921239620e+01
x_q1   1   0   1   0   +1.332051329e+00
x_q1   1   0   0   4   +1.232576778e+03
x_q1   1   0   0   3   +1.626991207e+02
x_q1   1   0   0   2   -4.187088885e+00
x_q1   1   0   0   1   -6.116956280e-02
x_q1   1   0   0   0   +2.263229859e-02
x_q1   0   5   0   0   +2.404293205e+04
x_q1   0   4   1   0   +4.209438114e+05
x_q1   0   4   0   1   -1.512559792e+05
x_q1   0   4   0   0   +1.728501363e+03
x_q1   0   3   2   0   +8.046727103e+04
x_q1   0   3   1   1   -2.011858454e+06
x_q1   0   3   1   0   +2.519546619e+04
x_q1   0   3   0   2   +4.069912926e+05
x_q1   0   3   0   1   -9.625713844e+03
x_q1   0   3   0   0   +3.689445997e+01
x_q1   0   2   3   0   +1.330239909e+06
x_q1   0   2   2   1   -5.551964098e+05
x_q1   0   2   2   0   +1.103866817e+04
x_q1   0   2   1   2   +3.499674055e+06
x_q1   0   2   1   1   -7.283894699e+04
x_q1   0   2   1   0   -3.345053971e+02
x_q1   0   2   0   3   -6.079930230e+05
x_q1   0   2   0   2   +2.229549188e+04
x_q1   0   2   0   1   -1.424460467e+02
x_q1   0   2   0   0   -5.896885676e-01
x_q1   0   1   4   0   -6.768168084e+05
x_q1   0   1   3   1   -8.212222899e+05
x_q1   0   1   3   0   -4.017891583e+04
x_q1   0   1   2   2   +1.021990088e+06
x_q1   0   1   2   1   -2.375953305e+04
x_q1   0   1   2   0   -1.034529068e+01
x_q1   0   1   1   3   -2.770719995e+06
x_q1   0   1   1   2   +8.011144529e+04
x_q1   0   1   1   1   -5.375479376e+01
x_q1   0   1   1   0   +2.470959615e+01
x_q1   0   1   0   4   +5.073716263e+05
x_q1   0   1   0   3   -2.446234288e+04
x_q1   0   1   0   2   +2.249492814e+02
x_q1   0   1   0   1   +1.059330556e+00
x_q1   0   1   0   0   -1.454877639e-02
x_q1   0   0   5   0   +1.826084432e+06
x_q1   0   0   4   1   +4.934278996e+05
x_q1   0   0   4   0   +1.223869500e+04
x_q1   0   0   3   2   +1.138941403e+05
x_q1   0   0   3   1   +1.811020309e+04
x_q1   0   0   3   0   -7.372394139e+02
x_q1   0   0   2   3   -7.142862090e+05
x_q1   0   0   2   2   +2.615338808e+04
x_q1   0   0   2   1   -2.459710750e+02
x_q1   0   0   2   0   -2.313222956e+01
x_q1   0   0   1   4   +9.616417381e+05
x_q1   0   0   1   3   -4.440541893e+04
x_q1   0   0   1   2   +4.142172969e+02
x_q1   0   0   1   1   +1.172384800e+01
x_q1   0   0   1   0   -5.445124802e+00
x_q1   0   0   0   5   -1.943828217e+05
x_q1   0   0   0   4   +1.269238362e+04
x_q1   0   0   0   3   -1.968104830e+02
x_q1   0   0   0   2   -3.271269329e-01
x_q1   0   0   0   1   +2.968466126e-02
x_q1   0   0   0   0   +1.774698805e-04
y_q1   5   0   0   0   -1.414363512e-04
y_q1   4   1   0   0   -5.968481311e-03
y_q1   4   0   1   0   -2.887113251e-04
y_q1   4   0   0   1   +3.467268514e-03
y_q1   4   0   0   0   -1.476763127e-04
y_q1   3   2   0   0   +6.119406575e-02
y_q1   3   1   1   0   +2.747801576e-01
y_q1   3   1   0   1   -3.235163893e-01
y_q1   3   1   0   0   +6.756613715e-03
y_q1   3   0   2   0   +1.777254412e+00
y_q1   3   0   1   1   -3.798661042e-01
y_q1   3   0   1   0   +2.764502222e-02
y_q1   3   0   0   2   +3.052891746e-01
y_q1   3   0   0   1   -7.019489363e-03
y_q1   3   0   0   0   -7.439980426e-06
y_q1   2   3   0   0   +3.489416276e+00
y_q1   2   2   1   0   -2.344389134e+01
y_q1   2   2   0   1   -3.483357153e+01
y_q1   2   2   0   0   -5.678606578e-02
y_q1   2   1   2   0   -9.110297285e+01
y_q1   2   1   1   1   +1.918361379e+01
y_q1   2   1   1   0   -3.117214952e+00
y_q1   2   1   0   2   +6.662865183e+01
y_q1   2   1   0   1   -3.604167540e-01
y_q1   2   1   0   0   -6.888364169e-02
y_q1   2   0   3   0   -9.764904141e+01
y_q1   2   0   2   1   +4.709735222e+01
y_q1   2   0   2   0   -1.465559173e+00
y_q1   2   0   1   2   -1.679646148e+01
y_q1   2   0   1   1   +7.040270933e+00
y_q1   2   0   1   0   +8.533261562e-04
y_q1   2   0   0   3   -1.991424015e+01
y_q1   2   0   0   2   +3.503100473e-01
y_q1   2   0   0   1   +6.008680881e-02
y_q1   2   0   0   0   -2.660346496e-04
y_q1   1   4   0   0   -1.173518740e+02
y_q1   1   3   1   0   -7.818774400e+02
y_q1   1   3   0   1   +4.146347101e+02
y_q1   1   3   0   0   -1.993537841e+01
y_q1   1   2   2   0   +4.577007506e+02
y_q1   1   2   1   1   +1.048605446e+03
y_q1   1   2   1   0   +6.981001473e+00
y_q1   1   2   0   2   -6.531876400e+02
y_q1   1   2   0   1   +9.063068367e+01
y_q1   1   2   0   0   -1.554863584e-01
y_q1   1   1   3   0   +8.983445818e+03
y_q1   1   1   2   1   +2.569003772e+03
y_q1   1   1   2   0   +2.225130337e+02
y_q1   1   1   1   2   -1.189265404e+03
y_q1   1   1   1   1   +4.087611402e+01
y_q1   1   1   1   0   +3.002177744e+00
y_q1   1   1   0   3   +6.366987055e+02
y_q1   1   1   0   2   -1.043899946e+02
y_q1   1   1   0   1   +6.666695166e-01
y_q1   1   1   0   0   -1.753627684e-01
y_q1   1   0   4   0   +5.289748500e+02
y_q1   1   0   3   1   -2.989217646e+03
y_q1   1   0   3   0   +5.916169490e+01
y_q1   1   0   2   2   -1.750087706e+03
y_q1   1   0   2   1   -3.014879704e+02
y_q1   1   0   2   0   +8.022531230e-01
y_q1   1   0   1   3   -1.022683726e+02
y_q1   1   0   1   2   -5.735036160e+01
y_q1   1   0   1   1   +1.565226217e+00
y_q1   1   0   1   0   +9.538945269e-03
y_q1   1   0   0   4   -3.633806323e+02
y_q1   1   0   0   3   +6.082723471e+01
y_q1   1   0   0   2   -4.558848123e-01
y_q1   1   0   0   1   -1.199304513e+00
y_q1   1   0   0   0   -8.924097136e-04
y_q1   0   5   0   0   -5.988516725e+02
y_q1   0   4   1   0   -1.496039658e+03
y_q1   0   4   0   1   +4.935191960e+03
y_q1   0   4   0   0   -3.880516861e+01
y_q1   0   3   2   0   +2.891046024e+04
y_q1   0   3   1   1   -1.176060307e+04
y_q1   0   3   1   0   +3.747158048e+02
y_q1   0   3   0   2   -1.245366720e+04
y_q1   0   3   0   1   +1.235602977e+02
y_q1   0   3   0   0   +2.559564288e+01
y_q1   0   2   3   0   +9.625535041e+03
y_q1   0   2   2   1   -2.972089270e+04
y_q1   0   2   2   0   +2.385047791e+02
y_q1   0   2   1   2   +3.301158387e+04
y_q1   0   2   1   1   -1.290372284e+03
y_q1   0   2   1   0   -8.844842441e-01
y_q1   0   2   0   3   +1.579474928e+04
y_q1   0   2   0   2   -1.102270484e+02
y_q1   0   2   0   1   -5.159850456e+01
y_q1   0   2   0   0   +4.074486926e-01
y_q1   0   1   4   0   -4.385800482e+05
y_q1   0   1   3   1   -7.761528318e+04
y_q1   0   1   3   0   -9.937081822e+03
y_q1   0   1   2   2   +3.037686830e+04
y_q1   0   1   2   1   -8.110236896e+02
y_q1   0   1   2   0   -1.189488139e+02
y_q1   0   1   1   3   -4.902140672e+04
y_q1   0   1   1   2   +1.998424124e+03
y_q1   0   1   1   1   -1.976862057e+01
y_q1   0   1   1   0   -9.593749095e+00
y_q1   0   1   0   4   -9.984715528e+03
y_q1   0   1   0   3   -4.427232051e+01
y_q1   0   1   0   2   +2.865722557e+01
y_q1   0   1   0   1   -5.144776743e-01
y_q1   0   1   0   0   -2.446308163e+00
y_q1   0   0   5   0   +1.269330436e+03
y_q1   0   0   4   1   +2.410653861e+04
y_q1   0   0   4   0   -2.018031915e+03
y_q1   0   0   3   2   +5.027725031e+04
y_q1   0   0   3   1   +3.234938415e+03
y_q1   0   0   3   0   -3.962429534e+01
y_q1   0   0   2   3   -4.493838469e+03
y_q1   0   0   2   2   +8.256902861e+02
y_q1   0   0   2   1   -5.392194598e+01
y_q1   0   0   2   0   -6.424429321e-01
y_q1   0   0   1   4   +2.543549288e+04
y_q1   0   0   1   3   -1.310654441e+03
y_q1   0   0   1   2   -2.642662334e+00
y_q1   0   0   1   1   +2.598405774e+01
y_q1   0   0   1   0   -5.164831449e-02
y_q1   0   0   0   5   +1.290756354e+03
y_q1   0   0   0   4   +1.664678683e+02
y_q1   0   0   0   3   +1.645691948e+01
y_q1   0   0   0   2   +1.252331381e-01
y_q1   0   0   0   1   +2.069473262e+00
y_q1   0   0   0   0   -1.263281493e-02
