# Polynomial metadata: 
# -- Order: 4
# -- Trained on data: 'data/mc/mc_L_production.root'
# -- Input branches: { x_fp y_fp dxdz_fp dydz_fp }
# -- Time created: Thu Jan 22 10:43:58 2026

poly-DoF 4
is-RHRS 0
dpp_sv   4   0   0   0   +2.358687808e-04
dpp_sv   3   1   0   0   +3.620684247e-03
dpp_sv   3   0   1   0   +2.318768062e-02
dpp_sv   3   0   0   1   -2.093700549e-02
dpp_sv   3   0   0   0   +1.286889645e-03
dpp_sv   2   2   0   0   -1.930461933e-01
dpp_sv   2   1   1   0   -2.362326597e+00
dpp_sv   2   1   0   1   +8.691566964e-01
dpp_sv   2   1   0   0   -2.663680890e-02
dpp_sv   2   0   2   0   -8.560741315e-01
dpp_sv   2   0   1   1   +3.224010858e+00
dpp_sv   2   0   1   0   -1.468693199e-02
dpp_sv   2   0   0   2   -9.958935906e-01
dpp_sv   2   0   0   1   +1.799290238e-02
dpp_sv   2   0   0   0   +8.651193782e-03
dpp_sv   1   3   0   0   +1.345485700e+01
dpp_sv   1   2   1   0   +8.309929351e+01
dpp_sv   1   2   0   1   -4.770131733e+01
dpp_sv   1   2   0   0   -6.031390914e-02
dpp_sv   1   1   2   0   +4.442240643e+01
dpp_sv   1   1   1   1   -8.404885692e+01
dpp_sv   1   1   1   0   +4.256954808e+00
dpp_sv   1   1   0   2   +5.099130382e+01
dpp_sv   1   1   0   1   +8.874426696e-01
dpp_sv   1   1   0   0   +1.135748877e-02
dpp_sv   1   0   3   0   +2.953885702e+01
dpp_sv   1   0   2   1   -9.181231085e+01
dpp_sv   1   0   2   0   +1.930326947e+00
dpp_sv   1   0   1   2   +1.296541761e+01
dpp_sv   1   0   1   1   -4.569129637e+00
dpp_sv   1   0   1   0   +1.635490004e-01
dpp_sv   1   0   0   3   -1.611589168e+01
dpp_sv   1   0   0   2   -1.122869968e+00
dpp_sv   1   0   0   1   -8.244212915e-05
dpp_sv   1   0   0   0   +7.426366639e-02
dpp_sv   0   4   0   0   -2.730839376e+02
dpp_sv   0   3   1   0   -1.517920351e+03
dpp_sv   0   3   0   1   +1.324929388e+03
dpp_sv   0   3   0   0   +6.143823809e+00
dpp_sv   0   2   2   0   +1.454700058e+02
dpp_sv   0   2   1   1   +2.646878369e+03
dpp_sv   0   2   1   0   -6.733455994e+00
dpp_sv   0   2   0   2   -2.129468691e+03
dpp_sv   0   2   0   1   -2.692040508e+01
dpp_sv   0   2   0   0   +6.760176568e-01
dpp_sv   0   1   3   0   +7.846250303e+02
dpp_sv   0   1   2   1   +1.861477744e+03
dpp_sv   0   1   2   0   -1.339343921e-01
dpp_sv   0   1   1   2   -2.540756426e+03
dpp_sv   0   1   1   1   -2.379124402e+01
dpp_sv   0   1   1   0   -1.925625657e+00
dpp_sv   0   1   0   3   +1.036037319e+03
dpp_sv   0   1   0   2   +3.884785992e+01
dpp_sv   0   1   0   1   -1.083365768e+00
dpp_sv   0   1   0   0   -7.492232761e-03
dpp_sv   0   0   4   0   -1.616487087e+03
dpp_sv   0   0   3   1   +2.851792596e+02
dpp_sv   0   0   3   0   -5.514300777e+01
dpp_sv   0   0   2   2   -1.287062031e+03
dpp_sv   0   0   2   1   +1.551289630e+01
dpp_sv   0   0   2   0   +1.886356715e+00
dpp_sv   0   0   1   3   +1.201186864e+03
dpp_sv   0   0   1   2   +2.942943152e+01
dpp_sv   0   0   1   1   -1.145773625e+00
dpp_sv   0   0   1   0   -4.510765545e-02
dpp_sv   0   0   0   4   +1.154863738e+02
dpp_sv   0   0   0   3   -1.389701347e+01
dpp_sv   0   0   0   2   +3.276575418e-01
dpp_sv   0   0   0   1   +5.333423151e-03
dpp_sv   0   0   0   0   -4.601974584e-04
dxdz_sv   4   0   0   0   -7.484794893e-04
dxdz_sv   3   1   0   0   +2.148027017e-02
dxdz_sv   3   0   1   0   +3.498151816e-02
dxdz_sv   3   0   0   1   -3.044810635e-02
dxdz_sv   3   0   0   0   +3.244342863e-04
dxdz_sv   2   2   0   0   -1.388458741e+00
dxdz_sv   2   1   1   0   -6.710553392e+00
dxdz_sv   2   1   0   1   +1.543182573e+00
dxdz_sv   2   1   0   0   -8.331438960e-02
dxdz_sv   2   0   2   0   +6.446057746e+00
dxdz_sv   2   0   1   1   +8.998338019e+00
dxdz_sv   2   0   1   0   -2.356163064e-02
dxdz_sv   2   0   0   2   -3.085312717e-01
dxdz_sv   2   0   0   1   +1.249149176e-01
dxdz_sv   2   0   0   0   -7.563761100e-03
dxdz_sv   1   3   0   0   +3.979080200e+00
dxdz_sv   1   2   1   0   +1.432296625e+02
dxdz_sv   1   2   0   1   +5.522312523e+01
dxdz_sv   1   2   0   0   +1.396044321e+00
dxdz_sv   1   1   2   0   -1.948351906e+02
dxdz_sv   1   1   1   1   -3.387642270e+02
dxdz_sv   1   1   1   0   +2.221261429e+00
dxdz_sv   1   1   0   2   -1.014577538e+02
dxdz_sv   1   1   0   1   -2.705159762e+00
dxdz_sv   1   1   0   0   +6.822520465e-02
dxdz_sv   1   0   3   0   -5.520409087e+02
dxdz_sv   1   0   2   1   +1.572901625e+01
dxdz_sv   1   0   2   0   -5.029024619e+00
dxdz_sv   1   0   1   2   +1.696821784e+02
dxdz_sv   1   0   1   1   -1.099640015e+01
dxdz_sv   1   0   1   0   +3.599931211e-01
dxdz_sv   1   0   0   3   +3.352354816e+01
dxdz_sv   1   0   0   2   +5.040607945e-01
dxdz_sv   1   0   0   1   -7.003078392e-02
dxdz_sv   1   0   0   0   +8.270408974e-03
dxdz_sv   0   4   0   0   +1.533624741e+01
dxdz_sv   0   3   1   0   -8.187772490e+03
dxdz_sv   0   3   0   1   +4.059149082e+02
dxdz_sv   0   3   0   0   -1.206119246e+01
dxdz_sv   0   2   2   0   -4.007793255e+03
dxdz_sv   0   2   1   1   +2.056448583e+04
dxdz_sv   0   2   1   0   -2.177069977e+02
dxdz_sv   0   2   0   2   -2.678815912e+03
dxdz_sv   0   2   0   1   +3.543015263e+01
dxdz_sv   0   2   0   0   +2.535721633e-01
dxdz_sv   0   1   3   0   +3.005881236e+04
dxdz_sv   0   1   2   1   +8.577864854e+03
dxdz_sv   0   1   2   0   -1.746480331e+01
dxdz_sv   0   1   1   2   -2.067802687e+04
dxdz_sv   0   1   1   1   +3.874273048e+02
dxdz_sv   0   1   1   0   -1.659074362e+01
dxdz_sv   0   1   0   3   +4.044711773e+03
dxdz_sv   0   1   0   2   -2.582472776e+01
dxdz_sv   0   1   0   1   -2.577139811e-01
dxdz_sv   0   1   0   0   -1.665685646e-03
dxdz_sv   0   0   4   0   +6.086807427e+03
dxdz_sv   0   0   3   1   -2.262319585e+04
dxdz_sv   0   0   3   0   +3.273460316e+02
dxdz_sv   0   0   2   2   -1.982902608e+03
dxdz_sv   0   0   2   1   +1.604227841e+02
dxdz_sv   0   0   2   0   -6.436670769e+00
dxdz_sv   0   0   1   3   +7.858696293e+03
dxdz_sv   0   0   1   2   -1.784948832e+02
dxdz_sv   0   0   1   1   +1.367452043e+01
dxdz_sv   0   0   1   0   -1.953031971e+00
dxdz_sv   0   0   0   4   -1.816964761e+03
dxdz_sv   0   0   0   3   +1.355982341e+01
dxdz_sv   0   0   0   2   +5.777992652e-01
dxdz_sv   0   0   0   1   -1.508255324e-03
dxdz_sv   0   0   0   0   -3.342798306e-05
dydz_sv   4   0   0   0   +7.592633941e-04
dydz_sv   3   1   0   0   -1.283938961e-02
dydz_sv   3   0   1   0   +8.240003743e-02
dydz_sv   3   0   0   1   -2.420350709e-02
dydz_sv   3   0   0   0   +1.100861745e-03
dydz_sv   2   2   0   0   +9.307854846e-01
dydz_sv   2   1   1   0   -9.971151266e+00
dydz_sv   2   1   0   1   -1.542986265e-01
dydz_sv   2   1   0   0   -1.104920058e-01
dydz_sv   2   0   2   0   -9.002723915e+00
dydz_sv   2   0   1   1   +1.009166431e+01
dydz_sv   2   0   1   0   -1.647003116e-01
dydz_sv   2   0   0   2   +8.804491818e-01
dydz_sv   2   0   0   1   +3.591799994e-01
dydz_sv   2   0   0   0   +1.840992897e-04
dydz_sv   1   3   0   0   -1.622340875e+02
dydz_sv   1   2   1   0   +1.299964488e+02
dydz_sv   1   2   0   1   +3.443675467e+02
dydz_sv   1   2   0   0   +2.381236709e+00
dydz_sv   1   1   2   0   +7.910982170e+02
dydz_sv   1   1   1   1   -1.781361387e+02
dydz_sv   1   1   1   0   +8.442647977e+00
dydz_sv   1   1   0   2   -2.148199943e+02
dydz_sv   1   1   0   1   -6.609949324e-01
dydz_sv   1   1   0   0   +4.064328421e-01
dydz_sv   1   0   3   0   -9.502927608e+01
dydz_sv   1   0   2   1   -8.795006885e+02
dydz_sv   1   0   2   0   +5.627939314e+00
dydz_sv   1   0   1   2   +5.523139516e+01
dydz_sv   1   0   1   1   -7.044796653e+00
dydz_sv   1   0   1   0   +1.286661619e-01
dydz_sv   1   0   0   3   +4.519247807e+00
dydz_sv   1   0   0   2   -1.813576686e+00
dydz_sv   1   0   0   1   -6.703014308e-01
dydz_sv   1   0   0   0   +8.042698606e-03
dydz_sv   0   4   0   0   -2.030865443e+03
dydz_sv   0   3   1   0   -4.053176116e+03
dydz_sv   0   3   0   1   +1.102059295e+04
dydz_sv   0   3   0   0   -8.222574479e+01
dydz_sv   0   2   2   0   -2.005916919e+04
dydz_sv   0   2   1   1   +1.669523791e+04
dydz_sv   0   2   1   0   +3.118596877e+00
dydz_sv   0   2   0   2   -2.099944012e+04
dydz_sv   0   2   0   1   +2.612064083e+02
dydz_sv   0   2   0   0   +5.088069227e+00
dydz_sv   0   1   3   0   -1.016961713e+04
dydz_sv   0   1   2   1   +2.543119382e+04
dydz_sv   0   1   2   0   -6.774305293e+02
dydz_sv   0   1   1   2   -2.244306573e+04
dydz_sv   0   1   1   1   -8.038764111e+01
dydz_sv   0   1   1   0   +3.691451177e+00
dydz_sv   0   1   0   3   +1.880460502e+04
dydz_sv   0   1   0   2   -3.158700447e+02
dydz_sv   0   1   0   1   -1.160713501e+01
dydz_sv   0   1   0   0   -6.565604612e-01
dydz_sv   0   0   4   0   +1.367563618e+04
dydz_sv   0   0   3   1   +1.144303442e+04
dydz_sv   0   0   3   0   -5.416365708e+00
dydz_sv   0   0   2   2   -7.457181607e+03
dydz_sv   0   0   2   1   +4.937244985e+02
dydz_sv   0   0   2   0   -1.319917282e+01
dydz_sv   0   0   1   3   +9.435163068e+03
dydz_sv   0   0   1   2   +8.306624770e+01
dydz_sv   0   0   1   1   +3.344541784e+00
dydz_sv   0   0   1   0   -2.311042087e-02
dydz_sv   0   0   0   4   -6.946063160e+03
dydz_sv   0   0   0   3   +1.385232053e+02
dydz_sv   0   0   0   2   +6.621621403e+00
dydz_sv   0   0   0   1   +1.278051843e-01
dydz_sv   0   0   0   0   -3.599445419e-03
x_sv   4   0   0   0   -2.839203081e-03
x_sv   3   1   0   0   +1.436825583e-01
x_sv   3   0   1   0   +1.784361212e-01
x_sv   3   0   0   1   -1.415788095e-01
x_sv   3   0   0   0   +5.513000207e-04
x_sv   2   2   0   0   -1.224306668e+00
x_sv   2   1   1   0   -1.696814222e+01
x_sv   2   1   0   1   -1.916368201e+00
x_sv   2   1   0   0   -2.059320179e-01
x_sv   2   0   2   0   -1.840386063e+00
x_sv   2   0   1   1   +2.785726437e+01
x_sv   2   0   1   0   -1.678470517e-01
x_sv   2   0   0   2   +3.829161419e+00
x_sv   2   0   0   1   +1.337829804e-01
x_sv   2   0   0   0   -7.403951759e-03
x_sv   1   3   0   0   +8.282603352e+00
x_sv   1   2   1   0   +5.892817608e+02
x_sv   1   2   0   1   +2.724035902e+01
x_sv   1   2   0   0   +6.600115167e-01
x_sv   1   1   2   0   +1.641850442e+02
x_sv   1   1   1   1   -5.288588264e+02
x_sv   1   1   1   0   +3.342454955e+01
x_sv   1   1   0   2   -6.160468343e+01
x_sv   1   1   0   1   +4.577649902e-01
x_sv   1   1   0   0   +2.420405137e-02
x_sv   1   0   3   0   -2.839151289e+01
x_sv   1   0   2   1   -2.705932309e+02
x_sv   1   0   2   0   +4.229864295e+00
x_sv   1   0   1   2   -1.637566942e+02
x_sv   1   0   1   1   -2.659844121e+01
x_sv   1   0   1   0   +5.172445737e-01
x_sv   1   0   0   3   -1.297380205e+01
x_sv   1   0   0   2   -3.364606528e+00
x_sv   1   0   0   1   +4.772792815e-02
x_sv   1   0   0   0   +7.331060768e-03
x_sv   0   4   0   0   -3.611441526e+02
x_sv   0   3   1   0   -5.638683859e+03
x_sv   0   3   0   1   +2.602671049e+03
x_sv   0   3   0   0   +1.259132908e+01
x_sv   0   2   2   0   +4.507709806e+03
x_sv   0   2   1   1   +9.042806751e+03
x_sv   0   2   1   0   -2.920177598e+00
x_sv   0   2   0   2   -7.494165539e+03
x_sv   0   2   0   1   -7.055895184e+01
x_sv   0   2   0   0   -5.233920415e-02
x_sv   0   1   3   0   +3.871289886e+03
x_sv   0   1   2   1   -1.072686370e+04
x_sv   0   1   2   0   +2.432802941e+02
x_sv   0   1   1   2   -9.273743943e+03
x_sv   0   1   1   1   -3.890533311e+02
x_sv   0   1   1   0   -3.938665535e+00
x_sv   0   1   0   3   +9.356000088e+03
x_sv   0   1   0   2   +1.227053823e+02
x_sv   0   1   0   1   -8.639455899e-02
x_sv   0   1   0   0   -2.620846307e-03
x_sv   0   0   4   0   -2.605643752e+03
x_sv   0   0   3   1   -1.748692235e+03
x_sv   0   0   3   0   -4.668470539e+01
x_sv   0   0   2   2   +9.991138401e+03
x_sv   0   0   2   1   -8.211579691e+01
x_sv   0   0   2   0   -6.564930636e+00
x_sv   0   0   1   3   +6.601358255e+03
x_sv   0   0   1   2   +3.405818175e+02
x_sv   0   0   1   1   -2.012267571e+01
x_sv   0   0   1   0   -1.716254472e+00
x_sv   0   0   0   4   -3.953073926e+03
x_sv   0   0   0   3   -4.327566949e+01
x_sv   0   0   0   2   +9.615435290e-01
x_sv   0   0   0   1   +5.424416619e-03
x_sv   0   0   0   0   +1.258308340e-03
y_sv   4   0   0   0   -2.171502635e-04
y_sv   3   1   0   0   -9.654859402e-03
y_sv   3   0   1   0   -9.077571578e-02
y_sv   3   0   0   1   +8.688566215e-02
y_sv   3   0   0   0   -5.393733077e-04
y_sv   2   2   0   0   -1.036278763e+00
y_sv   2   1   1   0   +8.086979313e+00
y_sv   2   1   0   1   -1.355465208e+00
y_sv   2   1   0   0   -2.189683929e-04
y_sv   2   0   2   0   +7.684193726e+00
y_sv   2   0   1   1   -3.738779137e+00
y_sv   2   0   1   0   +1.560040472e-01
y_sv   2   0   0   2   -1.022562186e+00
y_sv   2   0   0   1   -5.380643321e-01
y_sv   2   0   0   0   -3.200318496e-04
y_sv   1   3   0   0   -9.868859608e+01
y_sv   1   2   1   0   -2.614017382e+02
y_sv   1   2   0   1   +3.752732606e+02
y_sv   1   2   0   0   -3.742642413e+00
y_sv   1   1   2   0   -6.405932213e+02
y_sv   1   1   1   1   +3.580718316e+02
y_sv   1   1   1   0   -6.169850517e+00
y_sv   1   1   0   2   -3.244751079e+02
y_sv   1   1   0   1   +4.138262673e+00
y_sv   1   1   0   0   -8.476129276e-01
y_sv   1   0   3   0   +2.149442606e+01
y_sv   1   0   2   1   +6.582521724e+02
y_sv   1   0   2   0   -5.417339941e+00
y_sv   1   0   1   2   -5.385213525e+01
y_sv   1   0   1   1   +9.469509758e+00
y_sv   1   0   1   0   -1.039633609e-01
y_sv   1   0   0   3   +1.186627293e+02
y_sv   1   0   0   2   +1.190566984e+00
y_sv   1   0   0   1   +5.959067084e-02
y_sv   1   0   0   0   -4.773689760e-03
y_sv   0   4   0   0   -2.208848199e+03
y_sv   0   3   1   0   -8.272291239e+02
y_sv   0   3   0   1   +1.083357653e+04
y_sv   0   3   0   0   +8.171072943e+01
y_sv   0   2   2   0   +2.247150441e+04
y_sv   0   2   1   1   +4.145535098e+03
y_sv   0   2   1   0   +4.611153767e+01
y_sv   0   2   0   2   -1.995122887e+04
y_sv   0   2   0   1   -1.445424861e+02
y_sv   0   2   0   0   -3.770642098e+00
y_sv   0   1   3   0   +2.668790183e+03
y_sv   0   1   2   1   -3.574725298e+04
y_sv   0   1   2   0   +3.331458631e+02
y_sv   0   1   1   2   -4.973956645e+03
y_sv   0   1   1   1   +1.552822506e+01
y_sv   0   1   1   0   -1.519907581e+01
y_sv   0   1   0   3   +1.592895950e+04
y_sv   0   1   0   2   +6.396423027e+01
y_sv   0   1   0   1   +6.423359469e+00
y_sv   0   1   0   0   -1.113210435e+00
y_sv   0   0   4   0   -7.196404005e+03
y_sv   0   0   3   1   -9.901452769e+03
y_sv   0   0   3   0   +6.220887965e+01
y_sv   0   0   2   2   +1.681321666e+04
y_sv   0   0   2   1   -3.148831738e+02
y_sv   0   0   2   0   +1.047984767e+01
y_sv   0   0   1   3   +1.748241827e+03
y_sv   0   0   1   2   -4.988488603e+01
y_sv   0   0   1   1   +1.732900627e+01
y_sv   0   0   1   0   +8.057014020e-02
y_sv   0   0   0   4   -4.842452750e+03
y_sv   0   0   0   3   -1.232777093e+00
y_sv   0   0   0   2   -3.070880370e+00
y_sv   0   0   0   1   +1.735367505e+00
y_sv   0   0   0   0   -2.488450542e-03
