# Polynomial metadata: 
# -- Order: 4
# -- Trained on data: 'data/mc/mc_R_production.root'
# -- Input branches: { x_fp y_fp dxdz_fp dydz_fp }
# -- Time created: Tue Dec 30 21:10:31 2025

poly-DoF 4
is-RHRS 1
dpp_sv   4   0   0   0   +3.626960793e-04
dpp_sv   3   1   0   0   -1.170077858e-02
dpp_sv   3   0   1   0   +2.712364096e-02
dpp_sv   3   0   0   1   +1.911736081e-02
dpp_sv   3   0   0   0   +1.350150810e-03
dpp_sv   2   2   0   0   -4.399242170e-01
dpp_sv   2   1   1   0   +1.987272852e+00
dpp_sv   2   1   0   1   +1.495050565e+00
dpp_sv   2   1   0   0   +2.074592176e-02
dpp_sv   2   0   2   0   -8.276602689e-01
dpp_sv   2   0   1   1   -2.822726642e+00
dpp_sv   2   0   1   0   -1.604456645e-02
dpp_sv   2   0   0   2   -1.365040945e+00
dpp_sv   2   0   0   1   -6.441721777e-03
dpp_sv   2   0   0   0   +8.610161972e-03
dpp_sv   1   3   0   0   -9.985559300e+00
dpp_sv   1   2   1   0   +8.016620848e+01
dpp_sv   1   2   0   1   +3.931160614e+01
dpp_sv   1   2   0   0   -1.530596533e-01
dpp_sv   1   1   2   0   -5.292452953e+01
dpp_sv   1   1   1   1   -7.132721860e+01
dpp_sv   1   1   1   0   -4.411679244e+00
dpp_sv   1   1   0   2   -4.370932027e+01
dpp_sv   1   1   0   1   +1.282913701e+00
dpp_sv   1   1   0   0   -1.122831030e-02
dpp_sv   1   0   3   0   +2.134944016e+01
dpp_sv   1   0   2   1   +1.159874073e+02
dpp_sv   1   0   2   0   +1.737871243e+00
dpp_sv   1   0   1   2   +4.645515809e+00
dpp_sv   1   0   1   1   +4.869526695e+00
dpp_sv   1   0   1   0   +1.613983641e-01
dpp_sv   1   0   0   3   +1.164654070e+01
dpp_sv   1   0   0   2   -1.561266748e+00
dpp_sv   1   0   0   1   +4.055521553e-03
dpp_sv   1   0   0   0   +7.428218551e-02
dpp_sv   0   4   0   0   -2.157663986e+02
dpp_sv   0   3   1   0   +1.572072846e+03
dpp_sv   0   3   0   1   +1.189910264e+03
dpp_sv   0   3   0   0   -3.312812849e+00
dpp_sv   0   2   2   0   +5.669484784e+02
dpp_sv   0   2   1   1   -3.107138378e+03
dpp_sv   0   2   1   0   -1.672105347e+00
dpp_sv   0   2   0   2   -2.100916852e+03
dpp_sv   0   2   0   1   +1.541630175e+01
dpp_sv   0   2   0   0   +6.942357325e-01
dpp_sv   0   1   3   0   -8.882842285e+02
dpp_sv   0   1   2   1   +9.804469186e+02
dpp_sv   0   1   2   0   +4.724748214e+00
dpp_sv   0   1   1   2   +3.604221377e+03
dpp_sv   0   1   1   1   -4.207316676e+01
dpp_sv   0   1   1   0   +2.023183407e+00
dpp_sv   0   1   0   3   +8.899232141e+02
dpp_sv   0   1   0   2   -1.803386176e+01
dpp_sv   0   1   0   1   -1.160558969e+00
dpp_sv   0   1   0   0   +7.040293754e-03
dpp_sv   0   0   4   0   -1.352996252e+03
dpp_sv   0   0   3   1   -2.891409092e+02
dpp_sv   0   0   3   0   -4.907132167e+01
dpp_sv   0   0   2   2   -1.009493657e+03
dpp_sv   0   0   2   1   -2.292615640e+01
dpp_sv   0   0   2   0   +1.870752942e+00
dpp_sv   0   0   1   3   -2.001865829e+03
dpp_sv   0   0   1   2   +4.829589013e+01
dpp_sv   0   0   1   1   +1.010638144e+00
dpp_sv   0   0   1   0   -4.598882066e-02
dpp_sv   0   0   0   4   +3.864494909e+02
dpp_sv   0   0   0   3   -6.000469356e-01
dpp_sv   0   0   0   2   +4.407841676e-01
dpp_sv   0   0   0   1   -5.493451631e-03
dpp_sv   0   0   0   0   -4.621525650e-04
dxdz_sv   4   0   0   0   -1.001421466e-05
dxdz_sv   3   1   0   0   -2.776909452e-02
dxdz_sv   3   0   1   0   +3.049110417e-02
dxdz_sv   3   0   0   1   +3.449046705e-02
dxdz_sv   3   0   0   0   +4.449080281e-04
dxdz_sv   2   2   0   0   -1.297783850e+00
dxdz_sv   2   1   1   0   +6.114220930e+00
dxdz_sv   2   1   0   1   +2.072601784e+00
dxdz_sv   2   1   0   0   +7.169035453e-02
dxdz_sv   2   0   2   0   +6.970670605e+00
dxdz_sv   2   0   1   1   -8.313942042e+00
dxdz_sv   2   0   1   0   -2.380177535e-02
dxdz_sv   2   0   0   2   -8.993536333e-01
dxdz_sv   2   0   0   1   -1.104975349e-01
dxdz_sv   2   0   0   0   -7.822021862e-03
dxdz_sv   1   3   0   0   -1.816901038e+00
dxdz_sv   1   2   1   0   +1.458562468e+02
dxdz_sv   1   2   0   1   -5.101580759e+01
dxdz_sv   1   2   0   0   +1.406279442e+00
dxdz_sv   1   1   2   0   +2.105309751e+02
dxdz_sv   1   1   1   1   -3.523705060e+02
dxdz_sv   1   1   1   0   -2.213367651e+00
dxdz_sv   1   1   0   2   +9.190587360e+01
dxdz_sv   1   1   0   1   -2.805885901e+00
dxdz_sv   1   1   0   0   -6.954386850e-02
dxdz_sv   1   0   3   0   -5.667745462e+02
dxdz_sv   1   0   2   1   -2.572193910e+01
dxdz_sv   1   0   2   0   -5.335872632e+00
dxdz_sv   1   0   1   2   +1.777371184e+02
dxdz_sv   1   0   1   1   +1.107852326e+01
dxdz_sv   1   0   1   0   +3.603365528e-01
dxdz_sv   1   0   0   3   -2.230093729e+01
dxdz_sv   1   0   0   2   +3.796315432e-01
dxdz_sv   1   0   0   1   +7.206357202e-02
dxdz_sv   1   0   0   0   +8.280752627e-03
dxdz_sv   0   4   0   0   -2.940311793e+00
dxdz_sv   0   3   1   0   +8.153806973e+03
dxdz_sv   0   3   0   1   +4.107999138e+02
dxdz_sv   0   3   0   0   +1.510764209e+01
dxdz_sv   0   2   2   0   -3.702750834e+03
dxdz_sv   0   2   1   1   -2.111161248e+04
dxdz_sv   0   2   1   0   -2.096659624e+02
dxdz_sv   0   2   0   2   -2.457369828e+03
dxdz_sv   0   2   0   1   -5.131303266e+01
dxdz_sv   0   2   0   0   +3.232903623e-01
dxdz_sv   0   1   3   0   -3.003765928e+04
dxdz_sv   0   1   2   1   +7.621177572e+03
dxdz_sv   0   1   2   0   +2.984236498e+01
dxdz_sv   0   1   1   2   +2.226894579e+04
dxdz_sv   0   1   1   1   +3.540663412e+02
dxdz_sv   0   1   1   0   +1.673078148e+01
dxdz_sv   0   1   0   3   +3.626163003e+03
dxdz_sv   0   1   0   2   +5.685712842e+01
dxdz_sv   0   1   0   1   -5.508158864e-01
dxdz_sv   0   1   0   0   +3.877075817e-04
dxdz_sv   0   0   4   0   +6.534918728e+03
dxdz_sv   0   0   3   1   +2.235894999e+04
dxdz_sv   0   0   3   0   +3.375794617e+02
dxdz_sv   0   0   2   2   -1.006271935e+03
dxdz_sv   0   0   2   1   -1.829909300e+02
dxdz_sv   0   0   2   0   -6.580733034e+00
dxdz_sv   0   0   1   3   -9.096729745e+03
dxdz_sv   0   0   1   2   -1.439720393e+02
dxdz_sv   0   0   1   1   -1.382253086e+01
dxdz_sv   0   0   1   0   -1.955089457e+00
dxdz_sv   0   0   0   4   -1.587208050e+03
dxdz_sv   0   0   0   3   -3.684939637e+01
dxdz_sv   0   0   0   2   +9.181017806e-01
dxdz_sv   0   0   0   1   +3.635504984e-03
dxdz_sv   0   0   0   0   -2.842472110e-05
dydz_sv   4   0   0   0   -3.348968772e-04
dydz_sv   3   1   0   0   +3.222478414e-03
dydz_sv   3   0   1   0   -8.936497298e-02
dydz_sv   3   0   0   1   -3.963048940e-02
dydz_sv   3   0   0   0   -1.065329143e-03
dydz_sv   2   2   0   0   -7.479060279e-01
dydz_sv   2   1   1   0   -9.711762823e+00
dydz_sv   2   1   0   1   -9.897427954e-01
dydz_sv   2   1   0   0   -9.991432203e-02
dydz_sv   2   0   2   0   +8.499161790e+00
dydz_sv   2   0   1   1   +9.552999765e+00
dydz_sv   2   0   1   0   +1.661065660e-01
dydz_sv   2   0   0   2   +5.513970005e-01
dydz_sv   2   0   0   1   +3.405017492e-01
dydz_sv   2   0   0   0   -2.904684376e-04
dydz_sv   1   3   0   0   -1.675480763e+02
dydz_sv   1   2   1   0   -1.337844064e+02
dydz_sv   1   2   0   1   +3.435654338e+02
dydz_sv   1   2   0   0   -2.264404372e+00
dydz_sv   1   1   2   0   +7.729040961e+02
dydz_sv   1   1   1   1   +1.807101446e+02
dydz_sv   1   1   1   0   +8.619210363e+00
dydz_sv   1   1   0   2   -1.918405386e+02
dydz_sv   1   1   0   1   +1.878850455e-01
dydz_sv   1   1   0   0   +4.078339224e-01
dydz_sv   1   0   3   0   +1.147880339e+02
dydz_sv   1   0   2   1   -8.691438856e+02
dydz_sv   1   0   2   0   -5.429981786e+00
dydz_sv   1   0   1   2   -5.057580642e+01
dydz_sv   1   0   1   1   -7.309316996e+00
dydz_sv   1   0   1   0   -1.299305203e-01
dydz_sv   1   0   0   3   -1.257578087e+01
dydz_sv   1   0   0   2   +2.170966915e+00
dydz_sv   1   0   0   1   -6.691463138e-01
dydz_sv   1   0   0   0   -8.078530108e-03
dydz_sv   0   4   0   0   +2.158864568e+03
dydz_sv   0   3   1   0   -4.070765053e+03
dydz_sv   0   3   0   1   -1.183656010e+04
dydz_sv   0   3   0   0   -8.108156328e+01
dydz_sv   0   2   2   0   +1.992026854e+04
dydz_sv   0   2   1   1   +1.681110955e+04
dydz_sv   0   2   1   0   -3.175559812e+00
dydz_sv   0   2   0   2   +2.236312407e+04
dydz_sv   0   2   0   1   +2.553546808e+02
dydz_sv   0   2   0   0   -5.156208365e+00
dydz_sv   0   1   3   0   -1.048678860e+04
dydz_sv   0   1   2   1   -2.603281655e+04
dydz_sv   0   1   2   0   -6.743979023e+02
dydz_sv   0   1   1   2   -2.285107620e+04
dydz_sv   0   1   1   1   +8.710442233e+01
dydz_sv   0   1   1   0   +3.762469735e+00
dydz_sv   0   1   0   3   -1.930129675e+04
dydz_sv   0   1   0   2   -3.136488127e+02
dydz_sv   0   1   0   1   +1.195211262e+01
dydz_sv   0   1   0   0   -6.574572658e-01
dydz_sv   0   0   4   0   -1.423011408e+04
dydz_sv   0   0   3   1   +1.206628289e+04
dydz_sv   0   0   3   0   +1.675116666e+00
dydz_sv   0   0   2   2   +8.133893977e+03
dydz_sv   0   0   2   1   +4.929504939e+02
dydz_sv   0   0   2   0   +1.338649217e+01
dydz_sv   0   0   1   3   +9.845243443e+03
dydz_sv   0   0   1   2   -9.140542357e+01
dydz_sv   0   0   1   1   +3.212005152e+00
dydz_sv   0   0   1   0   +2.317314203e-02
dydz_sv   0   0   0   4   +6.675541547e+03
dydz_sv   0   0   0   3   +1.431748803e+02
dydz_sv   0   0   0   2   -6.903764471e+00
dydz_sv   0   0   0   1   +1.293096057e-01
dydz_sv   0   0   0   0   +3.703538184e-03
x_sv   4   0   0   0   +8.580637485e-04
x_sv   3   1   0   0   -1.424667688e-01
x_sv   3   0   1   0   +1.479524923e-01
x_sv   3   0   0   1   +1.504912519e-01
x_sv   3   0   0   0   +9.246401824e-04
x_sv   2   2   0   0   -1.110540336e+00
x_sv   2   1   1   0   +1.553245414e+01
x_sv   2   1   0   1   -9.626222975e-01
x_sv   2   1   0   0   +1.875091495e-01
x_sv   2   0   2   0   -1.678134656e-02
x_sv   2   0   1   1   -2.717706747e+01
x_sv   2   0   1   0   -1.472651445e-01
x_sv   2   0   0   2   +2.575083935e+00
x_sv   2   0   0   1   -1.057463594e-01
x_sv   2   0   0   0   -8.558255333e-03
x_sv   1   3   0   0   +6.578684971e+00
x_sv   1   2   1   0   +5.847620691e+02
x_sv   1   2   0   1   -4.252842908e+01
x_sv   1   2   0   0   +6.165655203e-01
x_sv   1   1   2   0   -1.382254786e+02
x_sv   1   1   1   1   -5.601626955e+02
x_sv   1   1   1   0   -3.300478448e+01
x_sv   1   1   0   2   +6.363612067e+01
x_sv   1   1   0   1   +2.312605050e-01
x_sv   1   1   0   0   -2.922722974e-02
x_sv   1   0   3   0   -5.526028262e+01
x_sv   1   0   2   1   +2.422564910e+02
x_sv   1   0   2   0   +4.045532608e+00
x_sv   1   0   1   2   -1.097728819e+02
x_sv   1   0   1   1   +2.560444894e+01
x_sv   1   0   1   0   +5.198617488e-01
x_sv   1   0   0   3   +1.059522458e+01
x_sv   1   0   0   2   -2.805931934e+00
x_sv   1   0   0   1   -4.725075967e-02
x_sv   1   0   0   0   +7.295377455e-03
x_sv   0   4   0   0   -4.226467456e+02
x_sv   0   3   1   0   +5.410143045e+03
x_sv   0   3   0   1   +2.778476852e+03
x_sv   0   3   0   0   -3.051254977e+00
x_sv   0   2   2   0   +4.199600054e+03
x_sv   0   2   1   1   -8.537524384e+03
x_sv   0   2   1   0   -5.093911741e-02
x_sv   0   2   0   2   -7.699736731e+03
x_sv   0   2   0   1   +4.092486209e+01
x_sv   0   2   0   0   +1.948637108e-01
x_sv   0   1   3   0   -4.706200836e+03
x_sv   0   1   2   1   -1.037376066e+04
x_sv   0   1   2   0   -2.339944139e+02
x_sv   0   1   1   2   +8.061491227e+03
x_sv   0   1   1   1   -3.769996815e+02
x_sv   0   1   1   0   +4.177019153e+00
x_sv   0   1   0   3   +9.343407360e+03
x_sv   0   1   0   2   -8.826929225e+01
x_sv   0   1   0   1   -5.731560351e-01
x_sv   0   1   0   0   -4.853179008e-04
x_sv   0   0   4   0   -2.486078652e+03
x_sv   0   0   3   1   +1.025406996e+03
x_sv   0   0   3   0   -2.134353370e+01
x_sv   0   0   2   2   +9.424426823e+03
x_sv   0   0   2   1   +8.052429068e+01
x_sv   0   0   2   0   -6.581044971e+00
x_sv   0   0   1   3   -5.538577389e+03
x_sv   0   0   1   2   +3.189678428e+02
x_sv   0   0   1   1   +2.026003920e+01
x_sv   0   0   1   0   -1.719341319e+00
x_sv   0   0   0   4   -3.790275591e+03
x_sv   0   0   0   3   +2.582941306e+01
x_sv   0   0   0   2   +1.200985525e+00
x_sv   0   0   0   1   +3.115026114e-04
x_sv   0   0   0   0   +1.091539124e-03
y_sv   4   0   0   0   -1.769674205e-04
y_sv   3   1   0   0   -1.533636770e-02
y_sv   3   0   1   0   +9.139251632e-02
y_sv   3   0   0   1   +9.510800984e-02
y_sv   3   0   0   0   +5.037310056e-04
y_sv   2   2   0   0   +9.738598682e-01
y_sv   2   1   1   0   +7.957107549e+00
y_sv   2   1   0   1   +2.166580843e+00
y_sv   2   1   0   0   -7.553840808e-03
y_sv   2   0   2   0   -7.321856253e+00
y_sv   2   0   1   1   -3.800692298e+00
y_sv   2   0   1   0   -1.544532961e-01
y_sv   2   0   0   2   +1.808439760e-01
y_sv   2   0   0   1   -5.291206978e-01
y_sv   2   0   0   0   +4.052345775e-04
y_sv   1   3   0   0   -1.004952077e+02
y_sv   1   2   1   0   +2.658376359e+02
y_sv   1   2   0   1   +3.924798764e+02
y_sv   1   2   0   0   +3.693726818e+00
y_sv   1   1   2   0   -6.258553507e+02
y_sv   1   1   1   1   -3.776643785e+02
y_sv   1   1   1   0   -6.135649418e+00
y_sv   1   1   0   2   -3.572470105e+02
y_sv   1   1   0   1   -3.939325656e+00
y_sv   1   1   0   0   -8.481795267e-01
y_sv   1   0   3   0   -3.840774353e+01
y_sv   1   0   2   1   +6.541956556e+02
y_sv   1   0   2   0   +5.182379218e+00
y_sv   1   0   1   2   +6.731792707e+01
y_sv   1   0   1   1   +9.489295573e+00
y_sv   1   0   1   0   +1.052226964e-01
y_sv   1   0   0   3   +1.396995518e+02
y_sv   1   0   0   2   -1.424942866e+00
y_sv   1   0   0   1   +5.817110716e-02
y_sv   1   0   0   0   +4.809199479e-03
y_sv   0   4   0   0   +2.155571937e+03
y_sv   0   3   1   0   -6.406709738e+02
y_sv   0   3   0   1   -1.054538206e+04
y_sv   0   3   0   0   +8.093989996e+01
y_sv   0   2   2   0   -2.247819027e+04
y_sv   0   2   1   1   +3.248438071e+03
y_sv   0   2   1   0   -4.325121985e+01
y_sv   0   2   0   2   +1.958451039e+04
y_sv   0   2   0   1   -1.434804449e+02
y_sv   0   2   0   0   +3.831115174e+00
y_sv   0   1   3   0   +2.728941949e+03
y_sv   0   1   2   1   +3.624358620e+04
y_sv   0   1   2   0   +3.329855011e+02
y_sv   0   1   1   2   -3.517827373e+03
y_sv   0   1   1   1   -2.797780579e+01
y_sv   0   1   1   0   -1.526965592e+01
y_sv   0   1   0   3   -1.597647943e+04
y_sv   0   1   0   2   +6.992088517e+01
y_sv   0   1   0   1   -6.707395020e+00
y_sv   0   1   0   0   -1.111988176e+00
y_sv   0   0   4   0   +7.709572382e+03
y_sv   0   0   3   1   -1.014610963e+04
y_sv   0   0   3   0   -5.907247869e+01
y_sv   0   0   2   2   -1.717439075e+04
y_sv   0   0   2   1   -3.181484200e+02
y_sv   0   0   2   0   -1.062057252e+01
y_sv   0   0   1   3   +9.277545140e+02
y_sv   0   0   1   2   +6.038475721e+01
y_sv   0   0   1   1   +1.746514308e+01
y_sv   0   0   1   0   -8.092654395e-02
y_sv   0   0   0   4   +5.080532876e+03
y_sv   0   0   0   3   -1.010690726e+01
y_sv   0   0   0   2   +3.310944594e+00
y_sv   0   0   0   1   +1.734898802e+00
y_sv   0   0   0   0   -2.224106249e-04
