# Polynomial metadata: 
# -- Order: 5
# -- Trained on data: 'data/mc/mc_L_production.root'
# -- Input branches: { x_fp y_fp dxdz_fp dydz_fp }
# -- Time created: Mon Jan 12 10:07:22 2026

poly-DoF 4
is-RHRS 0
dpp_q1   5   0   0   0   -2.925819946e-03
dpp_q1   4   1   0   0   +4.298246869e-03
dpp_q1   4   0   1   0   +4.305260007e-03
dpp_q1   4   0   0   1   -1.782014024e-02
dpp_q1   4   0   0   0   -8.280332354e-04
dpp_q1   3   2   0   0   -1.167596368e-01
dpp_q1   3   1   1   0   +6.219786228e-01
dpp_q1   3   1   0   1   -4.981360002e-01
dpp_q1   3   1   0   0   +5.681470547e-03
dpp_q1   3   0   2   0   -1.314056058e+00
dpp_q1   3   0   1   1   -1.947797476e+00
dpp_q1   3   0   1   0   -2.212481489e-02
dpp_q1   3   0   0   2   -3.245713238e-01
dpp_q1   3   0   0   1   -4.827779413e-02
dpp_q1   3   0   0   0   +2.072021811e-03
dpp_q1   2   3   0   0   -1.498989314e+01
dpp_q1   2   2   1   0   -5.164199819e+01
dpp_q1   2   2   0   1   +5.074152224e+01
dpp_q1   2   2   0   0   -3.940837209e-01
dpp_q1   2   1   2   0   +4.527126344e+01
dpp_q1   2   1   1   1   +2.006501261e+02
dpp_q1   2   1   1   0   -7.386921244e-02
dpp_q1   2   1   0   2   -2.484379163e+01
dpp_q1   2   1   0   1   +1.561286862e+00
dpp_q1   2   1   0   0   -2.263586885e-02
dpp_q1   2   0   3   0   +7.033983596e+01
dpp_q1   2   0   2   1   +5.397942068e+01
dpp_q1   2   0   2   0   -2.055808506e-01
dpp_q1   2   0   1   2   -5.677099794e+01
dpp_q1   2   0   1   1   +4.308886874e+00
dpp_q1   2   0   1   0   -1.318807770e-02
dpp_q1   2   0   0   3   +2.632782234e+01
dpp_q1   2   0   0   2   +4.823486794e-01
dpp_q1   2   0   0   1   +2.933613746e-02
dpp_q1   2   0   0   0   +8.808841426e-03
dpp_q1   1   4   0   0   -6.818299584e+01
dpp_q1   1   3   1   0   +7.629860466e+02
dpp_q1   1   3   0   1   +7.195019055e+02
dpp_q1   1   3   0   0   +4.749381651e+00
dpp_q1   1   2   2   0   +1.101698634e+02
dpp_q1   1   2   1   1   -1.232384412e+03
dpp_q1   1   2   1   0   +6.759894175e+01
dpp_q1   1   2   0   2   -1.370076133e+03
dpp_q1   1   2   0   1   -1.083514338e+00
dpp_q1   1   2   0   0   +8.817289140e-02
dpp_q1   1   1   3   0   -5.056620443e+03
dpp_q1   1   1   2   1   -3.538926554e+03
dpp_q1   1   1   2   0   -4.545746013e+00
dpp_q1   1   1   1   2   -1.768437915e+03
dpp_q1   1   1   1   1   -1.621904502e+02
dpp_q1   1   1   1   0   +3.882500676e+00
dpp_q1   1   1   0   3   +2.043423214e+02
dpp_q1   1   1   0   2   -3.922424470e+01
dpp_q1   1   1   0   1   +3.458540481e-01
dpp_q1   1   1   0   0   +1.313090882e-02
dpp_q1   1   0   4   0   +3.751099786e+03
dpp_q1   1   0   3   1   +3.381273191e+02
dpp_q1   1   0   3   0   +6.769634551e+01
dpp_q1   1   0   2   2   +7.316300857e+02
dpp_q1   1   0   2   1   -6.974748951e+01
dpp_q1   1   0   2   0   +1.637937881e+00
dpp_q1   1   0   1   3   +6.460059974e+01
dpp_q1   1   0   1   2   -9.913364206e+00
dpp_q1   1   0   1   1   -4.343355237e+00
dpp_q1   1   0   1   0   +1.691170271e-01
dpp_q1   1   0   0   4   +1.359245597e+02
dpp_q1   1   0   0   3   +7.468211240e+00
dpp_q1   1   0   0   2   -8.418317068e-01
dpp_q1   1   0   0   1   +6.495357692e-04
dpp_q1   1   0   0   0   +7.420938439e-02
dpp_q1   0   5   0   0   -4.027146445e+03
dpp_q1   0   4   1   0   +2.872863581e+04
dpp_q1   0   4   0   1   +2.733764215e+04
dpp_q1   0   4   0   0   +2.569404252e+02
dpp_q1   0   3   2   0   -2.624378146e+04
dpp_q1   0   3   1   1   -1.655211036e+05
dpp_q1   0   3   1   0   -2.387915972e+03
dpp_q1   0   3   0   2   -7.651387398e+04
dpp_q1   0   3   0   1   -1.379703381e+03
dpp_q1   0   3   0   0   -1.167151922e+00
dpp_q1   0   2   3   0   +1.650116974e+05
dpp_q1   0   2   2   1   +9.125780851e+04
dpp_q1   0   2   2   0   +1.617768824e+03
dpp_q1   0   2   1   2   +3.123148180e+05
dpp_q1   0   2   1   1   +7.175790244e+03
dpp_q1   0   2   1   0   -2.158485372e+01
dpp_q1   0   2   0   3   +1.008652156e+05
dpp_q1   0   2   0   2   +2.767082541e+03
dpp_q1   0   2   0   1   +6.387325568e+00
dpp_q1   0   2   0   0   +3.842278155e-01
dpp_q1   0   1   4   0   +6.455292171e+04
dpp_q1   0   1   3   1   -5.587556989e+04
dpp_q1   0   1   3   0   +3.262631415e+03
dpp_q1   0   1   2   2   -1.264574140e+05
dpp_q1   0   1   2   1   -2.533580367e+03
dpp_q1   0   1   2   0   -1.182278315e+01
dpp_q1   0   1   1   3   -2.613197232e+05
dpp_q1   0   1   1   2   -8.229376000e+03
dpp_q1   0   1   1   1   -1.776489688e+01
dpp_q1   0   1   1   0   -2.276954468e+00
dpp_q1   0   1   0   4   -5.664536454e+04
dpp_q1   0   1   0   3   -2.247005957e+03
dpp_q1   0   1   0   2   -9.362415138e+00
dpp_q1   0   1   0   1   -3.274304109e-01
dpp_q1   0   1   0   0   -4.796853097e-03
dpp_q1   0   0   5   0   -2.233791902e+05
dpp_q1   0   0   4   1   -1.294296861e+04
dpp_q1   0   0   4   0   -4.124320319e+03
dpp_q1   0   0   3   2   +1.974566527e+04
dpp_q1   0   0   3   1   -1.270544718e+03
dpp_q1   0   0   3   0   -3.955997837e-01
dpp_q1   0   0   2   3   +8.367633469e+04
dpp_q1   0   0   2   2   +2.794969617e+03
dpp_q1   0   0   2   1   +3.054495878e+00
dpp_q1   0   0   2   0   +2.201830981e+00
dpp_q1   0   0   1   4   +9.483383302e+04
dpp_q1   0   0   1   3   +4.693817546e+03
dpp_q1   0   0   1   2   +4.763497651e+01
dpp_q1   0   0   1   1   -1.225457157e+00
dpp_q1   0   0   1   0   -4.905353422e-02
dpp_q1   0   0   0   5   +8.504340696e+03
dpp_q1   0   0   0   4   +7.616072722e+02
dpp_q1   0   0   0   3   +1.116732746e+01
dpp_q1   0   0   0   2   -2.950600141e-01
dpp_q1   0   0   0   1   +1.080911281e-03
dpp_q1   0   0   0   0   +1.656671680e-05
dxdz_q1   5   0   0   0   -4.140212513e-03
dxdz_q1   4   1   0   0   +1.816113451e-03
dxdz_q1   4   0   1   0   -1.040724693e-02
dxdz_q1   4   0   0   1   -1.235550432e-02
dxdz_q1   4   0   0   0   -1.572006627e-03
dxdz_q1   3   2   0   0   -2.158478773e-01
dxdz_q1   3   1   1   0   +1.548280040e+00
dxdz_q1   3   1   0   1   -5.319390543e-01
dxdz_q1   3   1   0   0   +2.026180015e-02
dxdz_q1   3   0   2   0   +7.089607929e-01
dxdz_q1   3   0   1   1   -4.145837094e+00
dxdz_q1   3   0   1   0   -8.084314261e-03
dxdz_q1   3   0   0   2   -7.364357450e-01
dxdz_q1   3   0   0   1   -7.954890445e-02
dxdz_q1   3   0   0   0   +1.423784899e-03
dxdz_q1   2   3   0   0   -2.090187951e+01
dxdz_q1   2   2   1   0   -1.144472648e+02
dxdz_q1   2   2   0   1   +6.921232699e+01
dxdz_q1   2   2   0   0   -9.364299239e-01
dxdz_q1   2   1   2   0   +7.380544129e+01
dxdz_q1   2   1   1   1   +3.508005709e+02
dxdz_q1   2   1   1   0   -1.105532307e+00
dxdz_q1   2   1   0   2   -3.190282104e+01
dxdz_q1   2   1   0   1   +2.865398692e+00
dxdz_q1   2   1   0   0   -3.512982434e-02
dxdz_q1   2   0   3   0   +3.446181733e+01
dxdz_q1   2   0   2   1   +9.739300850e+00
dxdz_q1   2   0   2   0   +1.273098642e-01
dxdz_q1   2   0   1   2   -1.139010004e+02
dxdz_q1   2   0   1   1   +6.814295350e+00
dxdz_q1   2   0   1   0   -8.243058115e-02
dxdz_q1   2   0   0   3   +3.806460464e+01
dxdz_q1   2   0   0   2   +4.484141804e-01
dxdz_q1   2   0   0   1   +3.891772153e-02
dxdz_q1   2   0   0   0   -7.881448847e-03
dxdz_q1   1   4   0   0   -1.374850249e+02
dxdz_q1   1   3   1   0   +2.011098412e+03
dxdz_q1   1   3   0   1   +1.111698892e+03
dxdz_q1   1   3   0   0   +9.352168820e+00
dxdz_q1   1   2   2   0   +1.144222769e+03
dxdz_q1   1   2   1   1   -4.467352651e+03
dxdz_q1   1   2   1   0   +1.198108539e+02
dxdz_q1   1   2   0   2   -1.906582116e+03
dxdz_q1   1   2   0   1   -1.043138328e+01
dxdz_q1   1   2   0   0   +3.029854698e-01
dxdz_q1   1   1   3   0   -7.561474864e+03
dxdz_q1   1   1   2   1   -5.468897071e+03
dxdz_q1   1   1   2   0   -5.483070460e+01
dxdz_q1   1   1   1   2   +2.729196513e+02
dxdz_q1   1   1   1   1   -2.816993760e+02
dxdz_q1   1   1   1   0   +5.887150841e+00
dxdz_q1   1   1   0   3   +1.153026794e+02
dxdz_q1   1   1   0   2   -4.546834144e+01
dxdz_q1   1   1   0   1   -4.541667739e-01
dxdz_q1   1   1   0   0   +1.636614669e-02
dxdz_q1   1   0   4   0   -2.209570755e+03
dxdz_q1   1   0   3   1   +4.907200436e+03
dxdz_q1   1   0   3   0   -5.285220586e+01
dxdz_q1   1   0   2   2   +1.750097474e+03
dxdz_q1   1   0   2   1   -3.115575619e+01
dxdz_q1   1   0   2   0   +2.677762049e+00
dxdz_q1   1   0   1   3   -7.530962193e+02
dxdz_q1   1   0   1   2   +2.357780738e+00
dxdz_q1   1   0   1   1   -5.933369095e+00
dxdz_q1   1   0   1   0   +3.642225335e-01
dxdz_q1   1   0   0   4   +3.440976382e+02
dxdz_q1   1   0   0   3   +1.087841880e+01
dxdz_q1   1   0   0   2   -3.364855301e-01
dxdz_q1   1   0   0   1   +5.854255253e-03
dxdz_q1   1   0   0   0   +8.278558084e-03
dxdz_q1   0   5   0   0   -7.214978140e+03
dxdz_q1   0   4   1   0   +4.349959997e+04
dxdz_q1   0   4   0   1   +4.709661171e+04
dxdz_q1   0   4   0   0   +4.223606658e+02
dxdz_q1   0   3   2   0   -1.967889744e+04
dxdz_q1   0   3   1   1   -2.580457180e+05
dxdz_q1   0   3   1   0   -3.586678301e+03
dxdz_q1   0   3   0   2   -1.280046820e+05
dxdz_q1   0   3   0   1   -2.244257017e+03
dxdz_q1   0   3   0   0   -1.453090039e+00
dxdz_q1   0   2   3   0   +1.500714712e+05
dxdz_q1   0   2   2   1   +9.027089415e+04
dxdz_q1   0   2   2   0   +1.346716804e+03
dxdz_q1   0   2   1   2   +5.011015254e+05
dxdz_q1   0   2   1   1   +1.065671129e+04
dxdz_q1   0   2   1   0   -5.475973982e+01
dxdz_q1   0   2   0   3   +1.672821097e+05
dxdz_q1   0   2   0   2   +4.536408624e+03
dxdz_q1   0   2   0   1   +7.550296854e+00
dxdz_q1   0   2   0   0   -1.669815624e-01
dxdz_q1   0   1   4   0   +7.089243583e+04
dxdz_q1   0   1   3   1   -7.774586261e+04
dxdz_q1   0   1   3   0   +5.122904944e+03
dxdz_q1   0   1   2   2   -1.429726124e+05
dxdz_q1   0   1   2   1   -2.468521905e+03
dxdz_q1   0   1   2   0   +1.009312962e+01
dxdz_q1   0   1   1   3   -4.213276221e+05
dxdz_q1   0   1   1   2   -1.193255911e+04
dxdz_q1   0   1   1   1   +1.467845498e+01
dxdz_q1   0   1   1   0   -2.953651148e+00
dxdz_q1   0   1   0   4   -9.594089415e+04
dxdz_q1   0   1   0   3   -3.733744155e+03
dxdz_q1   0   1   0   2   -1.023962792e+01
dxdz_q1   0   1   0   1   +3.687436506e-01
dxdz_q1   0   1   0   0   +5.715297709e-04
dxdz_q1   0   0   5   0   +1.622825611e+05
dxdz_q1   0   0   4   1   -5.573873079e+04
dxdz_q1   0   0   4   0   +3.286971610e+02
dxdz_q1   0   0   3   2   +3.212152034e+03
dxdz_q1   0   0   3   1   -2.845567486e+03
dxdz_q1   0   0   3   0   -9.105806642e+01
dxdz_q1   0   0   2   3   +9.897985997e+04
dxdz_q1   0   0   2   2   +3.188602905e+03
dxdz_q1   0   0   2   1   +2.175554920e+01
dxdz_q1   0   0   2   0   -6.697941823e+00
dxdz_q1   0   0   1   4   +1.501398700e+05
dxdz_q1   0   0   1   3   +6.568519047e+03
dxdz_q1   0   0   1   2   +4.408870742e+01
dxdz_q1   0   0   1   1   -1.783664538e+00
dxdz_q1   0   0   1   0   -1.980989357e+00
dxdz_q1   0   0   0   5   +1.603996869e+04
dxdz_q1   0   0   0   4   +1.197312805e+03
dxdz_q1   0   0   0   3   +1.138234631e+01
dxdz_q1   0   0   0   2   -5.679563983e-02
dxdz_q1   0   0   0   1   -2.388959266e-03
dxdz_q1   0   0   0   0   +1.401781144e-05
dydz_q1   5   0   0   0   -7.982242742e-05
dydz_q1   4   1   0   0   -4.270901762e-04
dydz_q1   4   0   1   0   -6.182760154e-03
dydz_q1   4   0   0   1   +2.873622055e-03
dydz_q1   4   0   0   0   -5.076562781e-05
dydz_q1   3   2   0   0   +7.093151687e-02
dydz_q1   3   1   1   0   +1.261479398e+00
dydz_q1   3   1   0   1   -3.191291045e-01
dydz_q1   3   1   0   0   +2.560126247e-02
dydz_q1   3   0   2   0   +1.241790618e-02
dydz_q1   3   0   1   1   -2.163012501e+00
dydz_q1   3   0   1   0   -7.345131685e-03
dydz_q1   3   0   0   2   +2.108883944e-01
dydz_q1   3   0   0   1   -4.355364284e-02
dydz_q1   3   0   0   0   -1.349761861e-04
dydz_q1   2   3   0   0   -2.481806279e+00
dydz_q1   2   2   1   0   -3.261755000e+01
dydz_q1   2   2   0   1   +1.757646598e+01
dydz_q1   2   2   0   0   -2.851565868e-01
dydz_q1   2   1   2   0   -6.380441067e+01
dydz_q1   2   1   1   1   +8.625757599e+01
dydz_q1   2   1   1   0   -1.896679177e+00
dydz_q1   2   1   0   2   -3.079222664e+01
dydz_q1   2   1   0   1   +6.539669607e-01
dydz_q1   2   1   0   0   -1.567433151e-02
dydz_q1   2   0   3   0   +3.296764823e+01
dydz_q1   2   0   2   1   +1.018830021e+02
dydz_q1   2   0   2   0   +6.407918472e-01
dydz_q1   2   0   1   2   -4.934253839e+01
dydz_q1   2   0   1   1   +2.148954008e+00
dydz_q1   2   0   1   0   +9.722595360e-03
dydz_q1   2   0   0   3   +1.621228072e+01
dydz_q1   2   0   0   2   -1.238994774e-01
dydz_q1   2   0   0   1   +2.582378025e-01
dydz_q1   2   0   0   0   +9.069366985e-05
dydz_q1   1   4   0   0   -1.512794449e+01
dydz_q1   1   3   1   0   +6.345664193e+02
dydz_q1   1   3   0   1   +1.306054136e+02
dydz_q1   1   3   0   0   +9.366082902e+00
dydz_q1   1   2   2   0   +1.250537744e+03
dydz_q1   1   2   1   1   -1.630465456e+03
dydz_q1   1   2   1   0   +2.880116373e+01
dydz_q1   1   2   0   2   -2.932306981e+02
dydz_q1   1   2   0   1   -4.238101107e+01
dydz_q1   1   2   0   0   -4.614672348e-02
dydz_q1   1   1   3   0   +1.590954822e+03
dydz_q1   1   1   2   1   -2.743666684e+03
dydz_q1   1   1   2   0   +1.093702883e+02
dydz_q1   1   1   1   2   +1.493140655e+03
dydz_q1   1   1   1   1   -7.558586579e+01
dydz_q1   1   1   1   0   +1.126824716e+00
dydz_q1   1   1   0   3   +1.786046049e+02
dydz_q1   1   1   0   2   +3.978241088e+01
dydz_q1   1   1   0   1   +2.632364945e-01
dydz_q1   1   1   0   0   +3.601275340e-01
dydz_q1   1   0   4   0   -1.020181257e+03
dydz_q1   1   0   3   1   -1.378112037e+03
dydz_q1   1   0   3   0   -2.357458785e+01
dydz_q1   1   0   2   2   +1.111113177e+03
dydz_q1   1   0   2   1   -1.527366420e+02
dydz_q1   1   0   2   0   -4.222520648e-01
dydz_q1   1   0   1   3   -6.227609773e+02
dydz_q1   1   0   1   2   +2.922359086e+01
dydz_q1   1   0   1   1   -3.812973197e-01
dydz_q1   1   0   1   0   -5.407584299e-03
dydz_q1   1   0   0   4   -3.595173235e+01
dydz_q1   1   0   0   3   -1.189468106e+01
dydz_q1   1   0   0   2   -1.906906956e-01
dydz_q1   1   0   0   1   -6.719345510e-01
dydz_q1   1   0   0   0   -1.862068031e-03
dydz_q1   0   5   0   0   +3.586515452e+02
dydz_q1   0   4   1   0   -5.815707519e+03
dydz_q1   0   4   0   1   -8.536921935e+02
dydz_q1   0   4   0   0   -2.024669807e+01
dydz_q1   0   3   2   0   -1.323657650e+03
dydz_q1   0   3   1   1   +1.503754648e+04
dydz_q1   0   3   1   0   -5.901987921e+01
dydz_q1   0   3   0   2   -2.360941587e+03
dydz_q1   0   3   0   1   +2.801332715e+01
dydz_q1   0   3   0   0   -1.288142897e+01
dydz_q1   0   2   3   0   +4.718291225e+03
dydz_q1   0   2   2   1   -4.891064819e+03
dydz_q1   0   2   2   0   -4.443357003e+02
dydz_q1   0   2   1   2   -1.669914258e+04
dydz_q1   0   2   1   1   +3.200072971e+02
dydz_q1   0   2   1   0   -1.037723101e+01
dydz_q1   0   2   0   3   +9.835534847e+03
dydz_q1   0   2   0   2   +7.262186619e+01
dydz_q1   0   2   0   1   +2.513640459e+01
dydz_q1   0   2   0   0   +2.106826624e-01
dydz_q1   0   1   4   0   -3.705303080e+04
dydz_q1   0   1   3   1   +9.099262427e+03
dydz_q1   0   1   3   0   -1.722838051e+03
dydz_q1   0   1   2   2   +8.139083486e+03
dydz_q1   0   1   2   1   +5.316664855e+02
dydz_q1   0   1   2   0   -7.787482027e+01
dydz_q1   0   1   1   3   +1.445845427e+04
dydz_q1   0   1   1   2   -2.488042418e+01
dydz_q1   0   1   1   1   +6.832123787e+00
dydz_q1   0   1   1   0   +2.671164455e+00
dydz_q1   0   1   0   4   -1.084454665e+04
dydz_q1   0   1   0   3   -1.393815322e+02
dydz_q1   0   1   0   2   -2.071247657e+01
dydz_q1   0   1   0   1   -2.808475535e-01
dydz_q1   0   1   0   0   -7.202313288e-01
dydz_q1   0   0   5   0   -3.463386501e+03
dydz_q1   0   0   4   1   +9.030822409e+03
dydz_q1   0   0   4   0   +3.996372719e+02
dydz_q1   0   0   3   2   -4.127574595e+03
dydz_q1   0   0   3   1   +2.402636130e+03
dydz_q1   0   0   3   0   +1.165706090e+01
dydz_q1   0   0   2   3   -2.206373572e+03
dydz_q1   0   0   2   2   -1.622917804e+02
dydz_q1   0   0   2   1   -5.517448121e+00
dydz_q1   0   0   2   0   +3.710449540e-01
dydz_q1   0   0   1   4   -5.908206264e+03
dydz_q1   0   0   1   3   -2.269663862e+02
dydz_q1   0   0   1   2   +7.784401755e+00
dydz_q1   0   0   1   1   +4.647892940e+00
dydz_q1   0   0   1   0   -1.380138659e-02
dydz_q1   0   0   0   5   +4.142606414e+03
dydz_q1   0   0   0   4   +7.300842355e+01
dydz_q1   0   0   0   3   +1.398072995e+01
dydz_q1   0   0   0   2   +1.114315914e-01
dydz_q1   0   0   0   1   +2.001867621e-01
dydz_q1   0   0   0   0   +3.713264811e-03
x_q1   5   0   0   0   -3.063477345e-02
x_q1   4   1   0   0   +3.270515897e-02
x_q1   4   0   1   0   +3.098982503e-02
x_q1   4   0   0   1   -1.184451620e-01
x_q1   4   0   0   0   -1.081283145e-02
x_q1   3   2   0   0   -1.898968088e+00
x_q1   3   1   1   0   +5.710074199e+00
x_q1   3   1   0   1   -3.449565385e+00
x_q1   3   1   0   0   +9.664270163e-02
x_q1   3   0   2   0   -2.562180747e+00
x_q1   3   0   1   1   -2.285626695e+01
x_q1   3   0   1   0   -1.740620553e-01
x_q1   3   0   0   2   -5.603887718e+00
x_q1   3   0   0   1   -5.449940512e-01
x_q1   3   0   0   0   +8.686254056e-03
x_q1   2   3   0   0   -1.544542317e+02
x_q1   2   2   1   0   -6.785903739e+02
x_q1   2   2   0   1   +5.200930922e+02
x_q1   2   2   0   0   -5.752913515e+00
x_q1   2   1   2   0   +7.202984085e+02
x_q1   2   1   1   1   +2.285310954e+03
x_q1   2   1   1   0   -1.973311261e+00
x_q1   2   1   0   2   -2.558069995e+02
x_q1   2   1   0   1   +1.870680245e+01
x_q1   2   1   0   0   -2.615867531e-01
x_q1   2   0   3   0   +6.843545583e+02
x_q1   2   0   2   1   -1.269396115e+02
x_q1   2   0   2   0   +1.323830704e+01
x_q1   2   0   1   2   -6.577087317e+02
x_q1   2   0   1   1   +4.607540599e+01
x_q1   2   0   1   0   -2.466472691e-01
x_q1   2   0   0   3   +2.901211941e+02
x_q1   2   0   0   2   +4.051417605e+00
x_q1   2   0   0   1   +3.017954578e-01
x_q1   2   0   0   0   -2.190952108e-02
x_q1   1   4   0   0   -9.771289535e+02
x_q1   1   3   1   0   +1.102800211e+04
x_q1   1   3   0   1   +8.186624298e+03
x_q1   1   3   0   0   +5.271954660e+01
x_q1   1   2   2   0   +6.795490240e+03
x_q1   1   2   1   1   -2.312964305e+04
x_q1   1   2   1   0   +8.270891086e+02
x_q1   1   2   0   2   -1.426835372e+04
x_q1   1   2   0   1   -3.021042566e+01
x_q1   1   2   0   0   +1.900990896e+00
x_q1   1   1   3   0   -5.788514748e+04
x_q1   1   1   2   1   -3.715535865e+04
x_q1   1   1   2   0   -4.976412648e+02
x_q1   1   1   1   2   -6.823293195e+03
x_q1   1   1   1   1   -1.829443686e+03
x_q1   1   1   1   0   +4.317538953e+01
x_q1   1   1   0   3   +1.277859142e+03
x_q1   1   1   0   2   -3.772416553e+02
x_q1   1   1   0   1   -3.334027376e+00
x_q1   1   1   0   0   +1.342061637e-01
x_q1   1   0   4   0   -3.123824566e+04
x_q1   1   0   3   1   +3.844660489e+04
x_q1   1   0   3   0   -7.590188975e+02
x_q1   1   0   2   2   +9.789102334e+03
x_q1   1   0   2   1   -1.912668549e+02
x_q1   1   0   2   0   +1.095194718e+01
x_q1   1   0   1   3   -2.547263880e+03
x_q1   1   0   1   2   -1.179769550e+02
x_q1   1   0   1   1   -4.793040072e+01
x_q1   1   0   1   0   +1.318337000e+00
x_q1   1   0   0   4   +2.245729035e+03
x_q1   1   0   0   3   +8.932331236e+01
x_q1   1   0   0   2   -2.180053737e+00
x_q1   1   0   0   1   +3.634354213e-02
x_q1   1   0   0   0   +2.283803312e-02
x_q1   0   5   0   0   -5.516449170e+04
x_q1   0   4   1   0   +3.276027402e+05
x_q1   0   4   0   1   +3.568231350e+05
x_q1   0   4   0   0   +3.131926503e+03
x_q1   0   3   2   0   -1.182206324e+05
x_q1   0   3   1   1   -1.891583277e+06
x_q1   0   3   1   0   -2.565842515e+04
x_q1   0   3   0   2   -9.630940057e+05
x_q1   0   3   0   1   -1.639122446e+04
x_q1   0   3   0   0   -8.340128568e+00
x_q1   0   2   3   0   +1.130712398e+06
x_q1   0   2   2   1   +6.036444874e+05
x_q1   0   2   2   0   +1.125112234e+04
x_q1   0   2   1   2   +3.629087224e+06
x_q1   0   2   1   1   +7.705510095e+04
x_q1   0   2   1   0   -2.494900827e+02
x_q1   0   2   0   3   +1.251388321e+06
x_q1   0   2   0   2   +3.273910513e+04
x_q1   0   2   0   1   +4.492900692e+01
x_q1   0   2   0   0   -1.425663356e+00
x_q1   0   1   4   0   +5.257760809e+05
x_q1   0   1   3   1   -5.855769609e+05
x_q1   0   1   3   0   +3.979334002e+04
x_q1   0   1   2   2   -1.016830326e+06
x_q1   0   1   2   1   -2.316123288e+04
x_q1   0   1   2   0   +7.566761546e+01
x_q1   0   1   1   3   -3.036089902e+06
x_q1   0   1   1   2   -8.709315180e+04
x_q1   0   1   1   1   -1.334299661e+02
x_q1   0   1   1   0   -2.433612104e+01
x_q1   0   1   0   4   -7.136396512e+05
x_q1   0   1   0   3   -2.667361087e+04
x_q1   0   1   0   2   -6.211055906e+01
x_q1   0   1   0   1   +2.891158808e+00
x_q1   0   1   0   0   +5.884882332e-03
x_q1   0   0   5   0   +1.497945793e+06
x_q1   0   0   4   1   -4.474329851e+05
x_q1   0   0   4   0   +8.358172245e+03
x_q1   0   0   3   2   +5.792917682e+04
x_q1   0   0   3   1   -2.041948385e+04
x_q1   0   0   3   0   -6.128213867e+02
x_q1   0   0   2   3   +7.270669100e+05
x_q1   0   0   2   2   +2.622908847e+04
x_q1   0   0   2   1   +2.144549118e+02
x_q1   0   0   2   0   -2.202696054e+01
x_q1   0   0   1   4   +1.083890164e+06
x_q1   0   0   1   3   +4.848110162e+04
x_q1   0   0   1   2   +4.237076254e+02
x_q1   0   0   1   1   -1.204223037e+01
x_q1   0   0   1   0   -5.458295263e+00
x_q1   0   0   0   5   +1.181656071e+05
x_q1   0   0   0   4   +8.552859187e+03
x_q1   0   0   0   3   +8.037318138e+01
x_q1   0   0   0   2   -1.389592627e+00
x_q1   0   0   0   1   -1.847807040e-02
x_q1   0   0   0   0   +1.228664840e-04
y_q1   5   0   0   0   +2.941345370e-04
y_q1   4   1   0   0   -2.110500848e-03
y_q1   4   0   1   0   +1.868642612e-04
y_q1   4   0   0   1   +4.259625702e-03
y_q1   4   0   0   0   +1.822646953e-04
y_q1   3   2   0   0   -9.834998483e-02
y_q1   3   1   1   0   +2.858242934e-01
y_q1   3   1   0   1   +3.288416071e-01
y_q1   3   1   0   0   +6.656557820e-03
y_q1   3   0   2   0   -1.569437579e+00
y_q1   3   0   1   1   -5.630420317e-01
y_q1   3   0   1   0   -2.695597077e-02
y_q1   3   0   0   2   -2.626641901e-01
y_q1   3   0   0   1   -6.827647344e-03
y_q1   3   0   0   0   -6.175186115e-05
y_q1   2   3   0   0   +1.560395266e+00
y_q1   2   2   1   0   +2.515065008e+01
y_q1   2   2   0   1   -2.579407867e+01
y_q1   2   2   0   0   +6.326420408e-02
y_q1   2   1   2   0   -8.622528421e+01
y_q1   2   1   1   1   -1.128909627e+01
y_q1   2   1   1   0   -3.036541601e+00
y_q1   2   1   0   2   +5.817740729e+01
y_q1   2   1   0   1   +4.439737698e-01
y_q1   2   1   0   0   -6.969459374e-02
y_q1   2   0   3   0   +9.619460356e+01
y_q1   2   0   2   1   +4.528635311e+01
y_q1   2   0   2   0   +1.435841810e+00
y_q1   2   0   1   2   +1.132464086e+01
y_q1   2   0   1   1   +6.993947894e+00
y_q1   2   0   1   0   -1.377066754e-03
y_q1   2   0   0   3   -1.620211188e+01
y_q1   2   0   0   2   -4.219318991e-01
y_q1   2   0   0   1   +5.837996997e-02
y_q1   2   0   0   0   +2.580045598e-04
y_q1   1   4   0   0   +9.726256325e+01
y_q1   1   3   1   0   -8.050578975e+02
y_q1   1   3   0   1   -4.142391623e+02
y_q1   1   3   0   0   -2.119268889e+01
y_q1   1   2   2   0   -5.149834009e+02
y_q1   1   2   1   1   +1.103749028e+03
y_q1   1   2   1   0   -7.332734857e+00
y_q1   1   2   0   2   +6.966427317e+02
y_q1   1   2   0   1   +9.490477028e+01
y_q1   1   2   0   0   +1.867993723e-01
y_q1   1   1   3   0   +8.849491164e+03
y_q1   1   1   2   1   -2.512828612e+03
y_q1   1   1   2   0   +2.231434197e+02
y_q1   1   1   1   2   -1.340646697e+03
y_q1   1   1   1   1   -4.013104115e+01
y_q1   1   1   1   0   +3.034040899e+00
y_q1   1   1   0   3   -6.958245729e+02
y_q1   1   1   0   2   -1.100216941e+02
y_q1   1   1   0   1   -6.831154206e-01
y_q1   1   1   0   0   -1.750611139e-01
y_q1   1   0   4   0   -3.005834734e+02
y_q1   1   0   3   1   -3.134148800e+03
y_q1   1   0   3   0   -5.787848222e+01
y_q1   1   0   2   2   +1.595364901e+03
y_q1   1   0   2   1   -3.059052529e+02
y_q1   1   0   2   0   -8.883803274e-01
y_q1   1   0   1   3   -5.890565181e+01
y_q1   1   0   1   2   +5.432494699e+01
y_q1   1   0   1   1   +1.592300522e+00
y_q1   1   0   1   0   -9.660859992e-03
y_q1   1   0   0   4   +3.550444195e+02
y_q1   1   0   0   3   +6.186255926e+01
y_q1   1   0   0   2   +4.326233354e-01
y_q1   1   0   0   1   -1.199374634e+00
y_q1   1   0   0   0   +8.995790348e-04
y_q1   0   5   0   0   -1.340700196e+03
y_q1   0   4   1   0   +2.521370629e+03
y_q1   0   4   0   1   +9.007650790e+03
y_q1   0   4   0   0   +6.091079581e+01
y_q1   0   3   2   0   +2.968519548e+04
y_q1   0   3   1   1   +4.784609906e+03
y_q1   0   3   1   0   +3.587732067e+02
y_q1   0   3   0   2   -2.175989566e+04
y_q1   0   3   0   1   -2.661656086e+02
y_q1   0   3   0   0   +2.589911736e+01
y_q1   0   2   3   0   -6.927141446e+03
y_q1   0   2   2   1   -3.067289042e+04
y_q1   0   2   2   0   -2.010334889e+02
y_q1   0   2   1   2   -1.261823027e+04
y_q1   0   2   1   1   -1.053339894e+03
y_q1   0   2   1   0   +3.041613801e-01
y_q1   0   2   0   3   +2.672233859e+04
y_q1   0   2   0   2   +4.614271547e+02
y_q1   0   2   0   1   -5.139502773e+01
y_q1   0   2   0   0   -4.183606828e-01
y_q1   0   1   4   0   -4.346744922e+05
y_q1   0   1   3   1   +7.172979519e+04
y_q1   0   1   3   0   -9.945818651e+03
y_q1   0   1   2   2   +2.750718061e+04
y_q1   0   1   2   1   +6.072650830e+02
y_q1   0   1   2   0   -1.214114915e+02
y_q1   0   1   1   3   +2.356749305e+04
y_q1   0   1   1   2   +1.444427174e+03
y_q1   0   1   1   1   +1.893955833e+01
y_q1   0   1   1   0   -9.596098746e+00
y_q1   0   1   0   4   -1.613585335e+04
y_q1   0   1   0   3   -3.547402671e+02
y_q1   0   1   0   2   +2.555333673e+01
y_q1   0   1   0   1   +5.395213591e-01
y_q1   0   1   0   0   -2.446141675e+00
y_q1   0   0   5   0   -7.769451249e+03
y_q1   0   0   4   1   +2.206333886e+04
y_q1   0   0   4   0   +1.972635452e+03
y_q1   0   0   3   2   -4.092592261e+04
y_q1   0   0   3   1   +3.351859764e+03
y_q1   0   0   3   0   +4.184526859e+01
y_q1   0   0   2   3   +6.186504508e+02
y_q1   0   0   2   2   -5.569836811e+02
y_q1   0   0   2   1   -5.094418931e+01
y_q1   0   0   2   0   +6.519553160e-01
y_q1   0   0   1   4   -1.317735298e+04
y_q1   0   0   1   3   -9.044769579e+02
y_q1   0   0   1   2   +3.363090866e+00
y_q1   0   0   1   1   +2.595364070e+01
y_q1   0   0   1   0   +5.157102972e-02
y_q1   0   0   0   5   +2.411396757e+03
y_q1   0   0   0   4   +2.311652280e+01
y_q1   0   0   0   3   +1.997234248e+01
y_q1   0   0   0   2   -1.404116966e-01
y_q1   0   0   0   1   +2.069215187e+00
y_q1   0   0   0   0   +1.263282944e-02
