# Polynomial metadata: 
# -- Order: 5
# -- Trained on data: 'data/mc/mc_L_production.root'
# -- Input branches: { x_q1 y_q1 dxdz_q1 dydz_q1 dpp_q1 }
# -- Time created: Mon Jan 12 10:07:18 2026

poly-DoF 5
is-RHRS 0
dxdz_fp   5   0   0   0   0   -1.008096981e+02
dxdz_fp   4   1   0   0   0   +3.612975649e+02
dxdz_fp   4   0   1   0   0   +1.729195892e+03
dxdz_fp   4   0   0   1   0   -1.146507419e+03
dxdz_fp   4   0   0   0   1   -7.010377278e+02
dxdz_fp   4   0   0   0   0   +4.450627032e+00
dxdz_fp   3   2   0   0   0   -6.545266276e+02
dxdz_fp   3   1   1   0   0   -4.476081520e+03
dxdz_fp   3   1   0   1   0   +2.703262535e+03
dxdz_fp   3   1   0   0   1   +3.112404608e+02
dxdz_fp   3   1   0   0   0   -1.116807355e+01
dxdz_fp   3   0   2   0   0   -1.168336980e+04
dxdz_fp   3   0   1   1   0   +1.366782308e+04
dxdz_fp   3   0   1   0   1   +8.154879777e+03
dxdz_fp   3   0   1   0   0   -6.572963588e+01
dxdz_fp   3   0   0   2   0   -3.169549263e+03
dxdz_fp   3   0   0   1   1   -4.673946301e+02
dxdz_fp   3   0   0   1   0   +2.996811632e+01
dxdz_fp   3   0   0   0   2   +3.508571486e+01
dxdz_fp   3   0   0   0   1   -2.281034708e+01
dxdz_fp   3   0   0   0   0   +3.285633149e-01
dxdz_fp   2   3   0   0   0   -6.093121381e+01
dxdz_fp   2   2   1   0   0   +5.473438077e+03
dxdz_fp   2   2   0   1   0   +3.263147019e+02
dxdz_fp   2   2   0   0   1   +5.697236012e+01
dxdz_fp   2   2   0   0   0   +9.216804768e-01
dxdz_fp   2   1   2   0   0   +2.052299234e+04
dxdz_fp   2   1   1   1   0   -2.253643051e+04
dxdz_fp   2   1   1   0   1   -2.872314333e+03
dxdz_fp   2   1   1   0   0   +8.537302902e+01
dxdz_fp   2   1   0   2   0   -6.900283039e+02
dxdz_fp   2   1   0   1   1   -1.453501998e+02
dxdz_fp   2   1   0   1   0   +1.858738735e-01
dxdz_fp   2   1   0   0   2   +8.783127692e+01
dxdz_fp   2   1   0   0   1   -1.061007707e+01
dxdz_fp   2   1   0   0   0   -8.555983788e-02
dxdz_fp   2   0   3   0   0   +3.885189798e+04
dxdz_fp   2   0   2   1   0   -6.086654186e+04
dxdz_fp   2   0   2   0   1   -3.555629716e+04
dxdz_fp   2   0   2   0   0   +3.417176450e+02
dxdz_fp   2   0   1   2   0   +2.635521418e+04
dxdz_fp   2   0   1   1   1   +3.225450152e+03
dxdz_fp   2   0   1   1   0   -2.282436872e+02
dxdz_fp   2   0   1   0   2   -4.553461736e+02
dxdz_fp   2   0   1   0   1   +2.223871083e+02
dxdz_fp   2   0   1   0   0   -2.419254540e+00
dxdz_fp   2   0   0   3   0   +5.462186828e+02
dxdz_fp   2   0   0   2   1   +3.922402281e+02
dxdz_fp   2   0   0   2   0   -9.717738773e+00
dxdz_fp   2   0   0   1   2   -2.475806366e+02
dxdz_fp   2   0   0   1   1   +3.403448154e+01
dxdz_fp   2   0   0   1   0   +2.184351611e-01
dxdz_fp   2   0   0   0   3   -9.431500611e+00
dxdz_fp   2   0   0   0   2   -8.676241787e+00
dxdz_fp   2   0   0   0   1   -3.191637630e-02
dxdz_fp   2   0   0   0   0   -4.999686290e-02
dxdz_fp   1   4   0   0   0   -9.841014936e+00
dxdz_fp   1   3   1   0   0   +3.544270397e+02
dxdz_fp   1   3   0   1   0   -2.145129970e+00
dxdz_fp   1   3   0   0   1   -1.401718921e+02
dxdz_fp   1   3   0   0   0   -1.007857179e+00
dxdz_fp   1   2   2   0   0   -1.521031423e+04
dxdz_fp   1   2   1   1   0   -2.022488521e+03
dxdz_fp   1   2   1   0   1   -2.599834129e+02
dxdz_fp   1   2   1   0   0   -7.557894943e+00
dxdz_fp   1   2   0   2   0   +5.066339756e+02
dxdz_fp   1   2   0   1   1   +8.018380320e+02
dxdz_fp   1   2   0   1   0   +4.791337381e+00
dxdz_fp   1   2   0   0   2   +7.574665353e+01
dxdz_fp   1   2   0   0   1   +7.154675645e+00
dxdz_fp   1   2   0   0   0   +1.911932805e-01
dxdz_fp   1   1   3   0   0   -4.145190913e+04
dxdz_fp   1   1   2   1   0   +6.229826953e+04
dxdz_fp   1   1   2   0   1   +8.891861466e+03
dxdz_fp   1   1   2   0   0   -2.142853741e+02
dxdz_fp   1   1   1   2   0   +4.798121575e+03
dxdz_fp   1   1   1   1   1   +4.310183002e+02
dxdz_fp   1   1   1   1   0   +9.814318931e+00
dxdz_fp   1   1   1   0   2   -5.335044583e+02
dxdz_fp   1   1   1   0   1   +6.213884205e+01
dxdz_fp   1   1   1   0   0   +5.376347618e-01
dxdz_fp   1   1   0   3   0   -1.731396647e+03
dxdz_fp   1   1   0   2   1   -1.514639541e+03
dxdz_fp   1   1   0   2   0   -5.966926905e+00
dxdz_fp   1   1   0   1   2   -2.549339315e+02
dxdz_fp   1   1   0   1   1   -2.664853876e+01
dxdz_fp   1   1   0   1   0   +4.787975777e-01
dxdz_fp   1   1   0   0   3   -7.658252160e+00
dxdz_fp   1   1   0   0   2   -2.418193182e+00
dxdz_fp   1   1   0   0   1   -1.059395875e-01
dxdz_fp   1   1   0   0   0   +4.422572640e-04
dxdz_fp   1   0   4   0   0   -6.387718994e+04
dxdz_fp   1   0   3   1   0   +1.202404380e+05
dxdz_fp   1   0   3   0   1   +6.839953186e+04
dxdz_fp   1   0   3   0   0   -7.509895426e+02
dxdz_fp   1   0   2   2   0   -7.238440625e+04
dxdz_fp   1   0   2   1   1   -6.080857092e+03
dxdz_fp   1   0   2   1   0   +5.626865143e+02
dxdz_fp   1   0   2   0   2   +1.615308970e+03
dxdz_fp   1   0   2   0   1   -7.114613606e+02
dxdz_fp   1   0   2   0   0   +8.952960282e+00
dxdz_fp   1   0   1   3   0   -4.325644825e+03
dxdz_fp   1   0   1   2   1   -1.595972062e+03
dxdz_fp   1   0   1   2   0   +3.607430975e+01
dxdz_fp   1   0   1   1   2   +1.134599667e+03
dxdz_fp   1   0   1   1   1   -1.998856262e+02
dxdz_fp   1   0   1   1   0   -1.149247192e+00
dxdz_fp   1   0   1   0   3   +1.582799874e+01
dxdz_fp   1   0   1   0   2   +5.713416849e+01
dxdz_fp   1   0   1   0   1   +7.562979215e-01
dxdz_fp   1   0   1   0   0   +6.905514857e-01
dxdz_fp   1   0   0   4   0   +1.657704392e+03
dxdz_fp   1   0   0   3   1   +9.525956680e+02
dxdz_fp   1   0   0   3   0   -3.301058058e-01
dxdz_fp   1   0   0   2   2   +2.118998110e+02
dxdz_fp   1   0   0   2   1   +2.232925891e+01
dxdz_fp   1   0   0   2   0   +4.653192003e-01
dxdz_fp   1   0   0   1   3   -7.327114331e+01
dxdz_fp   1   0   0   1   2   +1.729379685e+00
dxdz_fp   1   0   0   1   1   +1.692230043e-01
dxdz_fp   1   0   0   1   0   +1.354593275e-03
dxdz_fp   1   0   0   0   4   +2.604267288e+01
dxdz_fp   1   0   0   0   3   +2.509559297e+00
dxdz_fp   1   0   0   0   2   +1.108574026e+00
dxdz_fp   1   0   0   0   1   +1.302095102e-01
dxdz_fp   1   0   0   0   0   +9.648346613e-02
dxdz_fp   0   5   0   0   0   +7.216845449e+00
dxdz_fp   0   4   1   0   0   +1.700865724e+01
dxdz_fp   0   4   0   1   0   -1.001215511e+02
dxdz_fp   0   4   0   0   1   -1.567598633e+01
dxdz_fp   0   4   0   0   0   +2.587299639e-01
dxdz_fp   0   3   2   0   0   -5.125964125e+02
dxdz_fp   0   3   1   1   0   +1.167437415e+02
dxdz_fp   0   3   1   0   1   +3.858620102e+02
dxdz_fp   0   3   1   0   0   +2.752676225e+00
dxdz_fp   0   3   0   2   0   +5.556141296e+02
dxdz_fp   0   3   0   1   1   +1.347991782e+02
dxdz_fp   0   3   0   1   0   +6.148150692e-01
dxdz_fp   0   3   0   0   2   -5.391165844e+00
dxdz_fp   0   3   0   0   1   -4.082859602e-01
dxdz_fp   0   3   0   0   0   +9.049861466e-03
dxdz_fp   0   2   3   0   0   +1.417569645e+04
dxdz_fp   0   2   2   1   0   +3.094064667e+03
dxdz_fp   0   2   2   0   1   +2.341254493e+02
dxdz_fp   0   2   2   0   0   +2.709462349e+01
dxdz_fp   0   2   1   2   0   -1.685919113e+03
dxdz_fp   0   2   1   1   1   -2.116365393e+03
dxdz_fp   0   2   1   1   0   -1.319293742e+01
dxdz_fp   0   2   1   0   2   -1.610871691e+02
dxdz_fp   0   2   1   0   1   -2.260255632e+01
dxdz_fp   0   2   1   0   0   +8.300395763e-01
dxdz_fp   0   2   0   3   0   -1.519505843e+03
dxdz_fp   0   2   0   2   1   -7.183172612e+02
dxdz_fp   0   2   0   2   0   -5.918081806e+00
dxdz_fp   0   2   0   1   2   +1.702739481e+01
dxdz_fp   0   2   0   1   1   +3.571344788e+00
dxdz_fp   0   2   0   1   0   -6.113729410e-02
dxdz_fp   0   2   0   0   3   -4.645431116e+01
dxdz_fp   0   2   0   0   2   +1.026788250e+01
dxdz_fp   0   2   0   0   1   -1.255247971e+00
dxdz_fp   0   2   0   0   0   +6.173546015e-02
dxdz_fp   0   1   4   0   0   +3.120711654e+04
dxdz_fp   0   1   3   1   0   -5.732042182e+04
dxdz_fp   0   1   3   0   1   -9.269841979e+03
dxdz_fp   0   1   3   0   0   +1.758034611e+02
dxdz_fp   0   1   2   2   0   -8.022641036e+03
dxdz_fp   0   1   2   1   1   -2.148207003e+02
dxdz_fp   0   1   2   1   0   -6.065686298e+01
dxdz_fp   0   1   2   0   2   +8.297670615e+02
dxdz_fp   0   1   2   0   1   -9.105548433e+01
dxdz_fp   0   1   2   0   0   -8.359602343e-01
dxdz_fp   0   1   1   3   0   +5.145330121e+03
dxdz_fp   0   1   1   2   1   +3.717233038e+03
dxdz_fp   0   1   1   2   0   +1.688509942e+01
dxdz_fp   0   1   1   1   2   +5.423745338e+02
dxdz_fp   0   1   1   1   1   +6.266146039e+01
dxdz_fp   0   1   1   1   0   -1.182027866e+00
dxdz_fp   0   1   1   0   3   +2.724344283e+01
dxdz_fp   0   1   1   0   2   +6.887201765e+00
dxdz_fp   0   1   1   0   1   +3.403264640e-01
dxdz_fp   0   1   1   0   0   -1.175299043e-03
dxdz_fp   0   1   0   4   0   +2.048705400e+03
dxdz_fp   0   1   0   3   1   +1.586236377e+03
dxdz_fp   0   1   0   3   0   +1.218832874e+01
dxdz_fp   0   1   0   2   2   +3.766492222e+01
dxdz_fp   0   1   0   2   1   -1.061846446e+01
dxdz_fp   0   1   0   2   0   +1.143070538e-01
dxdz_fp   0   1   0   1   3   +1.146135723e+01
dxdz_fp   0   1   0   1   2   -1.051034570e+01
dxdz_fp   0   1   0   1   1   +4.444161550e+00
dxdz_fp   0   1   0   1   0   -4.338630114e-01
dxdz_fp   0   1   0   0   4   +3.708915083e+00
dxdz_fp   0   1   0   0   3   -1.680251592e-01
dxdz_fp   0   1   0   0   2   -1.498154760e-02
dxdz_fp   0   1   0   0   1   +3.311491664e-04
dxdz_fp   0   1   0   0   0   +5.586681691e-06
dxdz_fp   0   0   5   0   0   +4.208622350e+04
dxdz_fp   0   0   4   1   0   -8.899283569e+04
dxdz_fp   0   0   4   0   1   -4.829459610e+04
dxdz_fp   0   0   4   0   0   +5.980297590e+02
dxdz_fp   0   0   3   2   0   +6.617771132e+04
dxdz_fp   0   0   3   1   1   +2.198261426e+03
dxdz_fp   0   0   3   1   0   -4.430660448e+02
dxdz_fp   0   0   3   0   2   -1.393130910e+03
dxdz_fp   0   0   3   0   1   +7.516948415e+02
dxdz_fp   0   0   3   0   0   -1.436449623e+01
dxdz_fp   0   0   2   3   0   +7.857074849e+03
dxdz_fp   0   0   2   2   1   +1.934770855e+03
dxdz_fp   0   0   2   2   0   +1.138866757e+01
dxdz_fp   0   0   2   1   2   -1.309058576e+03
dxdz_fp   0   0   2   1   1   +2.929585200e+02
dxdz_fp   0   0   2   1   0   +1.486165720e+00
dxdz_fp   0   0   2   0   3   +1.728718699e+02
dxdz_fp   0   0   2   0   2   -1.009819288e+02
dxdz_fp   0   0   2   0   1   -3.240314257e+00
dxdz_fp   0   0   2   0   0   -2.327691628e+00
dxdz_fp   0   0   1   4   0   -4.675235328e+03
dxdz_fp   0   0   1   3   1   -2.147973916e+03
dxdz_fp   0   0   1   3   0   +4.832663836e-01
dxdz_fp   0   0   1   2   2   -9.781850044e+01
dxdz_fp   0   0   1   2   1   -1.985062221e+01
dxdz_fp   0   0   1   2   0   +3.002593934e-01
dxdz_fp   0   0   1   1   3   +1.916673923e+02
dxdz_fp   0   0   1   1   2   -3.860194845e+00
dxdz_fp   0   0   1   1   1   -6.440347663e-01
dxdz_fp   0   0   1   1   0   -4.293100013e-03
dxdz_fp   0   0   1   0   4   -4.892056645e+01
dxdz_fp   0   0   1   0   3   +3.867107085e+00
dxdz_fp   0   0   1   0   2   -3.921712191e+00
dxdz_fp   0   0   1   0   1   -1.138263972e+00
dxdz_fp   0   0   1   0   0   -7.721479055e-01
dxdz_fp   0   0   0   5   0   -1.091914806e+03
dxdz_fp   0   0   0   4   1   -1.361149180e+03
dxdz_fp   0   0   0   4   0   -2.476942146e+01
dxdz_fp   0   0   0   3   2   -1.140516039e+02
dxdz_fp   0   0   0   3   1   +1.099666193e+01
dxdz_fp   0   0   0   3   0   -5.399106029e-02
dxdz_fp   0   0   0   2   3   +1.870015211e+01
dxdz_fp   0   0   0   2   2   -5.207558001e+00
dxdz_fp   0   0   0   2   1   +1.293104986e-01
dxdz_fp   0   0   0   2   0   +7.352246799e-01
dxdz_fp   0   0   0   1   4   -1.217960491e+01
dxdz_fp   0   0   0   1   3   +5.502971952e-01
dxdz_fp   0   0   0   1   2   +4.600337971e-02
dxdz_fp   0   0   0   1   1   -1.001928243e-03
dxdz_fp   0   0   0   1   0   -1.506638710e-05
dxdz_fp   0   0   0   0   5   +3.727533738e+00
dxdz_fp   0   0   0   0   4   -3.583683717e+00
dxdz_fp   0   0   0   0   3   +1.447142887e+00
dxdz_fp   0   0   0   0   2   -7.187083222e-01
dxdz_fp   0   0   0   0   1   +5.645073377e-02
dxdz_fp   0   0   0   0   0   +1.026107786e-07
dydz_fp   5   0   0   0   0   -9.167765917e+02
dydz_fp   4   1   0   0   0   -5.869220650e+03
dydz_fp   4   0   1   0   0   +1.536980036e+04
dydz_fp   4   0   0   1   0   +1.940105652e+04
dydz_fp   4   0   0   0   1   -1.707967900e+04
dydz_fp   4   0   0   0   0   -2.490350046e+02
dydz_fp   3   2   0   0   0   -5.359646668e+03
dydz_fp   3   1   1   0   0   +6.172960465e+04
dydz_fp   3   1   0   1   0   +2.510150097e+04
dydz_fp   3   1   0   0   1   -3.768607663e+02
dydz_fp   3   1   0   0   0   -3.404384558e+02
dydz_fp   3   0   2   0   0   -9.716785109e+04
dydz_fp   3   0   1   1   0   -2.106100883e+05
dydz_fp   3   0   1   0   1   +1.932410955e+05
dydz_fp   3   0   1   0   0   +2.702999800e+03
dydz_fp   3   0   0   2   0   -2.760757358e+04
dydz_fp   3   0   0   1   1   +1.417823359e+03
dydz_fp   3   0   0   1   0   +6.623025711e+02
dydz_fp   3   0   0   0   2   +1.239232914e+03
dydz_fp   3   0   0   0   1   +4.596945077e+01
dydz_fp   3   0   0   0   0   -5.672493445e+00
dydz_fp   2   3   0   0   0   -6.350613685e+02
dydz_fp   2   2   1   0   0   +4.305933868e+04
dydz_fp   2   2   0   1   0   +4.806779114e+03
dydz_fp   2   2   0   0   1   +3.980183567e+03
dydz_fp   2   2   0   0   0   +6.268463834e+01
dydz_fp   2   1   2   0   0   -2.411917555e+05
dydz_fp   2   1   1   1   0   -2.071615244e+05
dydz_fp   2   1   1   0   1   +4.587396912e+03
dydz_fp   2   1   1   0   0   +2.840756549e+03
dydz_fp   2   1   0   2   0   -1.136274798e+04
dydz_fp   2   1   0   1   1   -1.668142913e+04
dydz_fp   2   1   0   1   0   -2.802865734e+02
dydz_fp   2   1   0   0   2   -1.283800539e+03
dydz_fp   2   1   0   0   1   -4.414604843e+02
dydz_fp   2   1   0   0   0   +3.497555456e+00
dydz_fp   2   0   3   0   0   +2.944916492e+05
dydz_fp   2   0   2   1   0   +8.451615518e+05
dydz_fp   2   0   2   0   1   -8.180947462e+05
dydz_fp   2   0   2   0   0   -1.095934883e+04
dydz_fp   2   0   1   2   0   +2.296436552e+05
dydz_fp   2   0   1   1   1   -1.567938050e+04
dydz_fp   2   0   1   1   0   -5.496851511e+03
dydz_fp   2   0   1   0   2   -1.066752847e+04
dydz_fp   2   0   1   0   1   -3.596142835e+02
dydz_fp   2   0   1   0   0   +4.795765171e+01
dydz_fp   2   0   0   3   0   +4.035527744e+03
dydz_fp   2   0   0   2   1   +2.342434422e+04
dydz_fp   2   0   0   2   0   +4.122760364e+02
dydz_fp   2   0   0   1   2   +4.149933931e+03
dydz_fp   2   0   0   1   1   +3.874084572e+02
dydz_fp   2   0   0   1   0   -5.398204482e+00
dydz_fp   2   0   0   0   3   +1.149250024e+02
dydz_fp   2   0   0   0   2   +1.077195893e+02
dydz_fp   2   0   0   0   1   -3.648746580e+00
dydz_fp   2   0   0   0   0   -6.648311983e-02
dydz_fp   1   4   0   0   0   +4.100895933e+01
dydz_fp   1   3   1   0   0   +2.960158597e+03
dydz_fp   1   3   0   1   0   -1.476612715e+02
dydz_fp   1   3   0   0   1   +3.346534880e+02
dydz_fp   1   3   0   0   0   -4.796816638e+00
dydz_fp   1   2   2   0   0   -1.150461831e+05
dydz_fp   1   2   1   1   0   -2.049122056e+04
dydz_fp   1   2   1   0   1   -2.096245828e+04
dydz_fp   1   2   1   0   0   -3.640734645e+02
dydz_fp   1   2   0   2   0   -2.538862373e+02
dydz_fp   1   2   0   1   1   -2.310309049e+03
dydz_fp   1   2   0   1   0   +2.328108359e+01
dydz_fp   1   2   0   0   2   -2.963800981e+02
dydz_fp   1   2   0   0   1   +1.223396295e+00
dydz_fp   1   2   0   0   0   -9.284185933e-02
dydz_fp   1   1   3   0   0   +4.121781784e+05
dydz_fp   1   1   2   1   0   +5.714641473e+05
dydz_fp   1   1   2   0   1   -1.729772833e+04
dydz_fp   1   1   2   0   0   -7.874179891e+03
dydz_fp   1   1   1   2   0   +4.569284787e+04
dydz_fp   1   1   1   1   1   +7.460722928e+04
dydz_fp   1   1   1   1   0   +1.720254631e+03
dydz_fp   1   1   1   0   2   +5.199365017e+03
dydz_fp   1   1   1   0   1   +2.606153401e+03
dydz_fp   1   1   1   0   0   -1.874240884e+01
dydz_fp   1   1   0   3   0   +8.433041344e+02
dydz_fp   1   1   0   2   1   +5.697311694e+03
dydz_fp   1   1   0   2   0   -5.451331294e+01
dydz_fp   1   1   0   1   2   +4.309688636e+02
dydz_fp   1   1   0   1   1   -8.583323744e+00
dydz_fp   1   1   0   1   0   +6.100601983e-01
dydz_fp   1   1   0   0   3   -1.672198475e+02
dydz_fp   1   1   0   0   2   +1.791171392e+01
dydz_fp   1   1   0   0   1   -1.014317061e+00
dydz_fp   1   1   0   0   0   -2.898493950e-01
dydz_fp   1   0   4   0   0   -4.309830050e+05
dydz_fp   1   0   3   1   0   -1.459984944e+06
dydz_fp   1   0   3   0   1   +1.539648797e+06
dydz_fp   1   0   3   0   0   +1.966134947e+04
dydz_fp   1   0   2   2   0   -6.400594005e+05
dydz_fp   1   0   2   1   1   +5.638592623e+04
dydz_fp   1   0   2   1   0   +1.466765257e+04
dydz_fp   1   0   2   0   2   +3.138886622e+04
dydz_fp   1   0   2   0   1   +9.329922189e+02
dydz_fp   1   0   2   0   0   -1.366052006e+02
dydz_fp   1   0   1   3   0   -1.065741762e+04
dydz_fp   1   0   1   2   1   -1.176587766e+05
dydz_fp   1   0   1   2   0   -2.601503031e+03
dydz_fp   1   0   1   1   2   -1.774380391e+04
dydz_fp   1   0   1   1   1   -2.464211262e+03
dydz_fp   1   0   1   1   0   +4.510548259e+01
dydz_fp   1   0   1   0   3   -3.984263004e+02
dydz_fp   1   0   1   0   2   -6.083731456e+02
dydz_fp   1   0   1   0   1   +1.812161587e+01
dydz_fp   1   0   1   0   0   +3.713634416e-01
dydz_fp   1   0   0   4   0   -9.693967118e+02
dydz_fp   1   0   0   3   1   -4.903536193e+03
dydz_fp   1   0   0   3   0   +4.641857732e+01
dydz_fp   1   0   0   2   2   -6.580166849e+01
dydz_fp   1   0   0   2   1   +4.529795909e+00
dydz_fp   1   0   0   2   0   -3.031712825e-01
dydz_fp   1   0   0   1   3   +4.023145300e+02
dydz_fp   1   0   0   1   2   -5.511521714e+01
dydz_fp   1   0   0   1   1   +7.053527577e+00
dydz_fp   1   0   0   1   0   -9.530000002e-01
dydz_fp   1   0   0   0   4   -7.763133052e+01
dydz_fp   1   0   0   0   3   +2.840349864e-01
dydz_fp   1   0   0   0   2   -9.563949667e-02
dydz_fp   1   0   0   0   1   -4.586541842e-04
dydz_fp   1   0   0   0   0   +3.388231190e-04
dydz_fp   0   5   0   0   0   -5.477724513e+01
dydz_fp   0   4   1   0   0   -1.342433768e+02
dydz_fp   0   4   0   1   0   +5.433119922e+02
dydz_fp   0   4   0   0   1   -9.733389367e+01
dydz_fp   0   4   0   0   0   +1.497102508e+00
dydz_fp   0   3   2   0   0   -3.166025601e+03
dydz_fp   0   3   1   1   0   +7.510682632e+02
dydz_fp   0   3   1   0   1   -8.416901504e+02
dydz_fp   0   3   1   0   0   +1.729635688e+01
dydz_fp   0   3   0   2   0   -1.728051348e+03
dydz_fp   0   3   0   1   1   +8.760377499e+02
dydz_fp   0   3   0   1   0   -1.800152635e+01
dydz_fp   0   3   0   0   2   +1.943200485e+02
dydz_fp   0   3   0   0   1   -1.139381729e+01
dydz_fp   0   3   0   0   0   +2.167682906e+00
dydz_fp   0   2   3   0   0   +1.022675972e+05
dydz_fp   0   2   2   1   0   +1.975795065e+04
dydz_fp   0   2   2   0   1   +2.805272890e+04
dydz_fp   0   2   2   0   0   +5.274160513e+02
dydz_fp   0   2   1   2   0   -1.025683198e+03
dydz_fp   0   2   1   1   1   +4.899901618e+03
dydz_fp   0   2   1   1   0   -1.270176926e+02
dydz_fp   0   2   1   0   2   +8.023776915e+02
dydz_fp   0   2   1   0   1   -7.645977687e-01
dydz_fp   0   2   1   0   0   +1.710168398e-01
dydz_fp   0   2   0   3   0   +2.195766846e+03
dydz_fp   0   2   0   2   1   -2.937846446e+03
dydz_fp   0   2   0   2   0   +7.822270862e+01
dydz_fp   0   2   0   1   2   -4.441863198e+02
dydz_fp   0   2   0   1   1   -1.566874454e+01
dydz_fp   0   2   0   1   0   -3.333389286e+00
dydz_fp   0   2   0   0   3   +9.641116940e+00
dydz_fp   0   2   0   0   2   -4.170141048e+00
dydz_fp   0   2   0   0   1   -2.592497366e-01
dydz_fp   0   2   0   0   0   +1.129634623e-03
dydz_fp   0   1   4   0   0   -2.543833382e+05
dydz_fp   0   1   3   1   0   -5.273861739e+05
dydz_fp   0   1   3   0   1   +2.169815495e+04
dydz_fp   0   1   3   0   0   +7.169229392e+03
dydz_fp   0   1   2   2   0   -4.073156183e+04
dydz_fp   0   1   2   1   1   -8.041221350e+04
dydz_fp   0   1   2   1   0   -2.619654180e+03
dydz_fp   0   1   2   0   2   -4.355799059e+03
dydz_fp   0   1   2   0   1   -4.025183781e+03
dydz_fp   0   1   2   0   0   +4.858690076e+01
dydz_fp   0   1   1   3   0   +1.323969668e+03
dydz_fp   0   1   1   2   1   -1.094409528e+04
dydz_fp   0   1   1   2   0   +2.007685413e+02
dydz_fp   0   1   1   1   2   -8.968210554e+02
dydz_fp   0   1   1   1   1   +1.193686161e+01
dydz_fp   0   1   1   1   0   -1.356413169e+00
dydz_fp   0   1   1   0   3   +3.597534144e+02
dydz_fp   0   1   1   0   2   -4.545557207e+01
dydz_fp   0   1   1   0   1   +1.498852273e+00
dydz_fp   0   1   1   0   0   +2.232194075e+00
dydz_fp   0   1   0   4   0   -6.307079389e+02
dydz_fp   0   1   0   3   1   +4.393618840e+03
dydz_fp   0   1   0   3   0   -1.436891144e+02
dydz_fp   0   1   0   2   2   +1.523293623e+03
dydz_fp   0   1   0   2   1   +1.195914657e+02
dydz_fp   0   1   0   2   0   +3.475300769e+01
dydz_fp   0   1   0   1   3   -1.398903687e+02
dydz_fp   0   1   0   1   2   +1.138413138e+01
dydz_fp   0   1   0   1   1   +1.240080398e+00
dydz_fp   0   1   0   1   0   -4.447024913e-03
dydz_fp   0   1   0   0   4   +3.324074811e+02
dydz_fp   0   1   0   0   3   -8.843856699e+01
dydz_fp   0   1   0   0   2   +1.452737417e+01
dydz_fp   0   1   0   0   1   -5.021003775e+00
dydz_fp   0   1   0   0   0   +7.191190059e-01
dydz_fp   0   0   5   0   0   +2.439893218e+05
dydz_fp   0   0   4   1   0   +8.650114487e+05
dydz_fp   0   0   4   0   1   -1.089352749e+06
dydz_fp   0   0   4   0   0   -1.315816383e+04
dydz_fp   0   0   3   2   0   +5.981753016e+05
dydz_fp   0   0   3   1   1   -6.839323448e+04
dydz_fp   0   0   3   1   0   -1.169921153e+04
dydz_fp   0   0   3   0   2   -3.147251635e+04
dydz_fp   0   0   3   0   1   -8.005889148e+02
dydz_fp   0   0   3   0   0   +1.311040152e+02
dydz_fp   0   0   2   3   0   +1.428348990e+04
dydz_fp   0   0   2   2   1   +1.477257927e+05
dydz_fp   0   0   2   2   0   +4.026649528e+03
dydz_fp   0   0   2   1   2   +1.935097481e+04
dydz_fp   0   0   2   1   1   +3.944550550e+03
dydz_fp   0   0   2   1   0   -1.011612225e+02
dydz_fp   0   0   2   0   3   +2.368627669e+02
dydz_fp   0   0   2   0   2   +8.605826161e+02
dydz_fp   0   0   2   0   1   -2.221482489e+01
dydz_fp   0   0   2   0   0   -5.193906654e-01
dydz_fp   0   0   1   4   0   -3.234367492e+02
dydz_fp   0   0   1   3   1   +8.622728218e+03
dydz_fp   0   0   1   3   0   -3.374656048e+02
dydz_fp   0   0   1   2   2   -5.743970762e+02
dydz_fp   0   0   1   2   1   +4.505343461e+00
dydz_fp   0   0   1   2   0   +7.881080043e-01
dydz_fp   0   0   1   1   3   -1.047666030e+03
dydz_fp   0   0   1   1   2   +1.902577018e+02
dydz_fp   0   0   1   1   1   -2.142829434e+01
dydz_fp   0   0   1   1   0   +7.644758374e+00
dydz_fp   0   0   1   0   4   +2.126634706e+02
dydz_fp   0   0   1   0   3   +1.962626991e-01
dydz_fp   0   0   1   0   2   +2.785911435e-01
dydz_fp   0   0   1   0   1   -8.898404462e-04
dydz_fp   0   0   1   0   0   -9.715796361e-04
dydz_fp   0   0   0   5   0   +1.919977865e+02
dydz_fp   0   0   0   4   1   -2.326145755e+03
dydz_fp   0   0   0   4   0   +9.179417693e+01
dydz_fp   0   0   0   3   2   -2.761857653e+03
dydz_fp   0   0   0   3   1   -3.096169399e+02
dydz_fp   0   0   0   3   0   -1.449441376e+01
dydz_fp   0   0   0   2   3   +1.797469115e+02
dydz_fp   0   0   0   2   2   -4.089755971e+00
dydz_fp   0   0   0   2   1   -1.417214141e+00
dydz_fp   0   0   0   2   0   +5.809518938e-03
dydz_fp   0   0   0   1   4   -9.943912382e+00
dydz_fp   0   0   0   1   3   +5.446514267e+00
dydz_fp   0   0   0   1   2   -5.754761347e+00
dydz_fp   0   0   0   1   1   -2.885716757e+00
dydz_fp   0   0   0   1   0   -2.447885613e+00
dydz_fp   0   0   0   0   5   -6.763361993e-01
dydz_fp   0   0   0   0   4   -3.892867787e-01
dydz_fp   0   0   0   0   3   +8.798713884e-03
dydz_fp   0   0   0   0   2   -6.544273028e-04
dydz_fp   0   0   0   0   1   +3.279896572e-05
dydz_fp   0   0   0   0   0   +2.643248025e-07
x_fp   5   0   0   0   0   -7.914765481e+04
x_fp   4   1   0   0   0   -2.212319297e+04
x_fp   4   0   1   0   0   +1.093500730e+06
x_fp   4   0   0   1   0   +4.536283751e+04
x_fp   4   0   0   0   1   +4.798630942e+04
x_fp   4   0   0   0   0   +6.555925477e+02
x_fp   3   2   0   0   0   +1.678337863e+05
x_fp   3   1   1   0   0   +2.829548847e+05
x_fp   3   1   0   1   0   -7.528671284e+05
x_fp   3   1   0   0   1   -5.080440174e+04
x_fp   3   1   0   0   0   +2.886163453e+03
x_fp   3   0   2   0   0   -5.977067816e+06
x_fp   3   0   1   1   0   -5.774597694e+05
x_fp   3   0   1   0   1   -5.223402248e+05
x_fp   3   0   1   0   0   -6.776090363e+03
x_fp   3   0   0   2   0   +9.263777604e+05
x_fp   3   0   0   1   1   +1.207158903e+05
x_fp   3   0   0   1   0   -7.087390487e+03
x_fp   3   0   0   0   2   +1.999771934e+04
x_fp   3   0   0   0   1   +3.523025199e+03
x_fp   3   0   0   0   0   -4.303691930e+01
x_fp   2   3   0   0   0   +3.113957177e+04
x_fp   2   2   1   0   0   -1.394337400e+06
x_fp   2   2   0   1   0   -1.965115931e+05
x_fp   2   2   0   0   1   -2.802561056e+04
x_fp   2   2   0   0   0   -6.173661442e+02
x_fp   2   1   2   0   0   -1.313138348e+06
x_fp   2   1   1   1   0   +6.238657793e+06
x_fp   2   1   1   0   1   +4.037153903e+05
x_fp   2   1   1   0   0   -2.356186345e+04
x_fp   2   1   0   2   0   +4.395930901e+05
x_fp   2   1   0   1   1   +1.233617715e+05
x_fp   2   1   0   1   0   +1.783199226e+03
x_fp   2   1   0   0   2   +1.204268747e+04
x_fp   2   1   0   0   1   +3.499854397e+02
x_fp   2   1   0   0   0   -2.714946289e+01
x_fp   2   0   3   0   0   +1.609291393e+07
x_fp   2   0   2   1   0   +2.672959994e+06
x_fp   2   0   2   0   1   +2.117726725e+06
x_fp   2   0   2   0   0   +2.610704563e+04
x_fp   2   0   1   2   0   -7.635777303e+06
x_fp   2   0   1   1   1   -8.178788171e+05
x_fp   2   0   1   1   0   +5.882702062e+04
x_fp   2   0   1   0   2   -1.618158122e+05
x_fp   2   0   1   0   1   -3.489121447e+04
x_fp   2   0   1   0   0   +3.878209610e+02
x_fp   2   0   0   3   0   -3.409912921e+05
x_fp   2   0   0   2   1   -1.578730165e+05
x_fp   2   0   0   2   0   -1.959079149e+03
x_fp   2   0   0   1   2   -2.539545957e+04
x_fp   2   0   0   1   1   -3.423395299e+02
x_fp   2   0   0   1   0   +5.725060002e+01
x_fp   2   0   0   0   3   -3.331883752e+03
x_fp   2   0   0   0   2   -9.916042812e+02
x_fp   2   0   0   0   1   +2.538628149e+01
x_fp   2   0   0   0   0   -7.370295860e-01
x_fp   1   4   0   0   0   -8.554792025e+03
x_fp   1   3   1   0   0   -1.564618365e+05
x_fp   1   3   0   1   0   +9.672135511e+04
x_fp   1   3   0   0   1   +6.012503734e+03
x_fp   1   3   0   0   0   -2.282956545e+01
x_fp   1   2   2   0   0   +3.841999023e+06
x_fp   1   2   1   1   0   +9.515752780e+05
x_fp   1   2   1   0   1   +1.405403441e+05
x_fp   1   2   1   0   0   +3.602614553e+03
x_fp   1   2   0   2   0   -4.229197834e+05
x_fp   1   2   0   1   1   -4.142895768e+04
x_fp   1   2   0   1   0   +7.972643302e+02
x_fp   1   2   0   0   2   -7.056687729e+03
x_fp   1   2   0   0   1   -3.380804597e+02
x_fp   1   2   0   0   0   +3.461094032e+00
x_fp   1   1   3   0   0   +2.645757128e+06
x_fp   1   1   2   1   0   -1.710311544e+07
x_fp   1   1   2   0   1   -1.061094701e+06
x_fp   1   1   2   0   0   +6.395522946e+04
x_fp   1   1   1   2   0   -2.097946792e+06
x_fp   1   1   1   1   1   -5.930302826e+05
x_fp   1   1   1   1   0   -1.097495762e+04
x_fp   1   1   1   0   2   -5.897352665e+04
x_fp   1   1   1   0   1   -2.088773953e+03
x_fp   1   1   1   0   0   +1.434287716e+02
x_fp   1   1   0   3   0   +8.228344947e+05
x_fp   1   1   0   2   1   +1.295329136e+05
x_fp   1   1   0   2   0   -3.565595480e+03
x_fp   1   1   0   1   2   +2.131763190e+04
x_fp   1   1   0   1   1   +7.938814729e+02
x_fp   1   1   0   1   0   -9.975853050e+00
x_fp   1   1   0   0   3   +2.693310137e+03
x_fp   1   1   0   0   2   +3.596553664e+02
x_fp   1   1   0   0   1   +1.312745726e+01
x_fp   1   1   0   0   0   -2.337110816e-01
x_fp   1   0   4   0   0   -2.108569443e+07
x_fp   1   0   3   1   0   -5.401796567e+06
x_fp   1   0   3   0   1   -3.801418529e+06
x_fp   1   0   3   0   0   -4.597273888e+04
x_fp   1   0   2   2   0   +2.062024000e+07
x_fp   1   0   2   1   1   +1.488096906e+06
x_fp   1   0   2   1   0   -1.615961602e+05
x_fp   1   0   2   0   2   +4.110508040e+05
x_fp   1   0   2   0   1   +1.122043437e+05
x_fp   1   0   2   0   0   -1.214514686e+03
x_fp   1   0   1   3   0   +1.605138288e+06
x_fp   1   0   1   2   1   +7.524492765e+05
x_fp   1   0   1   2   0   +1.418496087e+04
x_fp   1   0   1   1   2   +8.241856637e+04
x_fp   1   0   1   1   1   +2.382436904e+03
x_fp   1   0   1   1   0   -2.560491637e+02
x_fp   1   0   1   0   3   +1.313767050e+04
x_fp   1   0   1   0   2   +5.884112216e+03
x_fp   1   0   1   0   1   -1.369213845e+02
x_fp   1   0   1   0   0   +1.355522913e+01
x_fp   1   0   0   4   0   -5.930917449e+05
x_fp   1   0   0   3   1   -1.050458263e+05
x_fp   1   0   0   3   0   +4.426122480e+03
x_fp   1   0   0   2   2   -2.883080812e+04
x_fp   1   0   0   2   1   +6.462032028e+02
x_fp   1   0   0   2   0   -1.198841870e+01
x_fp   1   0   0   1   3   -7.419824396e+03
x_fp   1   0   0   1   2   -5.717888360e+02
x_fp   1   0   0   1   1   -2.262904486e+01
x_fp   1   0   0   1   0   +4.845630704e-01
x_fp   1   0   0   0   4   -9.372269649e+01
x_fp   1   0   0   0   3   -1.306349147e+01
x_fp   1   0   0   0   2   -8.584614693e+00
x_fp   1   0   0   0   1   +3.255063242e-01
x_fp   1   0   0   0   0   -1.908593526e+00
x_fp   0   5   0   0   0   +5.149707666e+01
x_fp   0   4   1   0   0   +2.111042422e+04
x_fp   0   4   0   1   0   -1.289327974e+03
x_fp   0   4   0   0   1   +4.767364968e+01
x_fp   0   4   0   0   0   -9.947509309e-01
x_fp   0   3   2   0   0   +1.958000367e+05
x_fp   0   3   1   1   0   -2.383495322e+05
x_fp   0   3   1   0   1   -1.234905319e+04
x_fp   0   3   1   0   0   +2.824795049e+01
x_fp   0   3   0   2   0   +9.242686193e+03
x_fp   0   3   0   1   1   -3.129679994e+02
x_fp   0   3   0   1   0   +1.570684655e+02
x_fp   0   3   0   0   2   -3.181212220e+02
x_fp   0   3   0   0   1   +9.591922497e+00
x_fp   0   3   0   0   0   -5.957284845e-01
x_fp   0   2   3   0   0   -3.503402529e+06
x_fp   0   2   2   1   0   -1.140432394e+06
x_fp   0   2   2   0   1   -1.719258651e+05
x_fp   0   2   2   0   0   -4.915504152e+03
x_fp   0   2   1   2   0   +1.047624337e+06
x_fp   0   2   1   1   1   +7.561750981e+04
x_fp   0   2   1   1   0   -1.927340828e+03
x_fp   0   2   1   0   2   +1.749539509e+04
x_fp   0   2   1   0   1   +9.142933414e+02
x_fp   0   2   1   0   0   -2.030783464e+00
x_fp   0   2   0   3   0   -3.213361972e+04
x_fp   0   2   0   2   1   -5.567540406e+03
x_fp   0   2   0   2   0   -8.057396428e+02
x_fp   0   2   0   1   2   +2.520516161e+03
x_fp   0   2   0   1   1   -9.991194484e+01
x_fp   0   2   0   1   0   +6.044133614e+00
x_fp   0   2   0   0   3   -4.416392223e+02
x_fp   0   2   0   0   2   +5.767953013e+01
x_fp   0   2   0   0   1   -1.891329599e+01
x_fp   0   2   0   0   0   +1.849129739e+00
x_fp   0   1   4   0   0   -1.964390130e+06
x_fp   0   1   3   1   0   +1.542426320e+07
x_fp   0   1   3   0   1   +9.250150232e+05
x_fp   0   1   3   0   0   -5.776406187e+04
x_fp   0   1   2   2   0   +2.478153791e+06
x_fp   0   1   2   1   1   +6.603286611e+05
x_fp   0   1   2   1   0   +1.672709191e+04
x_fp   0   1   2   0   2   +7.146192496e+04
x_fp   0   1   2   0   1   +3.092020786e+03
x_fp   0   1   2   0   0   -1.899219490e+02
x_fp   0   1   1   3   0   -2.046888728e+06
x_fp   0   1   1   2   1   -2.585937380e+05
x_fp   0   1   1   2   0   +9.124301210e+03
x_fp   0   1   1   1   2   -4.505809742e+04
x_fp   0   1   1   1   1   -1.892426684e+03
x_fp   0   1   1   1   0   -9.267905508e+01
x_fp   0   1   1   0   3   -6.359047323e+03
x_fp   0   1   1   0   2   -1.020215482e+03
x_fp   0   1   1   0   1   -4.053195436e+01
x_fp   0   1   1   0   0   +7.239923999e-01
x_fp   0   1   0   4   0   +5.581701899e+04
x_fp   0   1   0   3   1   +2.268003245e+04
x_fp   0   1   0   3   0   +1.499667837e+03
x_fp   0   1   0   2   2   -6.405955771e+03
x_fp   0   1   0   2   1   +2.905810411e+02
x_fp   0   1   0   2   0   -1.838481775e+01
x_fp   0   1   0   1   3   +1.106277231e+02
x_fp   0   1   0   1   2   +1.155883810e+02
x_fp   0   1   0   1   1   +5.619167139e+00
x_fp   0   1   0   1   0   -1.652227416e+01
x_fp   0   1   0   0   4   -4.423930534e+01
x_fp   0   1   0   0   3   -1.034601136e+00
x_fp   0   1   0   0   2   -5.983749676e-01
x_fp   0   1   0   0   1   +1.069797184e-02
x_fp   0   1   0   0   0   +5.466524259e-04
x_fp   0   0   5   0   0   +1.033259832e+07
x_fp   0   0   4   1   0   +4.056952527e+06
x_fp   0   0   4   0   1   +2.564465722e+06
x_fp   0   0   4   0   0   +3.441908973e+04
x_fp   0   0   3   2   0   -1.779738849e+07
x_fp   0   0   3   1   1   -4.076044982e+05
x_fp   0   0   3   1   0   +1.466958779e+05
x_fp   0   0   3   0   2   -2.983246823e+05
x_fp   0   0   3   0   1   -1.175588212e+05
x_fp   0   0   3   0   0   +1.386264439e+03
x_fp   0   0   2   3   0   -1.870380112e+06
x_fp   0   0   2   2   1   -8.313276827e+05
x_fp   0   0   2   2   0   -3.004563625e+04
x_fp   0   0   2   1   2   -3.169227114e+04
x_fp   0   0   2   1   1   -4.031765262e+03
x_fp   0   0   2   1   0   +2.699236873e+02
x_fp   0   0   2   0   3   -2.680275531e+03
x_fp   0   0   2   0   2   -8.956816384e+03
x_fp   0   0   2   0   1   +1.621048541e+02
x_fp   0   0   2   0   0   -4.045006162e+01
x_fp   0   0   1   4   0   +1.433358779e+06
x_fp   0   0   1   3   1   +2.319806516e+05
x_fp   0   0   1   3   0   -1.154128242e+04
x_fp   0   0   1   2   2   +7.192568894e+04
x_fp   0   0   1   2   1   -1.470981675e+03
x_fp   0   0   1   2   0   +2.278006105e+02
x_fp   0   0   1   1   3   +1.834367887e+04
x_fp   0   0   1   1   2   +1.305212721e+03
x_fp   0   0   1   1   1   +6.959425427e+01
x_fp   0   0   1   1   0   -1.358594435e+00
x_fp   0   0   1   0   4   +1.022074785e+03
x_fp   0   0   1   0   3   -2.391705954e+01
x_fp   0   0   1   0   2   -4.825329805e+01
x_fp   0   0   1   0   1   +1.342494699e+01
x_fp   0   0   1   0   0   +4.920824812e+00
x_fp   0   0   0   5   0   -3.799117185e+04
x_fp   0   0   0   4   1   -2.969486029e+04
x_fp   0   0   0   4   0   -1.285792999e+03
x_fp   0   0   0   3   2   +5.132196873e+03
x_fp   0   0   0   3   1   -2.599913111e+02
x_fp   0   0   0   3   0   +1.772615640e+01
x_fp   0   0   0   2   3   +4.761127214e+03
x_fp   0   0   0   2   2   +5.965657246e+02
x_fp   0   0   0   2   1   +1.900849580e+02
x_fp   0   0   0   2   0   +2.118859910e+01
x_fp   0   0   0   1   4   +6.284287306e+01
x_fp   0   0   0   1   3   -5.706033382e+00
x_fp   0   0   0   1   2   +1.739074060e+00
x_fp   0   0   0   1   1   -1.217020436e-02
x_fp   0   0   0   1   0   -1.537860592e-03
x_fp   0   0   0   0   5   +5.181737488e+02
x_fp   0   0   0   0   4   -1.608019497e+02
x_fp   0   0   0   0   3   +5.255384829e+01
x_fp   0   0   0   0   2   -2.346474678e+01
x_fp   0   0   0   0   1   +1.351331939e+01
x_fp   0   0   0   0   0   -1.017566897e-05
y_fp   5   0   0   0   0   -5.025385282e+03
y_fp   4   1   0   0   0   +2.724149743e+03
y_fp   4   0   1   0   0   +6.996534660e+04
y_fp   4   0   0   1   0   -1.212498736e+04
y_fp   4   0   0   0   1   +1.161400760e+04
y_fp   4   0   0   0   0   +1.929417868e+02
y_fp   3   2   0   0   0   +5.216081048e+03
y_fp   3   1   1   0   0   -2.969461675e+04
y_fp   3   1   0   1   0   -1.817501136e+04
y_fp   3   1   0   0   1   -3.816147487e+03
y_fp   3   1   0   0   0   +1.466548199e+02
y_fp   3   0   2   0   0   -3.953441818e+05
y_fp   3   0   1   1   0   +1.374938628e+05
y_fp   3   0   1   0   1   -1.325045159e+05
y_fp   3   0   1   0   0   -2.205760917e+03
y_fp   3   0   0   2   0   +1.341483426e+04
y_fp   3   0   0   1   1   +1.030889311e+04
y_fp   3   0   0   1   0   -2.995500592e+01
y_fp   3   0   0   0   2   -1.623705540e+03
y_fp   3   0   0   0   1   -1.909121691e+02
y_fp   3   0   0   0   0   +7.238143671e+00
y_fp   2   3   0   0   0   +1.056521955e+03
y_fp   2   2   1   0   0   -4.276590356e+04
y_fp   2   2   0   1   0   -9.788062964e+03
y_fp   2   2   0   0   1   -3.252530196e+03
y_fp   2   2   0   0   0   -4.606003205e+00
y_fp   2   1   2   0   0   +1.230186785e+05
y_fp   2   1   1   1   0   +1.480748844e+05
y_fp   2   1   1   0   1   +3.091659518e+04
y_fp   2   1   1   0   0   -1.173661101e+03
y_fp   2   1   0   2   0   +2.441794141e+04
y_fp   2   1   0   1   1   +1.918526725e+04
y_fp   2   1   0   1   0   +1.647558145e+01
y_fp   2   1   0   0   2   +1.847393839e+03
y_fp   2   1   0   0   1   +2.245469320e+02
y_fp   2   1   0   0   0   -1.626098113e+00
y_fp   2   0   3   0   0   +1.131833374e+06
y_fp   2   0   2   1   0   -5.896600411e+05
y_fp   2   0   2   0   1   +5.708562599e+05
y_fp   2   0   2   0   0   +9.491774770e+03
y_fp   2   0   1   2   0   -1.035660686e+05
y_fp   2   0   1   1   1   -9.030378813e+04
y_fp   2   0   1   1   0   +2.347351644e+02
y_fp   2   0   1   0   2   +1.661638520e+04
y_fp   2   0   1   0   1   +1.644610084e+03
y_fp   2   0   1   0   0   -5.977776468e+01
y_fp   2   0   0   3   0   -1.566551872e+04
y_fp   2   0   0   2   1   -2.834837075e+04
y_fp   2   0   0   2   0   -1.194853588e+02
y_fp   2   0   0   1   2   -4.271727767e+03
y_fp   2   0   0   1   1   +4.141304288e+01
y_fp   2   0   0   1   0   +5.280840627e+00
y_fp   2   0   0   0   3   -1.149785967e+02
y_fp   2   0   0   0   2   -1.127883136e+02
y_fp   2   0   0   0   1   -1.433351817e+00
y_fp   2   0   0   0   0   +6.157316501e-02
y_fp   1   4   0   0   0   -4.179434136e+01
y_fp   1   3   1   0   0   -5.610589018e+03
y_fp   1   3   0   1   0   +1.748992616e+02
y_fp   1   3   0   0   1   -2.641928067e+02
y_fp   1   3   0   0   0   -1.406365414e+01
y_fp   1   2   2   0   0   +1.162469072e+05
y_fp   1   2   1   1   0   +5.182186007e+04
y_fp   1   2   1   0   1   +1.762907216e+04
y_fp   1   2   1   0   0   +2.426614368e+01
y_fp   1   2   0   2   0   -8.658389750e+02
y_fp   1   2   0   1   1   +3.100694941e+03
y_fp   1   2   0   1   0   +1.560539630e+02
y_fp   1   2   0   0   2   +3.055515769e+02
y_fp   1   2   0   0   1   -6.420499305e+00
y_fp   1   2   0   0   0   -5.497051553e-02
y_fp   1   1   3   0   0   -2.287821966e+05
y_fp   1   1   2   1   0   -3.970656412e+05
y_fp   1   1   2   0   1   -8.152855586e+04
y_fp   1   1   2   0   0   +3.221392105e+03
y_fp   1   1   1   2   0   -1.282057135e+05
y_fp   1   1   1   1   1   -9.793016738e+04
y_fp   1   1   1   1   0   -1.469106977e+02
y_fp   1   1   1   0   2   -1.035576457e+04
y_fp   1   1   1   0   1   -1.158086882e+03
y_fp   1   1   1   0   0   +1.905339809e+01
y_fp   1   1   0   3   0   +2.395880567e+03
y_fp   1   1   0   2   1   -9.815420454e+03
y_fp   1   1   0   2   0   -4.455731160e+02
y_fp   1   1   0   1   2   -5.250018256e+03
y_fp   1   1   0   1   1   +2.823459881e+01
y_fp   1   1   0   1   0   +3.004999635e+00
y_fp   1   1   0   0   3   -3.003685544e+02
y_fp   1   1   0   0   2   +5.852938112e+01
y_fp   1   1   0   0   1   -6.417555671e+00
y_fp   1   1   0   0   0   +7.443698201e-01
y_fp   1   0   4   0   0   -1.638445935e+06
y_fp   1   0   3   1   0   +1.136003061e+06
y_fp   1   0   3   0   1   -1.104921557e+06
y_fp   1   0   3   0   0   -1.821347076e+04
y_fp   1   0   2   2   0   +2.602982719e+05
y_fp   1   0   2   1   1   +2.619488119e+05
y_fp   1   0   2   1   0   -9.044031623e+02
y_fp   1   0   2   0   2   -5.594740507e+04
y_fp   1   0   2   0   1   -4.724841405e+03
y_fp   1   0   2   0   0   +1.644426803e+02
y_fp   1   0   1   3   0   +7.941386103e+04
y_fp   1   0   1   2   1   +1.573049841e+05
y_fp   1   0   1   2   0   +8.236415451e+02
y_fp   1   0   1   1   2   +1.959402181e+04
y_fp   1   0   1   1   1   -8.247865115e+02
y_fp   1   0   1   1   0   -3.366211851e+01
y_fp   1   0   1   0   3   -2.956872733e+02
y_fp   1   0   1   0   2   +6.438708512e+02
y_fp   1   0   1   0   1   +1.282471268e+01
y_fp   1   0   1   0   0   -3.464744029e-01
y_fp   1   0   0   4   0   -9.555706669e+02
y_fp   1   0   0   3   1   +7.557389680e+03
y_fp   1   0   0   3   0   +3.954736660e+02
y_fp   1   0   0   2   2   +1.110838189e+04
y_fp   1   0   0   2   1   -4.923433235e+01
y_fp   1   0   0   2   0   -8.400044438e+00
y_fp   1   0   0   1   3   +3.227087754e+02
y_fp   1   0   0   1   2   -1.760522487e+02
y_fp   1   0   0   1   1   +1.046237203e+01
y_fp   1   0   0   1   0   -3.629870937e+00
y_fp   1   0   0   0   4   -5.018934140e+02
y_fp   1   0   0   0   3   +2.668238206e+00
y_fp   1   0   0   0   2   +1.433465844e+00
y_fp   1   0   0   0   1   +4.876423712e-03
y_fp   1   0   0   0   0   -3.389537891e-04
y_fp   0   5   0   0   0   +2.134349516e+01
y_fp   0   4   1   0   0   +7.344151007e+01
y_fp   0   4   0   1   0   +4.680267092e+01
y_fp   0   4   0   0   1   +1.946353232e+02
y_fp   0   4   0   0   0   +2.831880913e-01
y_fp   0   3   2   0   0   +8.889887971e+03
y_fp   0   3   1   1   0   -3.641223654e+02
y_fp   0   3   1   0   1   +8.537720762e+02
y_fp   0   3   1   0   0   +1.011273691e+02
y_fp   0   3   0   2   0   -5.407758700e+02
y_fp   0   3   0   1   1   -1.379875309e+03
y_fp   0   3   0   1   0   -2.385908044e+00
y_fp   0   3   0   0   2   +2.808838955e+02
y_fp   0   3   0   0   1   -7.074441027e+01
y_fp   0   3   0   0   0   +5.298690807e+00
y_fp   0   2   3   0   0   -1.047026610e+05
y_fp   0   2   2   1   0   -7.758235282e+04
y_fp   0   2   2   0   1   -2.397226764e+04
y_fp   0   2   2   0   0   -3.098534770e+01
y_fp   0   2   1   2   0   +3.573100373e+03
y_fp   0   2   1   1   1   -1.443479187e+04
y_fp   0   2   1   1   0   -8.675062425e+02
y_fp   0   2   1   0   2   -9.050635257e+02
y_fp   0   2   1   0   1   +1.370117330e+01
y_fp   0   2   1   0   0   +2.400983637e-01
y_fp   0   2   0   3   0   +3.339972283e+02
y_fp   0   2   0   2   1   +2.929058330e+03
y_fp   0   2   0   2   0   +1.134566469e+01
y_fp   0   2   0   1   2   +4.086266623e+02
y_fp   0   2   0   1   1   +8.477301700e+01
y_fp   0   2   0   1   0   -3.784922730e+01
y_fp   0   2   0   0   3   +1.493537779e+02
y_fp   0   2   0   0   2   +4.576341349e+00
y_fp   0   2   0   0   1   -1.733267980e-01
y_fp   0   2   0   0   0   -1.716601813e-03
y_fp   0   1   4   0   0   +1.598772982e+05
y_fp   0   1   3   1   0   +3.491421259e+05
y_fp   0   1   3   0   1   +6.779387202e+04
y_fp   0   1   3   0   0   -3.243618040e+03
y_fp   0   1   2   2   0   +1.899344138e+05
y_fp   0   1   2   1   1   +1.240164598e+05
y_fp   0   1   2   1   0   +2.670550688e+02
y_fp   0   1   2   0   2   +1.646205093e+04
y_fp   0   1   2   0   1   +1.048425953e+03
y_fp   0   1   2   0   0   -4.138656122e+01
y_fp   0   1   1   3   0   -1.220337540e+04
y_fp   0   1   1   2   1   +5.022910545e+04
y_fp   0   1   1   2   0   +1.893202118e+03
y_fp   0   1   1   1   2   +1.560443813e+04
y_fp   0   1   1   1   1   -6.087224822e+01
y_fp   0   1   1   1   0   -8.903902659e+00
y_fp   0   1   1   0   3   +5.563297384e+02
y_fp   0   1   1   0   2   -4.762181972e+01
y_fp   0   1   1   0   1   +4.087880750e+00
y_fp   0   1   1   0   0   -4.199562018e+00
y_fp   0   1   0   4   0   +1.982694084e+03
y_fp   0   1   0   3   1   -1.409327319e+03
y_fp   0   1   0   3   0   -4.012852568e+01
y_fp   0   1   0   2   2   +3.469904157e+03
y_fp   0   1   0   2   1   +5.703635494e+02
y_fp   0   1   0   2   0   +1.341085531e+02
y_fp   0   1   0   1   3   -5.455212059e+02
y_fp   0   1   0   1   2   -2.090755211e+01
y_fp   0   1   0   1   1   +9.082548932e-01
y_fp   0   1   0   1   0   +1.206320678e-02
y_fp   0   1   0   0   4   +1.326764664e+03
y_fp   0   1   0   0   3   -3.006231335e+02
y_fp   0   1   0   0   2   +5.913147290e+01
y_fp   0   1   0   0   1   -8.814248479e+00
y_fp   0   1   0   0   0   +1.998356548e-01
y_fp   0   0   5   0   0   +9.570137014e+05
y_fp   0   0   4   1   0   -8.329964450e+05
y_fp   0   0   4   0   1   +8.133983482e+05
y_fp   0   0   4   0   0   +1.313675423e+04
y_fp   0   0   3   2   0   -2.092301462e+05
y_fp   0   0   3   1   1   -2.527946241e+05
y_fp   0   0   3   1   0   +1.689151975e+03
y_fp   0   0   3   0   2   +6.204783502e+04
y_fp   0   0   3   0   1   +4.526634224e+03
y_fp   0   0   3   0   0   -1.505427975e+02
y_fp   0   0   2   3   0   -1.193962703e+05
y_fp   0   0   2   2   1   -2.176128031e+05
y_fp   0   0   2   2   0   -1.317496211e+03
y_fp   0   0   2   1   2   -1.817740517e+04
y_fp   0   0   2   1   1   +2.912944524e+03
y_fp   0   0   2   1   0   +7.953012761e+01
y_fp   0   0   2   0   3   +1.682644535e+03
y_fp   0   0   2   0   2   -9.230814241e+02
y_fp   0   0   2   0   1   -2.497111429e+01
y_fp   0   0   2   0   0   +4.966359811e-01
y_fp   0   0   1   4   0   +8.561496219e+03
y_fp   0   0   1   3   1   -4.273124370e+04
y_fp   0   0   1   3   0   -1.497523571e+03
y_fp   0   0   1   2   2   -3.314470967e+04
y_fp   0   0   1   2   1   +1.273040673e+02
y_fp   0   0   1   2   0   +2.423441592e+01
y_fp   0   0   1   1   3   -6.572376705e+02
y_fp   0   0   1   1   2   +8.829263836e+02
y_fp   0   0   1   1   1   +2.248423269e+01
y_fp   0   0   1   1   0   +2.278629740e+01
y_fp   0   0   1   0   4   +1.385461020e+03
y_fp   0   0   1   0   3   -8.168208012e+00
y_fp   0   0   1   0   2   -4.011949518e+00
y_fp   0   0   1   0   1   -1.310863184e-02
y_fp   0   0   1   0   0   +8.969915984e-04
y_fp   0   0   0   5   0   -4.171764242e+02
y_fp   0   0   0   4   1   -1.041542230e+03
y_fp   0   0   0   4   0   +4.467502411e+01
y_fp   0   0   0   3   2   -1.432466420e+04
y_fp   0   0   0   3   1   -1.872204225e+03
y_fp   0   0   0   3   0   -1.302205158e+02
y_fp   0   0   0   2   3   +2.652176706e+02
y_fp   0   0   0   2   2   +2.665288411e+01
y_fp   0   0   0   2   1   -1.070427213e+00
y_fp   0   0   0   2   0   -1.374391489e-02
y_fp   0   0   0   1   4   +6.748841349e+01
y_fp   0   0   0   1   3   +5.915659575e+01
y_fp   0   0   0   1   2   -2.664585143e+01
y_fp   0   0   0   1   1   +1.478255456e+01
y_fp   0   0   0   1   0   -2.070172473e+00
y_fp   0   0   0   0   5   +5.332758532e+00
y_fp   0   0   0   0   4   -5.843926372e-01
y_fp   0   0   0   0   3   +3.450804234e-02
y_fp   0   0   0   0   2   +2.278822846e-03
y_fp   0   0   0   0   1   +2.110818941e-05
y_fp   0   0   0   0   0   +5.158357690e-03
