# Polynomial metadata: 
# -- Order: 4
# -- Trained on data: 'data/mc/mc_L_production.root'
# -- Input branches: { x_q1 y_q1 dxdz_q1 dydz_q1 dpp_q1 }
# -- Time created: Thu Jan 22 10:43:59 2026

poly-DoF 5
is-RHRS 0
dpp_sv   4   0   0   0   0   +1.039669524e+04
dpp_sv   3   1   0   0   0   +1.895611548e+02
dpp_sv   3   0   1   0   0   -1.149425420e+05
dpp_sv   3   0   0   1   0   +6.131430802e+02
dpp_sv   3   0   0   0   1   +1.324213930e+03
dpp_sv   3   0   0   0   0   +1.096247194e+02
dpp_sv   2   2   0   0   0   -5.433775970e+03
dpp_sv   2   1   1   0   0   +4.901500745e+03
dpp_sv   2   1   0   1   0   +2.363433846e+04
dpp_sv   2   1   0   0   1   +8.867349605e+03
dpp_sv   2   1   0   0   0   -3.103404261e+02
dpp_sv   2   0   2   0   0   +4.759888460e+05
dpp_sv   2   0   1   1   0   -1.947411703e+04
dpp_sv   2   0   1   0   1   -1.192545251e+04
dpp_sv   2   0   1   0   0   -9.762785163e+02
dpp_sv   2   0   0   2   0   -2.968022728e+04
dpp_sv   2   0   0   1   1   -2.540458374e+04
dpp_sv   2   0   0   1   0   +8.827231364e+02
dpp_sv   2   0   0   0   2   -1.368707596e+03
dpp_sv   2   0   0   0   1   -1.524049280e+02
dpp_sv   2   0   0   0   0   +1.140264198e+01
dpp_sv   1   3   0   0   0   +4.315141178e+01
dpp_sv   1   2   1   0   0   +3.014833288e+04
dpp_sv   1   2   0   1   0   -1.826590488e+03
dpp_sv   1   2   0   0   1   -3.847947129e+02
dpp_sv   1   2   0   0   0   -4.737405097e-02
dpp_sv   1   1   2   0   0   -2.953607021e+04
dpp_sv   1   1   1   1   0   -1.355151541e+05
dpp_sv   1   1   1   0   1   -4.664279491e+04
dpp_sv   1   1   1   0   0   +1.591059103e+03
dpp_sv   1   1   0   2   0   +8.524132998e+03
dpp_sv   1   1   0   1   1   +2.711151379e+03
dpp_sv   1   1   0   1   0   +5.837358344e+01
dpp_sv   1   1   0   0   2   -1.900334526e+02
dpp_sv   1   1   0   0   1   +8.025874731e+00
dpp_sv   1   1   0   0   0   -2.636572428e-02
dpp_sv   1   0   3   0   0   -8.749701867e+05
dpp_sv   1   0   2   1   0   +8.660572982e+04
dpp_sv   1   0   2   0   1   +3.469603813e+04
dpp_sv   1   0   2   0   0   +2.883940055e+03
dpp_sv   1   0   1   2   0   +1.763342301e+05
dpp_sv   1   0   1   1   1   +1.304174600e+05
dpp_sv   1   0   1   1   0   -4.248990206e+03
dpp_sv   1   0   1   0   2   +6.498509336e+03
dpp_sv   1   0   1   0   1   +8.935543504e+02
dpp_sv   1   0   1   0   0   -6.381285422e+01
dpp_sv   1   0   0   3   0   -1.068643455e+04
dpp_sv   1   0   0   2   1   -4.654340049e+03
dpp_sv   1   0   0   2   0   -1.265873484e+02
dpp_sv   1   0   0   1   2   +3.364035388e+02
dpp_sv   1   0   0   1   1   -2.136465465e+01
dpp_sv   1   0   0   1   0   +2.019293225e-01
dpp_sv   1   0   0   0   3   +1.121654655e+01
dpp_sv   1   0   0   0   2   +1.911931923e+00
dpp_sv   1   0   0   0   1   +1.052910916e-01
dpp_sv   1   0   0   0   0   -2.517835762e-03
dpp_sv   0   4   0   0   0   +2.056666277e+02
dpp_sv   0   3   1   0   0   -2.061535739e+02
dpp_sv   0   3   0   1   0   -1.754667339e+03
dpp_sv   0   3   0   0   1   -2.370108824e+01
dpp_sv   0   3   0   0   0   -4.381614387e+00
dpp_sv   0   2   2   0   0   -4.159235408e+04
dpp_sv   0   2   1   1   0   +5.515907595e+03
dpp_sv   0   2   1   0   1   +1.031867416e+03
dpp_sv   0   2   1   0   0   -4.069096609e+00
dpp_sv   0   2   0   2   0   +5.389016608e+03
dpp_sv   0   2   0   1   1   +2.415525568e+02
dpp_sv   0   2   0   1   0   +3.053620934e+01
dpp_sv   0   2   0   0   2   -2.096789807e+01
dpp_sv   0   2   0   0   1   +3.680617669e-01
dpp_sv   0   2   0   0   0   -3.532293113e-02
dpp_sv   0   1   3   0   0   +4.022241041e+04
dpp_sv   0   1   2   1   0   +1.908254519e+05
dpp_sv   0   1   2   0   1   +6.093690004e+04
dpp_sv   0   1   2   0   0   -2.020007665e+03
dpp_sv   0   1   1   2   0   -2.368834299e+04
dpp_sv   0   1   1   1   1   -7.034523259e+03
dpp_sv   0   1   1   1   0   -1.315112460e+02
dpp_sv   0   1   1   0   2   +5.125151454e+02
dpp_sv   0   1   1   0   1   -1.966713156e+01
dpp_sv   0   1   1   0   0   +4.372513780e-02
dpp_sv   0   1   0   3   0   -7.204955908e+03
dpp_sv   0   1   0   2   1   -1.090835189e+03
dpp_sv   0   1   0   2   0   -6.912035060e+01
dpp_sv   0   1   0   1   2   +1.232477266e+01
dpp_sv   0   1   0   1   1   +7.969962397e+00
dpp_sv   0   1   0   1   0   +2.834823253e-01
dpp_sv   0   1   0   0   3   -8.773399033e+00
dpp_sv   0   1   0   0   2   +1.144902862e+00
dpp_sv   0   1   0   0   1   -3.588862610e-02
dpp_sv   0   1   0   0   0   +1.741327773e-03
dpp_sv   0   0   4   0   0   +6.023542795e+05
dpp_sv   0   0   3   1   0   -1.038286529e+05
dpp_sv   0   0   3   0   1   -3.280898097e+04
dpp_sv   0   0   3   0   0   -2.828548586e+03
dpp_sv   0   0   2   2   0   -2.516665328e+05
dpp_sv   0   0   2   1   1   -1.651678993e+05
dpp_sv   0   0   2   1   0   +4.969973011e+03
dpp_sv   0   0   2   0   2   -7.499463136e+03
dpp_sv   0   0   2   0   1   -1.310113059e+03
dpp_sv   0   0   2   0   0   +8.929219253e+01
dpp_sv   0   0   1   3   0   +2.848192823e+04
dpp_sv   0   0   1   2   1   +1.192257906e+04
dpp_sv   0   0   1   2   0   +2.932193216e+02
dpp_sv   0   0   1   1   2   -8.507576610e+02
dpp_sv   0   0   1   1   1   +4.713292298e+01
dpp_sv   0   0   1   1   0   -4.163360878e-01
dpp_sv   0   0   1   0   3   -1.052900883e+01
dpp_sv   0   0   1   0   2   -6.160164395e+00
dpp_sv   0   0   1   0   1   -2.591069516e-01
dpp_sv   0   0   1   0   0   +8.170536869e-03
dpp_sv   0   0   0   4   0   +3.781348606e+03
dpp_sv   0   0   0   3   1   +1.603741728e+03
dpp_sv   0   0   0   3   0   +4.887032655e+01
dpp_sv   0   0   0   2   2   +1.017942984e+02
dpp_sv   0   0   0   2   1   -2.723354013e+01
dpp_sv   0   0   0   2   0   -4.510685603e-01
dpp_sv   0   0   0   1   3   +3.959093069e+01
dpp_sv   0   0   0   1   2   -5.369743409e+00
dpp_sv   0   0   0   1   1   +1.056515111e-01
dpp_sv   0   0   0   1   0   -3.934623615e-03
dpp_sv   0   0   0   0   4   +1.011437789e+01
dpp_sv   0   0   0   0   3   -3.417817998e-01
dpp_sv   0   0   0   0   2   +1.235491020e-02
dpp_sv   0   0   0   0   1   +1.001425931e+00
dpp_sv   0   0   0   0   0   -5.148315341e-04
dxdz_sv   4   0   0   0   0   +1.528122227e+03
dxdz_sv   3   1   0   0   0   -6.699743758e+03
dxdz_sv   3   0   1   0   0   -2.167978916e+04
dxdz_sv   3   0   0   1   0   +1.714921013e+04
dxdz_sv   3   0   0   0   1   -2.436788177e+03
dxdz_sv   3   0   0   0   0   +4.697396282e+02
dxdz_sv   2   2   0   0   0   +6.014158778e+02
dxdz_sv   2   1   1   0   0   +5.794611786e+04
dxdz_sv   2   1   0   1   0   -5.494643542e+03
dxdz_sv   2   1   0   0   1   +1.561422999e+03
dxdz_sv   2   1   0   0   0   -2.115472200e+01
dxdz_sv   2   0   2   0   0   +1.092027887e+05
dxdz_sv   2   0   1   1   0   -1.327645752e+05
dxdz_sv   2   0   1   0   1   +2.151903463e+04
dxdz_sv   2   0   1   0   0   -3.997842928e+03
dxdz_sv   2   0   0   2   0   +8.358519874e+03
dxdz_sv   2   0   0   1   1   -3.234732834e+03
dxdz_sv   2   0   0   1   0   +4.333219279e+01
dxdz_sv   2   0   0   0   2   -5.716313720e+02
dxdz_sv   2   0   0   0   1   -6.245669950e+00
dxdz_sv   2   0   0   0   0   +6.459556604e-01
dxdz_sv   1   3   0   0   0   +2.667687846e+03
dxdz_sv   1   2   1   0   0   -2.706401479e+03
dxdz_sv   1   2   0   1   0   -1.336096273e+04
dxdz_sv   1   2   0   0   1   -1.654940528e+03
dxdz_sv   1   2   0   0   0   +6.585650257e+01
dxdz_sv   1   1   2   0   0   -1.614139038e+05
dxdz_sv   1   1   1   1   0   +2.595771911e+04
dxdz_sv   1   1   1   0   1   -8.627002810e+03
dxdz_sv   1   1   1   0   0   +1.087176419e+02
dxdz_sv   1   1   0   2   0   +2.333159891e+04
dxdz_sv   1   1   0   1   1   +7.026465500e+03
dxdz_sv   1   1   0   1   0   -1.600567708e+02
dxdz_sv   1   1   0   0   2   +2.481585698e+02
dxdz_sv   1   1   0   0   1   -4.554993468e-01
dxdz_sv   1   1   0   0   0   -5.968452063e+00
dxdz_sv   1   0   3   0   0   -2.355519981e+05
dxdz_sv   1   0   2   1   0   +3.334031768e+05
dxdz_sv   1   0   2   0   1   -6.310940075e+04
dxdz_sv   1   0   2   0   0   +1.124301225e+04
dxdz_sv   1   0   1   2   0   -3.802730861e+04
dxdz_sv   1   0   1   1   1   +1.803963394e+04
dxdz_sv   1   0   1   1   0   -2.254673179e+02
dxdz_sv   1   0   1   0   2   +3.063201901e+03
dxdz_sv   1   0   1   0   1   +3.763522131e+01
dxdz_sv   1   0   1   0   0   -3.722516598e+00
dxdz_sv   1   0   0   3   0   -1.515057150e+04
dxdz_sv   1   0   0   2   1   -7.557570361e+03
dxdz_sv   1   0   0   2   0   +3.834198636e+01
dxdz_sv   1   0   0   1   2   -4.940096418e+02
dxdz_sv   1   0   0   1   1   -1.617843426e+01
dxdz_sv   1   0   0   1   0   +9.186095670e+00
dxdz_sv   1   0   0   0   3   +6.356716735e+01
dxdz_sv   1   0   0   0   2   -1.403380828e+00
dxdz_sv   1   0   0   0   1   +5.219183463e-01
dxdz_sv   1   0   0   0   0   +2.083449816e-02
dxdz_sv   0   4   0   0   0   -3.555885561e+01
dxdz_sv   0   3   1   0   0   -7.269774408e+03
dxdz_sv   0   3   0   1   0   +3.227201587e+02
dxdz_sv   0   3   0   0   1   +3.187562645e+01
dxdz_sv   0   3   0   0   0   -9.951169613e-01
dxdz_sv   0   2   2   0   0   +2.957899350e+03
dxdz_sv   0   2   1   1   0   +3.528499905e+04
dxdz_sv   0   2   1   0   1   +4.160316553e+03
dxdz_sv   0   2   1   0   0   -1.231350752e+02
dxdz_sv   0   2   0   2   0   -1.073386106e+03
dxdz_sv   0   2   0   1   1   -1.709687852e+02
dxdz_sv   0   2   0   1   0   +9.360823223e+00
dxdz_sv   0   2   0   0   2   +3.071105347e+00
dxdz_sv   0   2   0   0   1   +6.227841150e-01
dxdz_sv   0   2   0   0   0   -2.299057772e-02
dxdz_sv   0   1   3   0   0   +1.470747649e+05
dxdz_sv   0   1   2   1   0   -3.024533133e+04
dxdz_sv   0   1   2   0   1   +1.186963831e+04
dxdz_sv   0   1   2   0   0   -1.405866341e+02
dxdz_sv   0   1   1   2   0   -5.935854871e+04
dxdz_sv   0   1   1   1   1   -1.711091139e+04
dxdz_sv   0   1   1   1   0   +2.512086881e+02
dxdz_sv   0   1   1   0   2   -5.605932719e+02
dxdz_sv   0   1   1   0   1   -7.833234975e+00
dxdz_sv   0   1   1   0   0   +1.128757612e+01
dxdz_sv   0   1   0   3   0   +1.590568479e+03
dxdz_sv   0   1   0   2   1   +2.295859323e+02
dxdz_sv   0   1   0   2   0   -3.050673160e+01
dxdz_sv   0   1   0   1   2   -5.890814796e+01
dxdz_sv   0   1   0   1   1   -2.931102658e+00
dxdz_sv   0   1   0   1   0   +1.565044498e-01
dxdz_sv   0   1   0   0   3   -1.998723227e+00
dxdz_sv   0   1   0   0   2   +5.467345404e-02
dxdz_sv   0   1   0   0   1   -1.137269318e-02
dxdz_sv   0   1   0   0   0   +6.783655224e-04
dxdz_sv   0   0   4   0   0   +1.853989032e+05
dxdz_sv   0   0   3   1   0   -2.721533610e+05
dxdz_sv   0   0   3   0   1   +6.141829123e+04
dxdz_sv   0   0   3   0   0   -1.049607177e+04
dxdz_sv   0   0   2   2   0   +4.213240125e+04
dxdz_sv   0   0   2   1   1   -2.497998103e+04
dxdz_sv   0   0   2   1   0   +2.982982592e+02
dxdz_sv   0   0   2   0   2   -4.087807449e+03
dxdz_sv   0   0   2   0   1   -5.598835372e+01
dxdz_sv   0   0   2   0   0   +5.331850380e+00
dxdz_sv   0   0   1   3   0   +3.578743561e+04
dxdz_sv   0   0   1   2   1   +1.726464499e+04
dxdz_sv   0   0   1   2   0   +5.841800166e+01
dxdz_sv   0   0   1   1   2   +9.740695252e+02
dxdz_sv   0   0   1   1   1   +7.080513967e+01
dxdz_sv   0   0   1   1   0   -1.938283406e+01
dxdz_sv   0   0   1   0   3   -1.836280138e+02
dxdz_sv   0   0   1   0   2   +4.968530520e+00
dxdz_sv   0   0   1   0   1   -1.165918811e+00
dxdz_sv   0   0   1   0   0   +9.576091159e-01
dxdz_sv   0   0   0   4   0   -8.152727033e+02
dxdz_sv   0   0   0   3   1   -2.738564377e+00
dxdz_sv   0   0   0   3   0   +3.437497075e+01
dxdz_sv   0   0   0   2   2   +1.396424023e+02
dxdz_sv   0   0   0   2   1   +3.996925510e+00
dxdz_sv   0   0   0   2   0   -3.276878831e-01
dxdz_sv   0   0   0   1   3   +1.973629143e+01
dxdz_sv   0   0   0   1   2   -5.818722483e-01
dxdz_sv   0   0   0   1   1   -1.215566232e-03
dxdz_sv   0   0   0   1   0   -2.005788754e-03
dxdz_sv   0   0   0   0   4   +3.918516402e+00
dxdz_sv   0   0   0   0   3   -1.392303731e-01
dxdz_sv   0   0   0   0   2   -3.950163535e-03
dxdz_sv   0   0   0   0   1   -9.530190286e-07
dxdz_sv   0   0   0   0   0   +5.947852430e-06
dydz_sv   4   0   0   0   0   +6.475516564e+02
dydz_sv   3   1   0   0   0   -3.008056658e+02
dydz_sv   3   0   1   0   0   +6.223222818e+03
dydz_sv   3   0   0   1   0   -3.894336106e+03
dydz_sv   3   0   0   0   1   +4.393974839e+03
dydz_sv   3   0   0   0   0   +1.271656039e+02
dydz_sv   2   2   0   0   0   +6.727143967e+03
dydz_sv   2   1   1   0   0   +3.185622210e+03
dydz_sv   2   1   0   1   0   -1.585001788e+04
dydz_sv   2   1   0   0   1   -1.568618061e+03
dydz_sv   2   1   0   0   0   +5.833978349e+02
dydz_sv   2   0   2   0   0   -7.581637627e+04
dydz_sv   2   0   1   1   0   +3.352631534e+04
dydz_sv   2   0   1   0   1   -3.556131980e+04
dydz_sv   2   0   1   0   0   -1.043513706e+03
dydz_sv   2   0   0   2   0   +6.121129061e+03
dydz_sv   2   0   0   1   1   +2.778756241e+03
dydz_sv   2   0   0   1   0   -1.304945268e+03
dydz_sv   2   0   0   0   2   -3.125709390e+02
dydz_sv   2   0   0   0   1   -8.075857108e+01
dydz_sv   2   0   0   0   0   -1.380597986e+01
dydz_sv   1   3   0   0   0   +9.739387753e+02
dydz_sv   1   2   1   0   0   -3.437713465e+04
dydz_sv   1   2   0   1   0   -7.775909794e+03
dydz_sv   1   2   0   0   1   -6.108237021e+02
dydz_sv   1   2   0   0   0   +1.903812807e+01
dydz_sv   1   1   2   0   0   -1.024320328e+04
dydz_sv   1   1   1   1   0   +8.642977528e+04
dydz_sv   1   1   1   0   1   +9.084225328e+03
dydz_sv   1   1   1   0   0   -2.953071040e+03
dydz_sv   1   1   0   2   0   +2.131734573e+04
dydz_sv   1   1   0   1   1   +3.013525588e+03
dydz_sv   1   1   0   1   0   -9.644295681e+01
dydz_sv   1   1   0   0   2   +6.276873345e+01
dydz_sv   1   1   0   0   1   -1.231604317e+00
dydz_sv   1   1   0   0   0   -4.231979765e-01
dydz_sv   1   0   3   0   0   +2.230577067e+05
dydz_sv   1   0   2   1   0   -9.626501211e+04
dydz_sv   1   0   2   0   1   +9.574579672e+04
dydz_sv   1   0   2   0   0   +2.852250653e+03
dydz_sv   1   0   1   2   0   -5.149030487e+04
dydz_sv   1   0   1   1   1   -1.931738438e+04
dydz_sv   1   0   1   1   0   +6.432795258e+03
dydz_sv   1   0   1   0   2   +1.507195094e+03
dydz_sv   1   0   1   0   1   +3.859470807e+02
dydz_sv   1   0   1   0   0   +7.135133481e+01
dydz_sv   1   0   0   3   0   -1.845787660e+04
dydz_sv   1   0   0   2   1   -4.037445577e+03
dydz_sv   1   0   0   2   0   +1.105106463e+02
dydz_sv   1   0   0   1   2   -2.353431181e+02
dydz_sv   1   0   0   1   1   +1.228521565e+01
dydz_sv   1   0   0   1   0   +7.684268564e-01
dydz_sv   1   0   0   0   3   -2.614427411e+01
dydz_sv   1   0   0   0   2   +7.902997758e-01
dydz_sv   1   0   0   0   1   +4.108140463e-02
dydz_sv   1   0   0   0   0   -1.829899462e-04
dydz_sv   0   4   0   0   0   -2.159884232e+03
dydz_sv   0   3   1   0   0   -2.435927876e+03
dydz_sv   0   3   0   1   0   +1.591515709e+04
dydz_sv   0   3   0   0   1   +1.017555195e+03
dydz_sv   0   3   0   0   0   +2.566419601e+01
dydz_sv   0   2   2   0   0   +4.338942062e+04
dydz_sv   0   2   1   1   0   +1.938823972e+04
dydz_sv   0   2   1   0   1   +1.495464591e+03
dydz_sv   0   2   1   0   0   -4.787975472e+01
dydz_sv   0   2   0   2   0   -4.778666336e+04
dydz_sv   0   2   0   1   1   -6.461318738e+03
dydz_sv   0   2   0   1   0   -6.124575301e+01
dydz_sv   0   2   0   0   2   -1.984914038e+02
dydz_sv   0   2   0   0   1   -3.353959899e+00
dydz_sv   0   2   0   0   0   +2.104592477e+00
dydz_sv   0   1   3   0   0   +1.038160038e+04
dydz_sv   0   1   2   1   0   -1.175334901e+05
dydz_sv   0   1   2   0   1   -1.318774760e+04
dydz_sv   0   1   2   0   0   +3.796035590e+03
dydz_sv   0   1   1   2   0   -5.291964240e+04
dydz_sv   0   1   1   1   1   -7.241022561e+03
dydz_sv   0   1   1   1   0   +2.394796438e+02
dydz_sv   0   1   1   0   2   -1.610960857e+02
dydz_sv   0   1   1   0   1   +1.068020489e+00
dydz_sv   0   1   1   0   0   +1.082703062e+00
dydz_sv   0   1   0   3   0   +6.888699692e+04
dydz_sv   0   1   0   2   1   +1.449546360e+04
dydz_sv   0   1   0   2   0   -8.877930384e+01
dydz_sv   0   1   0   1   2   +9.439477835e+02
dydz_sv   0   1   0   1   1   -1.392994178e+01
dydz_sv   0   1   0   1   0   -4.298523787e+00
dydz_sv   0   1   0   0   3   +1.128359415e+01
dydz_sv   0   1   0   0   2   -8.387048321e-01
dydz_sv   0   1   0   0   1   -1.267974043e-01
dydz_sv   0   1   0   0   0   -6.337497306e-02
dydz_sv   0   0   4   0   0   -2.057477008e+05
dydz_sv   0   0   3   1   0   +9.194167883e+04
dydz_sv   0   0   3   0   1   -8.578444548e+04
dydz_sv   0   0   3   0   0   -2.595803139e+03
dydz_sv   0   0   2   2   0   +9.045758576e+04
dydz_sv   0   0   2   1   1   +3.103607821e+04
dydz_sv   0   0   2   1   0   -7.934490616e+03
dydz_sv   0   0   2   0   2   -1.840677148e+03
dydz_sv   0   0   2   0   1   -4.520253843e+02
dydz_sv   0   0   2   0   0   -9.591619929e+01
dydz_sv   0   0   1   3   0   +4.488796782e+04
dydz_sv   0   0   1   2   1   +9.542292785e+03
dydz_sv   0   0   1   2   0   -2.579272704e+02
dydz_sv   0   0   1   1   2   +6.109980680e+02
dydz_sv   0   0   1   1   1   -2.635587973e+01
dydz_sv   0   0   1   1   0   -1.834267245e+00
dydz_sv   0   0   1   0   3   +7.225511111e+01
dydz_sv   0   0   1   0   2   -2.084370438e+00
dydz_sv   0   0   1   0   1   -7.357667510e-02
dydz_sv   0   0   1   0   0   -8.623839369e-04
dydz_sv   0   0   0   4   0   -3.945497439e+04
dydz_sv   0   0   0   3   1   -1.117250840e+04
dydz_sv   0   0   0   3   0   +2.238936891e+02
dydz_sv   0   0   0   2   2   -1.073210624e+03
dydz_sv   0   0   0   2   1   +4.264895211e+01
dydz_sv   0   0   0   2   0   +1.883895074e+00
dydz_sv   0   0   0   1   3   -2.091282252e+01
dydz_sv   0   0   0   1   2   +2.865462043e+00
dydz_sv   0   0   0   1   1   +9.377034981e-02
dydz_sv   0   0   0   1   0   +1.075363177e+00
dydz_sv   0   0   0   0   4   +8.068240527e+00
dydz_sv   0   0   0   0   3   +1.831353061e-01
dydz_sv   0   0   0   0   2   -1.503584768e-01
dydz_sv   0   0   0   0   1   +1.370490663e-01
dydz_sv   0   0   0   0   0   -6.946909620e-03
x_sv   4   0   0   0   0   -3.326658774e+03
x_sv   3   1   0   0   0   -2.691028030e+03
x_sv   3   0   1   0   0   +3.916679578e+04
x_sv   3   0   0   1   0   -1.613342804e+03
x_sv   3   0   0   0   1   +1.156335899e+03
x_sv   3   0   0   0   0   -5.829981645e+02
x_sv   2   2   0   0   0   +1.193452042e+03
x_sv   2   1   1   0   0   +1.975129410e+04
x_sv   2   1   0   1   0   -5.836977019e+03
x_sv   2   1   0   0   1   -8.942119091e+02
x_sv   2   1   0   0   0   +5.321775784e+01
x_sv   2   0   2   0   0   -1.713772970e+05
x_sv   2   0   1   1   0   +4.544089280e+03
x_sv   2   0   1   0   1   -1.093090331e+04
x_sv   2   0   1   0   0   +4.803277278e+03
x_sv   2   0   0   2   0   +9.171032624e+03
x_sv   2   0   0   1   1   +1.380495792e+03
x_sv   2   0   0   1   0   -1.025612417e+02
x_sv   2   0   0   0   2   +2.947188071e+02
x_sv   2   0   0   0   1   -4.684329640e+01
x_sv   2   0   0   0   0   -2.629238838e-02
x_sv   1   3   0   0   0   -9.968620263e+02
x_sv   1   2   1   0   0   -6.565292106e+03
x_sv   1   2   0   1   0   +9.565652948e+03
x_sv   1   2   0   0   1   +1.167178696e+03
x_sv   1   2   0   0   0   -3.717076756e+01
x_sv   1   1   2   0   0   -5.083895148e+04
x_sv   1   1   1   1   0   +3.274916042e+04
x_sv   1   1   1   0   1   +5.141861431e+03
x_sv   1   1   1   0   0   -2.908942135e+02
x_sv   1   1   0   2   0   -2.756285978e+04
x_sv   1   1   0   1   1   -5.866477201e+03
x_sv   1   1   0   1   0   +1.136417705e+02
x_sv   1   1   0   0   2   -1.812613658e+02
x_sv   1   1   0   0   1   +2.770512685e+00
x_sv   1   1   0   0   0   +3.154868997e+00
x_sv   1   0   3   0   0   +3.305941355e+05
x_sv   1   0   2   1   0   +1.470587385e+04
x_sv   1   0   2   0   1   +3.372688793e+04
x_sv   1   0   2   0   0   -1.313329103e+04
x_sv   1   0   1   2   0   -5.174924379e+04
x_sv   1   0   1   1   1   -8.932479930e+03
x_sv   1   0   1   1   0   +5.853966848e+02
x_sv   1   0   1   0   2   -1.733784909e+03
x_sv   1   0   1   0   1   +2.562531721e+02
x_sv   1   0   1   0   0   +1.081665057e-01
x_sv   1   0   0   3   0   +2.567184618e+04
x_sv   1   0   0   2   1   +7.235859057e+03
x_sv   1   0   0   2   0   -6.353473354e+01
x_sv   1   0   0   1   2   +3.806395394e+02
x_sv   1   0   0   1   1   +7.009199282e-01
x_sv   1   0   0   1   0   -4.407039244e+00
x_sv   1   0   0   0   3   -3.121860777e+01
x_sv   1   0   0   0   2   -6.196018468e-01
x_sv   1   0   0   0   1   -2.735744029e-01
x_sv   1   0   0   0   0   +1.012752093e+00
x_sv   0   4   0   0   0   +8.379569370e+01
x_sv   0   3   1   0   0   +3.125141930e+03
x_sv   0   3   0   1   0   -9.042935968e+02
x_sv   0   3   0   0   1   -5.879338053e+01
x_sv   0   3   0   0   0   +2.756933817e+00
x_sv   0   2   2   0   0   +8.997239683e+03
x_sv   0   2   1   1   0   -2.607814510e+04
x_sv   0   2   1   0   1   -2.990294741e+03
x_sv   0   2   1   0   0   +6.885479786e+01
x_sv   0   2   0   2   0   +3.627971831e+03
x_sv   0   2   0   1   1   +4.461829070e+02
x_sv   0   2   0   1   0   -2.284380956e+01
x_sv   0   2   0   0   2   +1.937626289e+00
x_sv   0   2   0   0   1   -1.457712899e+00
x_sv   0   2   0   0   0   -7.978973460e-03
x_sv   0   1   3   0   0   +4.467444516e+04
x_sv   0   1   2   1   0   -4.572168208e+04
x_sv   0   1   2   0   1   -7.331368650e+03
x_sv   0   1   2   0   0   +3.976678589e+02
x_sv   0   1   1   2   0   +7.047867963e+04
x_sv   0   1   1   1   1   +1.445830516e+04
x_sv   0   1   1   1   0   -1.748409725e+02
x_sv   0   1   1   0   2   +4.199295360e+02
x_sv   0   1   1   0   1   -1.182151859e+00
x_sv   0   1   1   0   0   -4.444785588e+00
x_sv   0   1   0   3   0   -6.416963729e+03
x_sv   0   1   0   2   1   -1.102266582e+03
x_sv   0   1   0   2   0   +6.288486888e+01
x_sv   0   1   0   1   2   +9.666692262e+00
x_sv   0   1   0   1   1   +7.974596291e+00
x_sv   0   1   0   1   0   +3.102853654e-02
x_sv   0   1   0   0   3   +4.013766548e+00
x_sv   0   1   0   0   2   +1.056734757e-01
x_sv   0   1   0   0   1   -2.707386486e-03
x_sv   0   1   0   0   0   -7.850710617e-04
x_sv   0   0   4   0   0   -2.373954762e+05
x_sv   0   0   3   1   0   -3.915156405e+04
x_sv   0   0   3   0   1   -3.407554767e+04
x_sv   0   0   3   0   0   +1.194623601e+04
x_sv   0   0   2   2   0   +7.272983820e+04
x_sv   0   0   2   1   1   +1.397614406e+04
x_sv   0   0   2   1   0   -8.350740272e+02
x_sv   0   0   2   0   2   +2.519574482e+03
x_sv   0   0   2   0   1   -3.506073350e+02
x_sv   0   0   2   0   0   -7.781535241e-02
x_sv   0   0   1   3   0   -6.237216005e+04
x_sv   0   0   1   2   1   -1.690469731e+04
x_sv   0   0   1   2   0   +2.273843865e+01
x_sv   0   0   1   1   2   -7.896539301e+02
x_sv   0   0   1   1   1   -2.759599508e+01
x_sv   0   0   1   1   0   +9.055672415e+00
x_sv   0   0   1   0   3   +9.073863395e+01
x_sv   0   0   1   0   2   +5.705314622e-01
x_sv   0   0   1   0   1   +6.467124158e-01
x_sv   0   0   1   0   0   -1.981968093e+00
x_sv   0   0   0   4   0   +4.122316470e+03
x_sv   0   0   0   3   1   +8.905371159e+02
x_sv   0   0   0   3   0   -5.670206605e+01
x_sv   0   0   0   2   2   -5.533156747e+01
x_sv   0   0   0   2   1   -1.142096829e+01
x_sv   0   0   0   2   0   +4.035837388e-02
x_sv   0   0   0   1   3   -1.924489983e+01
x_sv   0   0   0   1   2   -1.784962586e-01
x_sv   0   0   0   1   1   +2.116485150e-02
x_sv   0   0   0   1   0   +1.592946314e-03
x_sv   0   0   0   0   4   -7.427409516e-01
x_sv   0   0   0   0   3   +8.769843859e-02
x_sv   0   0   0   0   2   +4.491035318e-03
x_sv   0   0   0   0   1   +3.157017395e-04
x_sv   0   0   0   0   0   +1.295459133e-03
y_sv   4   0   0   0   0   +2.851465118e+03
y_sv   3   1   0   0   0   +3.463687815e+03
y_sv   3   0   1   0   0   -4.182429816e+04
y_sv   3   0   0   1   0   -3.453589731e+03
y_sv   3   0   0   0   1   -8.191536315e+02
y_sv   3   0   0   0   0   +7.145513880e+01
y_sv   2   2   0   0   0   +5.591050971e+03
y_sv   2   1   1   0   0   -2.798424652e+04
y_sv   2   1   0   1   0   -1.900085298e+04
y_sv   2   1   0   0   1   -1.610747430e+02
y_sv   2   1   0   0   0   -1.310590827e+02
y_sv   2   0   2   0   0   +2.120329004e+05
y_sv   2   0   1   1   0   +2.790038696e+04
y_sv   2   0   1   0   1   +6.690249966e+03
y_sv   2   0   1   0   0   -5.615501965e+02
y_sv   2   0   0   2   0   +1.285753736e+04
y_sv   2   0   0   1   1   -1.053803762e+03
y_sv   2   0   0   1   0   +1.992304729e+02
y_sv   2   0   0   0   2   +1.789337944e+02
y_sv   2   0   0   0   1   +1.010393116e+01
y_sv   2   0   0   0   0   +5.140153064e+00
y_sv   1   3   0   0   0   +4.071661250e+02
y_sv   1   2   1   0   0   -2.647216826e+04
y_sv   1   2   0   1   0   -3.041064089e+03
y_sv   1   2   0   0   1   -1.753949135e+02
y_sv   1   2   0   0   0   -3.038958552e+00
y_sv   1   1   2   0   0   +7.506611091e+04
y_sv   1   1   1   1   0   +8.630489629e+04
y_sv   1   1   1   0   1   -1.819958480e+02
y_sv   1   1   1   0   0   +6.528199317e+02
y_sv   1   1   0   2   0   +7.469879691e+03
y_sv   1   1   0   1   1   +9.239116818e+02
y_sv   1   1   0   1   0   +1.979840027e+01
y_sv   1   1   0   0   2   +2.223382219e+01
y_sv   1   1   0   0   1   +9.213595876e-01
y_sv   1   1   0   0   0   -1.611024117e-01
y_sv   1   0   3   0   0   -4.553696082e+05
y_sv   1   0   2   1   0   -7.458800847e+04
y_sv   1   0   2   0   1   -1.819069986e+04
y_sv   1   0   2   0   0   +1.467448995e+03
y_sv   1   0   1   2   0   -4.917179717e+04
y_sv   1   0   1   1   1   +8.555261004e+03
y_sv   1   0   1   1   0   -9.230069755e+02
y_sv   1   0   1   0   2   -8.921987620e+02
y_sv   1   0   1   0   1   -4.481162745e+01
y_sv   1   0   1   0   0   -2.528135290e+01
y_sv   1   0   0   3   0   -6.794087745e+03
y_sv   1   0   0   2   1   -1.340007935e+03
y_sv   1   0   0   2   0   -2.734484226e+01
y_sv   1   0   0   1   2   -3.037459043e+01
y_sv   1   0   0   1   1   -3.937967791e+00
y_sv   1   0   0   1   0   +6.629617347e-01
y_sv   1   0   0   0   3   +3.096261321e+00
y_sv   1   0   0   0   2   -6.623606623e-01
y_sv   1   0   0   0   1   +6.057005604e-02
y_sv   1   0   0   0   0   -7.545849932e-04
y_sv   0   4   0   0   0   -4.789759210e+02
y_sv   0   3   1   0   0   -1.068273058e+03
y_sv   0   3   0   1   0   +3.013768404e+03
y_sv   0   3   0   0   1   +1.424841920e+02
y_sv   0   3   0   0   0   +1.050407730e+01
y_sv   0   2   2   0   0   +3.235702991e+04
y_sv   0   2   1   1   0   +7.824218309e+03
y_sv   0   2   1   0   1   +4.365761286e+02
y_sv   0   2   1   0   0   +9.564989632e+00
y_sv   0   2   0   2   0   -8.619261291e+03
y_sv   0   2   0   1   1   -1.031117156e+03
y_sv   0   2   0   1   0   -1.544907705e+01
y_sv   0   2   0   0   2   -4.520488863e+01
y_sv   0   2   0   0   1   +2.534513396e+00
y_sv   0   2   0   0   0   -1.017418893e+00
y_sv   0   1   3   0   0   -6.685528233e+04
y_sv   0   1   2   1   0   -9.914647858e+04
y_sv   0   1   2   0   1   +1.437911161e+03
y_sv   0   1   2   0   0   -8.529256136e+02
y_sv   0   1   1   2   0   -1.884911156e+04
y_sv   0   1   1   1   1   -2.266767853e+03
y_sv   0   1   1   1   0   -6.192201466e+01
y_sv   0   1   1   0   2   -5.055737178e+01
y_sv   0   1   1   0   1   -3.008571478e+00
y_sv   0   1   1   0   0   +4.591358236e-01
y_sv   0   1   0   3   0   +1.263843680e+04
y_sv   0   1   0   2   1   +2.410505366e+03
y_sv   0   1   0   2   0   -6.748582203e+01
y_sv   0   1   0   1   2   +1.920295935e+02
y_sv   0   1   0   1   1   -1.671300109e+01
y_sv   0   1   0   1   0   +2.051678630e+00
y_sv   0   1   0   0   3   +5.540659212e+00
y_sv   0   1   0   0   2   -5.668726113e-01
y_sv   0   1   0   0   1   +6.668615622e-02
y_sv   0   1   0   0   0   +1.037820006e+00
y_sv   0   0   4   0   0   +3.548888632e+05
y_sv   0   0   3   1   0   +6.600825802e+04
y_sv   0   0   3   0   1   +1.646767209e+04
y_sv   0   0   3   0   0   -1.275027749e+03
y_sv   0   0   2   2   0   +4.462782541e+04
y_sv   0   0   2   1   1   -1.452399003e+04
y_sv   0   0   2   1   0   +1.070266484e+03
y_sv   0   0   2   0   2   +1.140211783e+03
y_sv   0   0   2   0   1   +4.417593817e+01
y_sv   0   0   2   0   0   +3.397428780e+01
y_sv   0   0   1   3   0   +1.699161901e+04
y_sv   0   0   1   2   1   +3.272323473e+03
y_sv   0   0   1   2   0   +8.500706539e+01
y_sv   0   0   1   1   2   +4.380218960e+01
y_sv   0   0   1   1   1   +1.185433241e+01
y_sv   0   0   1   1   0   -1.846438359e+00
y_sv   0   0   1   0   3   -1.006619856e+01
y_sv   0   0   1   0   2   +1.949058756e+00
y_sv   0   0   1   0   1   -1.637568113e-01
y_sv   0   0   1   0   0   +2.063951960e-03
y_sv   0   0   0   4   0   -7.216369571e+03
y_sv   0   0   0   3   1   -1.656231349e+03
y_sv   0   0   0   3   0   +1.113501002e+02
y_sv   0   0   0   2   2   -1.831239033e+02
y_sv   0   0   0   2   1   +2.427326064e+01
y_sv   0   0   0   2   0   -1.666273519e+00
y_sv   0   0   0   1   3   -1.123706060e+01
y_sv   0   0   0   1   2   +1.448391568e+00
y_sv   0   0   0   1   1   -2.430874356e-01
y_sv   0   0   0   1   0   -1.943059454e+00
y_sv   0   0   0   0   4   -2.299462865e+00
y_sv   0   0   0   0   3   -1.414748171e-01
y_sv   0   0   0   0   2   +1.244281381e-01
y_sv   0   0   0   0   1   -1.272141315e-01
y_sv   0   0   0   0   0   -8.361634450e-03
