# Polynomial metadata: 
# -- Order: 5
# -- Trained on data: 'data/mc/mc_R_production.root'
# -- Input branches: { x_q1 y_q1 dxdz_q1 dydz_q1 dpp_q1 }
# -- Time created: Mon Jan 12 10:06:34 2026

poly-DoF 5
is-RHRS 1
dxdz_fp   5   0   0   0   0   -4.095367334e+02
dxdz_fp   4   1   0   0   0   -5.962574502e+02
dxdz_fp   4   0   1   0   0   +6.544037571e+03
dxdz_fp   4   0   0   1   0   +1.807724935e+03
dxdz_fp   4   0   0   0   1   -5.561606257e+02
dxdz_fp   4   0   0   0   0   +1.651533700e+01
dxdz_fp   3   2   0   0   0   +5.870246632e+02
dxdz_fp   3   1   1   0   0   +6.792261619e+03
dxdz_fp   3   1   0   1   0   -3.253975999e+03
dxdz_fp   3   1   0   0   1   -4.539542327e+02
dxdz_fp   3   1   0   0   0   +8.169136291e+00
dxdz_fp   3   0   2   0   0   -4.090890132e+04
dxdz_fp   3   0   1   1   0   -2.025088810e+04
dxdz_fp   3   0   1   0   1   +6.503693403e+03
dxdz_fp   3   0   1   0   0   -2.167796000e+02
dxdz_fp   3   0   0   2   0   +4.604353269e+03
dxdz_fp   3   0   0   1   1   +4.493763900e+02
dxdz_fp   3   0   0   1   0   -3.229118611e+01
dxdz_fp   3   0   0   0   2   +1.190296202e+02
dxdz_fp   3   0   0   0   1   -9.279642047e+00
dxdz_fp   3   0   0   0   0   -3.565885794e-01
dxdz_fp   2   3   0   0   0   +1.161576519e+02
dxdz_fp   2   2   1   0   0   -4.622724725e+03
dxdz_fp   2   2   0   1   0   -9.179190682e+02
dxdz_fp   2   2   0   0   1   +1.228809015e+02
dxdz_fp   2   2   0   0   0   +4.734008558e+00
dxdz_fp   2   1   2   0   0   -2.928303316e+04
dxdz_fp   2   1   1   1   0   +2.559644766e+04
dxdz_fp   2   1   1   0   1   +4.261384358e+03
dxdz_fp   2   1   1   0   0   -7.051434636e+01
dxdz_fp   2   1   0   2   0   +2.475350004e+03
dxdz_fp   2   1   0   1   1   -5.635026306e+02
dxdz_fp   2   1   0   1   0   -1.510198357e+01
dxdz_fp   2   1   0   0   2   -7.195753038e+01
dxdz_fp   2   1   0   0   1   +1.247393296e+01
dxdz_fp   2   1   0   0   0   +1.518035466e-01
dxdz_fp   2   0   3   0   0   +1.257824988e+05
dxdz_fp   2   0   2   1   0   +8.612898005e+04
dxdz_fp   2   0   2   0   1   -2.861091556e+04
dxdz_fp   2   0   2   0   0   +1.037863136e+03
dxdz_fp   2   0   1   2   0   -3.596330579e+04
dxdz_fp   2   0   1   1   1   -3.834671865e+03
dxdz_fp   2   0   1   1   0   +2.783401458e+02
dxdz_fp   2   0   1   0   2   -1.106969051e+03
dxdz_fp   2   0   1   0   1   +1.089253500e+02
dxdz_fp   2   0   1   0   0   +3.274597202e+00
dxdz_fp   2   0   0   3   0   -2.336814760e+03
dxdz_fp   2   0   0   2   1   +9.279861307e+02
dxdz_fp   2   0   0   2   0   +1.644094402e+00
dxdz_fp   2   0   0   1   2   +1.638987858e+02
dxdz_fp   2   0   0   1   1   -3.346573435e+01
dxdz_fp   2   0   0   1   0   -2.047671854e-01
dxdz_fp   2   0   0   0   3   -2.862840785e+01
dxdz_fp   2   0   0   0   2   -7.821065022e+00
dxdz_fp   2   0   0   0   1   -3.294845114e-02
dxdz_fp   2   0   0   0   0   -4.999030973e-02
dxdz_fp   1   4   0   0   0   -1.842045925e+01
dxdz_fp   1   3   1   0   0   -6.366844093e+02
dxdz_fp   1   3   0   1   0   +1.632943134e+02
dxdz_fp   1   3   0   0   1   +1.426922578e+02
dxdz_fp   1   3   0   0   0   -2.071248318e-01
dxdz_fp   1   2   2   0   0   +1.209056524e+04
dxdz_fp   1   2   1   1   0   +4.964855878e+03
dxdz_fp   1   2   1   0   1   -6.081480421e+02
dxdz_fp   1   2   1   0   0   -2.853324028e+01
dxdz_fp   1   2   0   2   0   -5.024271846e+02
dxdz_fp   1   2   0   1   1   -7.838423052e+02
dxdz_fp   1   2   0   1   0   +3.109490178e+00
dxdz_fp   1   2   0   0   2   +8.822352322e+01
dxdz_fp   1   2   0   0   1   +5.756548717e+00
dxdz_fp   1   2   0   0   0   +1.951119664e-01
dxdz_fp   1   1   3   0   0   +5.658994905e+04
dxdz_fp   1   1   2   1   0   -6.681561742e+04
dxdz_fp   1   1   2   0   1   -1.326130191e+04
dxdz_fp   1   1   2   0   0   +2.020608767e+02
dxdz_fp   1   1   1   2   0   -1.347711691e+04
dxdz_fp   1   1   1   1   1   +2.547799395e+03
dxdz_fp   1   1   1   1   0   +9.657823052e+01
dxdz_fp   1   1   1   0   2   +4.575364252e+02
dxdz_fp   1   1   1   0   1   -7.315446543e+01
dxdz_fp   1   1   1   0   0   -8.863138547e-01
dxdz_fp   1   1   0   3   0   +7.370551124e+02
dxdz_fp   1   1   0   2   1   +1.459710550e+03
dxdz_fp   1   1   0   2   0   -9.853916691e+00
dxdz_fp   1   1   0   1   2   -3.279678872e+02
dxdz_fp   1   1   0   1   1   -2.061339360e+01
dxdz_fp   1   1   0   1   0   +4.328524909e-01
dxdz_fp   1   1   0   0   3   +1.316549760e+01
dxdz_fp   1   1   0   0   2   +2.038134328e+00
dxdz_fp   1   1   0   0   1   +8.343063571e-02
dxdz_fp   1   1   0   0   0   -5.816609803e-05
dxdz_fp   1   0   4   0   0   -1.912068214e+05
dxdz_fp   1   0   3   1   0   -1.646443600e+05
dxdz_fp   1   0   3   0   1   +5.561836762e+04
dxdz_fp   1   0   3   0   0   -2.155918071e+03
dxdz_fp   1   0   2   2   0   +9.312407132e+04
dxdz_fp   1   0   2   1   1   +9.794416715e+03
dxdz_fp   1   0   2   1   0   -7.923656208e+02
dxdz_fp   1   0   2   0   2   +3.297548339e+03
dxdz_fp   1   0   2   0   1   -3.940116991e+02
dxdz_fp   1   0   2   0   0   -6.814392848e+00
dxdz_fp   1   0   1   3   0   +1.298825150e+04
dxdz_fp   1   0   1   2   1   -4.277707008e+03
dxdz_fp   1   0   1   2   0   -3.183838397e+01
dxdz_fp   1   0   1   1   2   -7.245429489e+02
dxdz_fp   1   0   1   1   1   +1.994802018e+02
dxdz_fp   1   0   1   1   0   +1.042171905e+00
dxdz_fp   1   0   1   0   3   +1.251607305e+02
dxdz_fp   1   0   1   0   2   +5.244069652e+01
dxdz_fp   1   0   1   0   1   +7.404362749e-01
dxdz_fp   1   0   1   0   0   +6.902247137e-01
dxdz_fp   1   0   0   4   0   -5.058110768e+02
dxdz_fp   1   0   0   3   1   -9.027697665e+02
dxdz_fp   1   0   0   3   0   +8.952410506e+00
dxdz_fp   1   0   0   2   2   +3.076211434e+02
dxdz_fp   1   0   0   2   1   +1.523609069e+01
dxdz_fp   1   0   0   2   0   +6.021074204e-01
dxdz_fp   1   0   0   1   3   +6.466447894e+01
dxdz_fp   1   0   0   1   2   -6.279542126e-01
dxdz_fp   1   0   0   1   1   -1.425803149e-01
dxdz_fp   1   0   0   1   0   -1.732498821e-03
dxdz_fp   1   0   0   0   4   +2.283627993e+01
dxdz_fp   1   0   0   0   3   +2.692928296e+00
dxdz_fp   1   0   0   0   2   +1.110747143e+00
dxdz_fp   1   0   0   0   1   +1.299724482e-01
dxdz_fp   1   0   0   0   0   +9.648387978e-02
dxdz_fp   0   5   0   0   0   -2.315084038e+00
dxdz_fp   0   4   1   0   0   +4.313102871e+01
dxdz_fp   0   4   0   1   0   +2.331779822e+01
dxdz_fp   0   4   0   0   1   -3.614126998e+00
dxdz_fp   0   4   0   0   0   -2.130671367e-01
dxdz_fp   0   3   2   0   0   +8.814217710e+02
dxdz_fp   0   3   1   1   0   -3.384289909e+02
dxdz_fp   0   3   1   0   1   -3.937577362e+02
dxdz_fp   0   3   1   0   0   +3.213105710e-01
dxdz_fp   0   3   0   2   0   -9.947487202e+01
dxdz_fp   0   3   0   1   1   +7.566646434e+00
dxdz_fp   0   3   0   1   0   +5.594066035e+00
dxdz_fp   0   3   0   0   2   +9.269310084e+00
dxdz_fp   0   3   0   0   1   -1.115879413e-02
dxdz_fp   0   3   0   0   0   -6.990289023e-03
dxdz_fp   0   2   3   0   0   -1.037196452e+04
dxdz_fp   0   2   2   1   0   -6.789156161e+03
dxdz_fp   0   2   2   0   1   +6.974037597e+02
dxdz_fp   0   2   2   0   0   +5.588866648e+01
dxdz_fp   0   2   1   2   0   +9.692271931e+02
dxdz_fp   0   2   1   1   1   +2.101727312e+03
dxdz_fp   0   2   1   1   0   -6.782120211e+00
dxdz_fp   0   2   1   0   2   -1.965130611e+02
dxdz_fp   0   2   1   0   1   -1.885791573e+01
dxdz_fp   0   2   1   0   0   +8.210322026e-01
dxdz_fp   0   2   0   3   0   +2.326819914e+02
dxdz_fp   0   2   0   2   1   -2.140103001e+02
dxdz_fp   0   2   0   2   0   -2.504102959e+01
dxdz_fp   0   2   0   1   2   -4.873417132e+01
dxdz_fp   0   2   0   1   1   -1.985406253e-01
dxdz_fp   0   2   0   1   0   +4.203002152e-02
dxdz_fp   0   2   0   0   3   -4.722348672e+01
dxdz_fp   0   2   0   0   2   +1.014183199e+01
dxdz_fp   0   2   0   0   1   -1.257213145e+00
dxdz_fp   0   2   0   0   0   +6.178196715e-02
dxdz_fp   0   1   4   0   0   -4.132560420e+04
dxdz_fp   0   1   3   1   0   +5.765557930e+04
dxdz_fp   0   1   3   0   1   +1.374591149e+04
dxdz_fp   0   1   3   0   0   -1.922578680e+02
dxdz_fp   0   1   2   2   0   +1.859575475e+04
dxdz_fp   0   1   2   1   1   -2.896030196e+03
dxdz_fp   0   1   2   1   0   -1.828508621e+02
dxdz_fp   0   1   2   0   2   -7.404930592e+02
dxdz_fp   0   1   2   0   1   +1.071669713e+02
dxdz_fp   0   1   2   0   0   +1.299726321e+00
dxdz_fp   0   1   1   3   0   -1.174060684e+03
dxdz_fp   0   1   1   2   1   -3.722331897e+03
dxdz_fp   0   1   1   2   0   +2.314919408e+01
dxdz_fp   0   1   1   1   2   +7.503345252e+02
dxdz_fp   0   1   1   1   1   +4.620962956e+01
dxdz_fp   0   1   1   1   0   -1.082866871e+00
dxdz_fp   0   1   1   0   3   -3.881964131e+01
dxdz_fp   0   1   1   0   2   -5.852234728e+00
dxdz_fp   0   1   1   0   1   -2.799423827e-01
dxdz_fp   0   1   1   0   0   +2.285514330e-04
dxdz_fp   0   1   0   4   0   -3.148894745e+02
dxdz_fp   0   1   0   3   1   +7.013287419e+02
dxdz_fp   0   1   0   3   0   +4.386398382e+01
dxdz_fp   0   1   0   2   2   +5.040106527e+01
dxdz_fp   0   1   0   2   1   +2.079647812e+00
dxdz_fp   0   1   0   2   0   -6.326324451e-02
dxdz_fp   0   1   0   1   3   +1.573016521e+01
dxdz_fp   0   1   0   1   2   -9.867061606e+00
dxdz_fp   0   1   0   1   1   +4.453380895e+00
dxdz_fp   0   1   0   1   0   -4.341709050e-01
dxdz_fp   0   1   0   0   4   -4.793926943e+00
dxdz_fp   0   1   0   0   3   +1.977698676e-01
dxdz_fp   0   1   0   0   2   +1.505926209e-02
dxdz_fp   0   1   0   0   1   -3.577813300e-04
dxdz_fp   0   1   0   0   0   -6.632539693e-06
dxdz_fp   0   0   5   0   0   +1.158151825e+05
dxdz_fp   0   0   4   1   0   +1.191625860e+05
dxdz_fp   0   0   4   0   1   -3.962059936e+04
dxdz_fp   0   0   4   0   0   +1.648362097e+03
dxdz_fp   0   0   3   2   0   -7.942211541e+04
dxdz_fp   0   0   3   1   1   -7.414146010e+03
dxdz_fp   0   0   3   1   0   +7.443084619e+02
dxdz_fp   0   0   3   0   2   -2.838003784e+03
dxdz_fp   0   0   3   0   1   +4.553611335e+02
dxdz_fp   0   0   3   0   0   +1.898927740e-01
dxdz_fp   0   0   2   3   0   -1.833989250e+04
dxdz_fp   0   0   2   2   1   +5.299215883e+03
dxdz_fp   0   0   2   2   0   +1.098824940e+02
dxdz_fp   0   0   2   1   2   +8.130187187e+02
dxdz_fp   0   0   2   1   1   -2.954613603e+02
dxdz_fp   0   0   2   1   0   -1.320094173e+00
dxdz_fp   0   0   2   0   3   +1.818098381e+01
dxdz_fp   0   0   2   0   2   -9.453540145e+01
dxdz_fp   0   0   2   0   1   -3.184322640e+00
dxdz_fp   0   0   2   0   0   -2.326860788e+00
dxdz_fp   0   0   1   4   0   +7.509388298e+02
dxdz_fp   0   0   1   3   1   +2.216733263e+03
dxdz_fp   0   0   1   3   0   -2.245620187e+01
dxdz_fp   0   0   1   2   2   -3.777634364e+02
dxdz_fp   0   0   1   2   1   +2.801786725e-02
dxdz_fp   0   0   1   2   0   -8.904453800e-03
dxdz_fp   0   0   1   1   3   -1.821331344e+02
dxdz_fp   0   0   1   1   2   +7.714395202e-01
dxdz_fp   0   0   1   1   1   +5.727497098e-01
dxdz_fp   0   0   1   1   0   +5.140296568e-03
dxdz_fp   0   0   1   0   4   -3.929314529e+01
dxdz_fp   0   0   1   0   3   +3.325981731e+00
dxdz_fp   0   0   1   0   2   -3.927507694e+00
dxdz_fp   0   0   1   0   1   -1.137556252e+00
dxdz_fp   0   0   1   0   0   -7.721507516e-01
dxdz_fp   0   0   0   5   0   +2.037788571e+02
dxdz_fp   0   0   0   4   1   -7.786939196e+02
dxdz_fp   0   0   0   4   0   -4.374788553e+01
dxdz_fp   0   0   0   3   2   +2.779210463e+01
dxdz_fp   0   0   0   3   1   -4.032090005e+00
dxdz_fp   0   0   0   3   0   +5.207400634e-03
dxdz_fp   0   0   0   2   3   +1.785768931e+01
dxdz_fp   0   0   0   2   2   -5.930790295e+00
dxdz_fp   0   0   0   2   1   +1.108707885e-01
dxdz_fp   0   0   0   2   0   +7.356254495e-01
dxdz_fp   0   0   0   1   4   +1.572625735e+01
dxdz_fp   0   0   0   1   3   -6.329143516e-01
dxdz_fp   0   0   0   1   2   -4.552073527e-02
dxdz_fp   0   0   0   1   1   +1.015434817e-03
dxdz_fp   0   0   0   1   0   +1.919854313e-05
dxdz_fp   0   0   0   0   5   +2.697249046e+00
dxdz_fp   0   0   0   0   4   -3.582389138e+00
dxdz_fp   0   0   0   0   3   +1.448132030e+00
dxdz_fp   0   0   0   0   2   -7.187356225e-01
dxdz_fp   0   0   0   0   1   +5.645068141e-02
dxdz_fp   0   0   0   0   0   +1.170437275e-07
dydz_fp   5   0   0   0   0   -1.793310204e+03
dydz_fp   4   1   0   0   0   -2.254125801e+03
dydz_fp   4   0   1   0   0   +1.474760498e+04
dydz_fp   4   0   0   1   0   +2.192237638e+02
dydz_fp   4   0   0   0   1   +3.767821029e+03
dydz_fp   4   0   0   0   0   -1.481219735e+02
dydz_fp   3   2   0   0   0   -9.546220762e+02
dydz_fp   3   1   1   0   0   +2.005460163e+04
dydz_fp   3   1   0   1   0   +4.123243211e+03
dydz_fp   3   1   0   0   1   +9.221639006e+02
dydz_fp   3   1   0   0   0   -9.269097300e+01
dydz_fp   3   0   2   0   0   -2.571899027e+04
dydz_fp   3   0   1   1   0   +1.459105482e+04
dydz_fp   3   0   1   0   1   -4.544379377e+04
dydz_fp   3   0   1   0   0   +1.742082537e+03
dydz_fp   3   0   0   2   0   -8.931418460e+03
dydz_fp   3   0   0   1   1   -1.822714822e+03
dydz_fp   3   0   0   1   0   +4.085230638e+02
dydz_fp   3   0   0   0   2   -8.615816116e+00
dydz_fp   3   0   0   0   1   +9.703037039e+01
dydz_fp   3   0   0   0   0   +1.059883636e+01
dydz_fp   2   3   0   0   0   -1.120827128e+03
dydz_fp   2   2   1   0   0   +8.173679359e+03
dydz_fp   2   2   0   1   0   +1.106964879e+04
dydz_fp   2   2   0   0   1   -5.246369144e+03
dydz_fp   2   2   0   0   0   -2.439992474e+01
dydz_fp   2   1   2   0   0   -6.183239818e+04
dydz_fp   2   1   1   1   0   -3.173803940e+04
dydz_fp   2   1   1   0   1   -6.074540345e+03
dydz_fp   2   1   1   0   0   +9.133929606e+02
dydz_fp   2   1   0   2   0   -3.527926447e+04
dydz_fp   2   1   0   1   1   +2.102137007e+04
dydz_fp   2   1   0   1   0   +8.484969877e+01
dydz_fp   2   1   0   0   2   -2.107743574e+03
dydz_fp   2   1   0   0   1   -4.333039082e+02
dydz_fp   2   1   0   0   0   +2.303663085e+00
dydz_fp   2   0   3   0   0   -8.236630677e+04
dydz_fp   2   0   2   1   0   -1.394954503e+05
dydz_fp   2   0   2   0   1   +2.050778705e+05
dydz_fp   2   0   2   0   0   -7.660231390e+03
dydz_fp   2   0   1   2   0   +6.645384023e+04
dydz_fp   2   0   1   1   1   +8.002965846e+03
dydz_fp   2   0   1   1   0   -3.915162411e+03
dydz_fp   2   0   1   0   2   +9.573750135e+02
dydz_fp   2   0   1   0   1   -7.714707472e+02
dydz_fp   2   0   1   0   0   -9.083392544e+01
dydz_fp   2   0   0   3   0   +3.668119293e+04
dydz_fp   2   0   0   2   1   -2.433218542e+04
dydz_fp   2   0   0   2   0   -1.124970114e+02
dydz_fp   2   0   0   1   2   +5.015749769e+03
dydz_fp   2   0   0   1   1   +3.257237857e+02
dydz_fp   2   0   0   1   0   -4.475324980e+00
dydz_fp   2   0   0   0   3   -2.917147290e+02
dydz_fp   2   0   0   0   2   -1.385749359e+02
dydz_fp   2   0   0   0   1   +3.256423346e+00
dydz_fp   2   0   0   0   0   +7.367214989e-02
dydz_fp   1   4   0   0   0   -1.830274141e+02
dydz_fp   1   3   1   0   0   +5.664184888e+03
dydz_fp   1   3   0   1   0   +2.273640171e+03
dydz_fp   1   3   0   0   1   -1.036258577e+02
dydz_fp   1   3   0   0   0   +8.213017104e-01
dydz_fp   1   2   2   0   0   -2.285573725e+04
dydz_fp   1   2   1   1   0   -5.546697072e+04
dydz_fp   1   2   1   0   1   +2.751583208e+04
dydz_fp   1   2   1   0   0   +1.364352531e+02
dydz_fp   1   2   0   2   0   -9.872363153e+03
dydz_fp   1   2   0   1   1   +1.326013107e+03
dydz_fp   1   2   0   1   0   -1.482304676e+00
dydz_fp   1   2   0   0   2   +1.119739238e+02
dydz_fp   1   2   0   0   1   +7.876835039e+00
dydz_fp   1   2   0   0   0   +2.075308538e-01
dydz_fp   1   1   3   0   0   +7.056234410e+04
dydz_fp   1   1   2   1   0   +7.487165448e+04
dydz_fp   1   1   2   0   1   +1.208112848e+04
dydz_fp   1   1   2   0   0   -2.906257535e+03
dydz_fp   1   1   1   2   0   +1.786573696e+05
dydz_fp   1   1   1   1   1   -9.650229125e+04
dydz_fp   1   1   1   1   0   -5.175103437e+02
dydz_fp   1   1   1   0   2   +9.274327948e+03
dydz_fp   1   1   1   0   1   +2.569224334e+03
dydz_fp   1   1   1   0   0   -1.176381816e+01
dydz_fp   1   1   0   3   0   +1.902014303e+04
dydz_fp   1   1   0   2   1   -4.444259065e+03
dydz_fp   1   1   0   2   0   -2.935722796e+01
dydz_fp   1   1   0   1   2   +7.310253602e+02
dydz_fp   1   1   0   1   1   -3.227737378e+01
dydz_fp   1   1   0   1   0   -1.963071900e+00
dydz_fp   1   1   0   0   3   -2.095102871e+02
dydz_fp   1   1   0   0   2   +2.342887903e+01
dydz_fp   1   1   0   0   1   -8.764022939e-01
dydz_fp   1   1   0   0   0   -2.973881762e-01
dydz_fp   1   0   4   0   0   +3.217173880e+05
dydz_fp   1   0   3   1   0   +4.411242709e+05
dydz_fp   1   0   3   0   1   -4.138191533e+05
dydz_fp   1   0   3   0   0   +1.493249589e+04
dydz_fp   1   0   2   2   0   -1.505758529e+05
dydz_fp   1   0   2   1   1   -1.701635493e+03
dydz_fp   1   0   2   1   0   +1.177356600e+04
dydz_fp   1   0   2   0   2   -5.939821333e+03
dydz_fp   1   0   2   0   1   +2.041017048e+03
dydz_fp   1   0   2   0   0   +2.609098291e+02
dydz_fp   1   0   1   3   0   -1.918847629e+05
dydz_fp   1   0   1   2   1   +1.213558850e+05
dydz_fp   1   0   1   2   0   +7.428155808e+02
dydz_fp   1   0   1   1   2   -2.093716200e+04
dydz_fp   1   0   1   1   1   -2.152812721e+03
dydz_fp   1   0   1   1   0   +3.899815894e+01
dydz_fp   1   0   1   0   3   +1.237554210e+03
dydz_fp   1   0   1   0   2   +7.857598162e+02
dydz_fp   1   0   1   0   1   -1.592191120e+01
dydz_fp   1   0   1   0   0   -4.108332396e-01
dydz_fp   1   0   0   4   0   -1.304816472e+04
dydz_fp   1   0   0   3   1   +4.328439387e+03
dydz_fp   1   0   0   3   0   +2.791195193e+01
dydz_fp   1   0   0   2   2   -1.731984021e+03
dydz_fp   1   0   0   2   1   +4.448357100e+01
dydz_fp   1   0   0   2   0   +2.882705500e+00
dydz_fp   1   0   0   1   3   +5.364870970e+02
dydz_fp   1   0   0   1   2   -6.654043192e+01
dydz_fp   1   0   0   1   1   +6.656285301e+00
dydz_fp   1   0   0   1   0   -9.308828289e-01
dydz_fp   1   0   0   0   4   +7.250447203e+01
dydz_fp   1   0   0   0   3   +7.266072765e-01
dydz_fp   1   0   0   0   2   +1.256565107e-01
dydz_fp   1   0   0   0   1   -3.398826857e-03
dydz_fp   1   0   0   0   0   -3.899654956e-04
dydz_fp   0   5   0   0   0   -1.801877509e+01
dydz_fp   0   4   1   0   0   +4.410855689e+02
dydz_fp   0   4   0   1   0   +1.534428670e+02
dydz_fp   0   4   0   0   1   +1.454249213e+02
dydz_fp   0   4   0   0   0   -1.803167923e+00
dydz_fp   0   3   2   0   0   -6.930540469e+03
dydz_fp   0   3   1   1   0   -5.505854817e+03
dydz_fp   0   3   1   0   1   +2.895229956e+02
dydz_fp   0   3   1   0   0   +6.636744567e+00
dydz_fp   0   3   0   2   0   -1.543054677e+01
dydz_fp   0   3   0   1   1   -1.320364336e+03
dydz_fp   0   3   0   1   0   +1.955467150e+01
dydz_fp   0   3   0   0   2   +2.554068279e+02
dydz_fp   0   3   0   0   1   -1.238827475e+01
dydz_fp   0   3   0   0   0   +2.108930900e+00
dydz_fp   0   2   3   0   0   +2.085688812e+04
dydz_fp   0   2   2   1   0   +6.873230009e+04
dydz_fp   0   2   2   0   1   -3.655656508e+04
dydz_fp   0   2   2   0   0   -1.906705855e+02
dydz_fp   0   2   1   2   0   +2.345844389e+04
dydz_fp   0   2   1   1   1   -4.345399816e+03
dydz_fp   0   2   1   1   0   -1.071515170e+02
dydz_fp   0   2   1   0   2   -3.071373016e+02
dydz_fp   0   2   1   0   1   -2.111042890e+01
dydz_fp   0   2   1   0   0   -5.624172737e-01
dydz_fp   0   2   0   3   0   -1.911481082e+03
dydz_fp   0   2   0   2   1   +4.521008222e+03
dydz_fp   0   2   0   2   0   -8.215908823e+01
dydz_fp   0   2   0   1   2   -9.481462376e+02
dydz_fp   0   2   0   1   1   -7.639433373e+00
dydz_fp   0   2   0   1   0   -2.893478669e+00
dydz_fp   0   2   0   0   3   +3.080271468e+01
dydz_fp   0   2   0   0   2   +1.808598153e+00
dydz_fp   0   2   0   0   1   +2.509980979e-01
dydz_fp   0   2   0   0   0   +3.583863455e-05
dydz_fp   0   1   4   0   0   -1.134782893e+04
dydz_fp   0   1   3   1   0   -5.125273056e+04
dydz_fp   0   1   3   0   1   -5.455074356e+03
dydz_fp   0   1   3   0   0   +2.931340126e+03
dydz_fp   0   1   2   2   0   -2.262267331e+05
dydz_fp   0   1   2   1   1   +1.081532628e+05
dydz_fp   0   1   2   1   0   +7.880451489e+02
dydz_fp   0   1   2   0   2   -9.310781524e+03
dydz_fp   0   1   2   0   1   -3.984470181e+03
dydz_fp   0   1   2   0   0   +3.834455307e+01
dydz_fp   0   1   1   3   0   -4.425975639e+04
dydz_fp   0   1   1   2   1   +1.445857972e+04
dydz_fp   0   1   1   2   0   +2.896690046e+02
dydz_fp   0   1   1   1   2   -2.220230602e+03
dydz_fp   0   1   1   1   1   +8.004105934e+01
dydz_fp   0   1   1   1   0   +5.559116791e+00
dydz_fp   0   1   1   0   3   +4.797116887e+02
dydz_fp   0   1   1   0   2   -6.039792995e+01
dydz_fp   0   1   1   0   1   +1.072246802e+00
dydz_fp   0   1   1   0   0   +2.252100687e+00
dydz_fp   0   1   0   4   0   +5.054392081e+03
dydz_fp   0   1   0   3   1   -6.916354543e+03
dydz_fp   0   1   0   3   0   +1.571094119e+02
dydz_fp   0   1   0   2   2   +2.866686409e+03
dydz_fp   0   1   0   2   1   +9.716680557e+01
dydz_fp   0   1   0   2   0   +3.358771942e+01
dydz_fp   0   1   0   1   3   -7.256089477e+01
dydz_fp   0   1   0   1   2   +2.183960911e+00
dydz_fp   0   1   0   1   1   -1.242119616e+00
dydz_fp   0   1   0   1   0   -2.539736883e-03
dydz_fp   0   1   0   0   4   +3.277453500e+02
dydz_fp   0   1   0   0   3   -8.946056614e+01
dydz_fp   0   1   0   0   2   +1.454917264e+01
dydz_fp   0   1   0   0   1   -5.020596266e+00
dydz_fp   0   1   0   0   0   +7.191359047e-01
dydz_fp   0   0   5   0   0   -2.882734546e+05
dydz_fp   0   0   4   1   0   -5.031454114e+05
dydz_fp   0   0   4   0   1   +3.168429351e+05
dydz_fp   0   0   4   0   0   -1.089442802e+04
dydz_fp   0   0   3   2   0   +9.695226303e+04
dydz_fp   0   0   3   1   1   -2.040039932e+04
dydz_fp   0   0   3   1   0   -1.042546244e+04
dydz_fp   0   0   3   0   2   +9.331395858e+03
dydz_fp   0   0   3   0   1   -1.797787141e+03
dydz_fp   0   0   3   0   0   -2.511545012e+02
dydz_fp   0   0   2   3   0   +2.661318771e+05
dydz_fp   0   0   2   2   1   -1.515665763e+05
dydz_fp   0   0   2   2   0   -1.182803899e+03
dydz_fp   0   0   2   1   2   +2.158611514e+04
dydz_fp   0   0   2   1   1   +3.551220395e+03
dydz_fp   0   0   2   1   0   -9.107040679e+01
dydz_fp   0   0   2   0   3   -1.204686646e+03
dydz_fp   0   0   2   0   2   -1.115063888e+03
dydz_fp   0   0   2   0   1   +1.914374238e+01
dydz_fp   0   0   2   0   0   +5.741324160e-01
dydz_fp   0   0   1   4   0   +3.020930896e+04
dydz_fp   0   0   1   3   1   -1.408554370e+04
dydz_fp   0   0   1   3   0   -4.474600423e+02
dydz_fp   0   0   1   2   2   +5.261094912e+03
dydz_fp   0   0   1   2   1   -1.058424795e+02
dydz_fp   0   0   1   2   0   -8.715044336e+00
dydz_fp   0   0   1   1   3   -1.413928603e+03
dydz_fp   0   0   1   1   2   +2.203104282e+02
dydz_fp   0   0   1   1   1   -2.020231762e+01
dydz_fp   0   0   1   1   0   +7.585357809e+00
dydz_fp   0   0   1   0   4   -1.999324572e+02
dydz_fp   0   0   1   0   3   -3.019582574e+00
dydz_fp   0   0   1   0   2   -3.639459473e-01
dydz_fp   0   0   1   0   1   +1.120804552e-02
dydz_fp   0   0   1   0   0   +1.126725702e-03
dydz_fp   0   0   0   5   0   -3.645057970e+03
dydz_fp   0   0   0   4   1   +3.809590540e+03
dydz_fp   0   0   0   4   0   -1.149224570e+02
dydz_fp   0   0   0   3   2   -3.837202019e+03
dydz_fp   0   0   0   3   1   -2.888690538e+02
dydz_fp   0   0   0   3   0   -1.330712546e+01
dydz_fp   0   0   0   2   3   +7.247074729e+01
dydz_fp   0   0   0   2   2   -1.425511978e+01
dydz_fp   0   0   0   2   1   +1.500975514e+00
dydz_fp   0   0   0   2   0   +5.465992270e-03
dydz_fp   0   0   0   1   4   -4.328807598e+00
dydz_fp   0   0   0   1   3   +8.336539303e+00
dydz_fp   0   0   0   1   2   -5.846839860e+00
dydz_fp   0   0   0   1   1   -2.886505473e+00
dydz_fp   0   0   0   1   0   -2.447927688e+00
dydz_fp   0   0   0   0   5   -3.432236169e+00
dydz_fp   0   0   0   0   4   +2.652669979e-01
dydz_fp   0   0   0   0   3   +2.692365586e-03
dydz_fp   0   0   0   0   2   +9.100603093e-04
dydz_fp   0   0   0   0   1   -3.920811847e-05
dydz_fp   0   0   0   0   0   -4.649067606e-07
x_fp   5   0   0   0   0   +4.966770122e+04
x_fp   4   1   0   0   0   +3.502540543e+04
x_fp   4   0   1   0   0   -7.653776034e+05
x_fp   4   0   0   1   0   -1.120441820e+05
x_fp   4   0   0   0   1   -2.320268285e+04
x_fp   4   0   0   0   0   -2.658954014e+03
x_fp   3   2   0   0   0   -1.665398417e+03
x_fp   3   1   1   0   0   -3.840423882e+05
x_fp   3   1   0   1   0   +3.248016958e+04
x_fp   3   1   0   0   1   +9.429646982e+04
x_fp   3   1   0   0   0   -1.649078451e+02
x_fp   3   0   2   0   0   +4.656535722e+06
x_fp   3   0   1   1   0   +1.271172878e+06
x_fp   3   0   1   0   1   +2.646789470e+05
x_fp   3   0   1   0   0   +3.175392844e+04
x_fp   3   0   0   2   0   -8.599607524e+04
x_fp   3   0   0   1   1   -1.457699858e+05
x_fp   3   0   0   1   0   +2.701581440e+03
x_fp   3   0   0   0   2   +4.851996007e+04
x_fp   3   0   0   0   1   +2.514438638e+03
x_fp   3   0   0   0   0   -3.451879458e+01
x_fp   2   3   0   0   0   -2.221692849e+04
x_fp   2   2   1   0   0   -1.359860001e+04
x_fp   2   2   0   1   0   +1.705819714e+05
x_fp   2   2   0   0   1   -2.204052279e+04
x_fp   2   2   0   0   0   +7.295827718e+01
x_fp   2   1   2   0   0   +1.591606556e+06
x_fp   2   1   1   1   0   -1.486047073e+05
x_fp   2   1   1   0   1   -7.821295570e+05
x_fp   2   1   1   0   0   +1.544358283e+03
x_fp   2   1   0   2   0   -4.492137929e+05
x_fp   2   1   0   1   1   +1.043029054e+05
x_fp   2   1   0   1   0   -1.794445983e+03
x_fp   2   1   0   0   2   -1.173751470e+04
x_fp   2   1   0   0   1   -3.003827902e+02
x_fp   2   1   0   0   0   -9.650126970e-01
x_fp   2   0   3   0   0   -1.408440940e+07
x_fp   2   0   2   1   0   -5.471041515e+06
x_fp   2   0   2   0   1   -1.123260275e+06
x_fp   2   0   2   0   0   -1.409881768e+05
x_fp   2   0   1   2   0   +5.514787351e+05
x_fp   2   0   1   1   1   +1.090266615e+06
x_fp   2   0   1   1   0   -2.216642949e+04
x_fp   2   0   1   0   2   -4.060203552e+05
x_fp   2   0   1   0   1   -2.708886505e+04
x_fp   2   0   1   0   0   +3.284010090e+02
x_fp   2   0   0   3   0   +4.124652319e+05
x_fp   2   0   0   2   1   -1.271698319e+05
x_fp   2   0   0   2   0   +3.350889336e+03
x_fp   2   0   0   1   2   +2.205915003e+04
x_fp   2   0   0   1   1   +1.477810161e+02
x_fp   2   0   0   1   0   -5.121254679e+00
x_fp   2   0   0   0   3   -2.547061899e+03
x_fp   2   0   0   0   2   -1.233431576e+03
x_fp   2   0   0   0   1   +1.187656612e+01
x_fp   2   0   0   0   0   -8.444256483e-01
x_fp   1   4   0   0   0   -3.482249891e+03
x_fp   1   3   1   0   0   +1.150022509e+05
x_fp   1   3   0   1   0   +3.888581139e+04
x_fp   1   3   0   0   1   -2.253658453e+03
x_fp   1   3   0   0   0   +4.447770509e+00
x_fp   1   2   2   0   0   +1.003998956e+05
x_fp   1   2   1   1   0   -8.699796372e+05
x_fp   1   2   1   0   1   +1.118713905e+05
x_fp   1   2   1   0   0   -4.465370858e+02
x_fp   1   2   0   2   0   -1.711310665e+05
x_fp   1   2   0   1   1   +1.367110126e+04
x_fp   1   2   0   1   0   -3.485436524e+02
x_fp   1   2   0   0   2   -8.905608688e+03
x_fp   1   2   0   0   1   -3.676759280e+02
x_fp   1   2   0   0   0   +3.105816089e+00
x_fp   1   1   3   0   0   -2.954559561e+06
x_fp   1   1   2   1   0   +1.679346794e+05
x_fp   1   1   2   0   1   +2.146837208e+06
x_fp   1   1   2   0   0   -4.720710349e+03
x_fp   1   1   1   2   0   +2.305393962e+06
x_fp   1   1   1   1   1   -5.028254471e+05
x_fp   1   1   1   1   0   +1.002418606e+04
x_fp   1   1   1   0   2   +5.728380936e+04
x_fp   1   1   1   0   1   +1.730441779e+03
x_fp   1   1   1   0   0   +1.053991168e+01
x_fp   1   1   0   3   0   +3.310446455e+05
x_fp   1   1   0   2   1   -7.140625611e+04
x_fp   1   1   0   2   0   +1.455127048e+03
x_fp   1   1   0   1   2   +3.504086159e+04
x_fp   1   1   0   1   1   +1.060772812e+03
x_fp   1   1   0   1   0   -7.756057677e+00
x_fp   1   1   0   0   3   -3.974583719e+03
x_fp   1   1   0   0   2   -3.482390119e+02
x_fp   1   1   0   0   1   -1.136534182e+01
x_fp   1   1   0   0   0   +2.042416088e-01
x_fp   1   0   4   0   0   +2.144214111e+07
x_fp   1   0   3   1   0   +1.058194787e+07
x_fp   1   0   3   0   1   +2.092310508e+06
x_fp   1   0   3   0   0   +2.745558122e+05
x_fp   1   0   2   2   0   -1.387339389e+06
x_fp   1   0   2   1   1   -2.394114465e+06
x_fp   1   0   2   1   0   +5.987478017e+04
x_fp   1   0   2   0   2   +1.102543565e+06
x_fp   1   0   2   0   1   +9.216270261e+04
x_fp   1   0   2   0   0   -1.082926009e+03
x_fp   1   0   1   3   0   -2.136403326e+06
x_fp   1   0   1   2   1   +6.011172195e+05
x_fp   1   0   1   2   0   -1.673058285e+04
x_fp   1   0   1   1   2   -5.822858826e+04
x_fp   1   0   1   1   1   -1.037370924e+03
x_fp   1   0   1   1   0   -2.830981410e+01
x_fp   1   0   1   0   3   +9.079444996e+03
x_fp   1   0   1   0   2   +7.220775764e+03
x_fp   1   0   1   0   1   -6.327310086e+01
x_fp   1   0   1   0   0   +1.417967524e+01
x_fp   1   0   0   4   0   -2.252571841e+05
x_fp   1   0   0   3   1   +6.088751937e+04
x_fp   1   0   0   3   0   -1.681774092e+03
x_fp   1   0   0   2   2   -5.383554842e+04
x_fp   1   0   0   2   1   +1.509936138e+02
x_fp   1   0   0   2   0   -1.987026842e+01
x_fp   1   0   0   1   3   +1.161905523e+04
x_fp   1   0   0   1   2   +5.496562770e+02
x_fp   1   0   0   1   1   +2.252447984e+01
x_fp   1   0   0   1   0   -4.767794653e-01
x_fp   1   0   0   0   4   -2.361987301e+02
x_fp   1   0   0   0   3   -9.700589883e+00
x_fp   1   0   0   0   2   -8.069571000e+00
x_fp   1   0   0   0   1   +3.585767474e-01
x_fp   1   0   0   0   0   -1.908293809e+00
x_fp   0   5   0   0   0   -2.112073751e+02
x_fp   0   4   1   0   0   +8.317795415e+03
x_fp   0   4   0   1   0   +3.068235610e+03
x_fp   0   4   0   0   1   +4.138437988e+02
x_fp   0   4   0   0   0   +6.356092136e+00
x_fp   0   3   2   0   0   -1.489919423e+05
x_fp   0   3   1   1   0   -9.262126830e+04
x_fp   0   3   1   0   1   +2.790311547e+03
x_fp   0   3   1   0   0   +1.018331856e+01
x_fp   0   3   0   2   0   -1.602273958e+04
x_fp   0   3   0   1   1   -4.861538421e+03
x_fp   0   3   0   1   0   +7.902712473e+01
x_fp   0   3   0   0   2   +4.653659440e+02
x_fp   0   3   0   0   1   -1.833638097e+01
x_fp   0   3   0   0   0   +4.124868128e-01
x_fp   0   2   3   0   0   -1.303344847e+05
x_fp   0   2   2   1   0   +1.110788394e+06
x_fp   0   2   2   0   1   -1.384729756e+05
x_fp   0   2   2   0   0   +9.914250919e+02
x_fp   0   2   1   2   0   +4.125384673e+05
x_fp   0   2   1   1   1   -5.682771863e+03
x_fp   0   2   1   1   0   +8.110516143e+02
x_fp   0   2   1   0   2   +2.274886283e+04
x_fp   0   2   1   0   1   +9.769145462e+02
x_fp   0   2   1   0   0   -1.705183086e+00
x_fp   0   2   0   3   0   +3.856015171e+04
x_fp   0   2   0   2   1   +1.514192345e+04
x_fp   0   2   0   2   0   -5.560594465e+02
x_fp   0   2   0   1   2   -4.026382327e+03
x_fp   0   2   0   1   1   +1.770387996e+02
x_fp   0   2   0   1   0   -4.106361007e+00
x_fp   0   2   0   0   3   -4.490852719e+02
x_fp   0   2   0   0   2   +5.610627300e+01
x_fp   0   2   0   0   1   -1.896679504e+01
x_fp   0   2   0   0   0   +1.849797215e+00
x_fp   0   1   4   0   0   +2.071785609e+06
x_fp   0   1   3   1   0   -1.041018371e+05
x_fp   0   1   3   0   1   -1.953479467e+06
x_fp   0   1   3   0   0   +4.782451039e+03
x_fp   0   1   2   2   0   -2.977065747e+06
x_fp   0   1   2   1   1   +5.589916306e+05
x_fp   0   1   2   1   0   -1.397822613e+04
x_fp   0   1   2   0   2   -6.937433530e+04
x_fp   0   1   2   0   1   -2.477704818e+03
x_fp   0   1   2   0   0   -2.078189828e+01
x_fp   0   1   1   3   0   -8.043903941e+05
x_fp   0   1   1   2   1   +1.146266474e+05
x_fp   0   1   1   2   0   -3.676973828e+03
x_fp   0   1   1   1   2   -8.341259987e+04
x_fp   0   1   1   1   1   -2.486945732e+03
x_fp   0   1   1   1   0   -9.383174586e+01
x_fp   0   1   1   0   3   +9.851998582e+03
x_fp   0   1   1   0   2   +9.709597815e+02
x_fp   0   1   1   0   1   +3.587965712e+01
x_fp   0   1   1   0   0   -6.416834505e-01
x_fp   0   1   0   4   0   -4.314346152e+04
x_fp   0   1   0   3   1   -1.851439137e+04
x_fp   0   1   0   3   0   +1.257512927e+03
x_fp   0   1   0   2   2   +1.054557965e+04
x_fp   0   1   0   2   1   -5.523375042e+02
x_fp   0   1   0   2   0   +1.346547446e+01
x_fp   0   1   0   1   3   +1.295948378e+02
x_fp   0   1   0   1   2   +1.241404882e+02
x_fp   0   1   0   1   1   +5.634694604e+00
x_fp   0   1   0   1   0   -1.651412737e+01
x_fp   0   1   0   0   4   +3.314933109e+01
x_fp   0   1   0   0   3   -5.743135656e-02
x_fp   0   1   0   0   2   +7.892055809e-01
x_fp   0   1   0   0   1   -5.293284136e-03
x_fp   0   1   0   0   0   -4.939981129e-04
x_fp   0   0   5   0   0   -1.349625803e+07
x_fp   0   0   4   1   0   -7.753915957e+06
x_fp   0   0   4   0   1   -1.429706811e+06
x_fp   0   0   4   0   0   -1.951133811e+05
x_fp   0   0   3   2   0   +1.870946029e+06
x_fp   0   0   3   1   1   +1.359909410e+06
x_fp   0   0   3   1   0   -5.297660208e+04
x_fp   0   0   3   0   2   -9.462662379e+05
x_fp   0   0   3   0   1   -1.004738813e+05
x_fp   0   0   3   0   0   +1.296199358e+03
x_fp   0   0   2   3   0   +2.797672241e+06
x_fp   0   0   2   2   1   -6.550496517e+05
x_fp   0   0   2   2   0   +1.496160760e+04
x_fp   0   0   2   1   2   -8.354434317e+03
x_fp   0   0   2   1   1   +1.737772258e+03
x_fp   0   0   2   1   0   +1.176609350e+02
x_fp   0   0   2   0   3   +2.469517611e+03
x_fp   0   0   2   0   2   -1.080385782e+04
x_fp   0   0   2   0   1   +6.182073870e+01
x_fp   0   0   2   0   0   -4.135669800e+01
x_fp   0   0   1   4   0   +5.041072156e+05
x_fp   0   0   1   3   1   -1.233789586e+05
x_fp   0   0   1   3   0   +4.393775960e+03
x_fp   0   0   1   2   2   +1.407714147e+05
x_fp   0   0   1   2   1   -3.348622317e+02
x_fp   0   0   1   2   0   +2.394023441e+02
x_fp   0   0   1   1   3   -2.961665023e+04
x_fp   0   0   1   1   2   -1.181262352e+03
x_fp   0   0   1   1   1   -6.992169072e+01
x_fp   0   0   1   1   0   +1.308826838e+00
x_fp   0   0   1   0   4   +1.370713893e+03
x_fp   0   0   1   0   3   -3.740922185e+01
x_fp   0   0   1   0   2   -4.946192170e+01
x_fp   0   0   1   0   1   +1.333542702e+01
x_fp   0   0   1   0   0   +4.920139934e+00
x_fp   0   0   0   5   0   +1.700574901e+04
x_fp   0   0   0   4   1   +6.462505540e+01
x_fp   0   0   0   4   0   -1.324445431e+03
x_fp   0   0   0   3   2   -8.099049629e+03
x_fp   0   0   0   3   1   +5.460817103e+02
x_fp   0   0   0   3   0   -1.393897843e+01
x_fp   0   0   0   2   3   +4.499811050e+03
x_fp   0   0   0   2   2   +5.774254403e+02
x_fp   0   0   0   2   1   +1.908059096e+02
x_fp   0   0   0   2   0   +2.117510286e+01
x_fp   0   0   0   1   4   -1.407071275e+01
x_fp   0   0   0   1   3   +5.317719456e+00
x_fp   0   0   0   1   2   -2.311671717e+00
x_fp   0   0   0   1   1   +1.168720368e-02
x_fp   0   0   0   1   0   +1.340017663e-03
x_fp   0   0   0   0   5   +5.101933518e+02
x_fp   0   0   0   0   4   -1.614391881e+02
x_fp   0   0   0   0   3   +5.258835971e+01
x_fp   0   0   0   0   2   -2.346201796e+01
x_fp   0   0   0   0   1   +1.351335553e+01
x_fp   0   0   0   0   0   -1.091871872e-05
y_fp   5   0   0   0   0   +2.473426639e+03
y_fp   4   1   0   0   0   +3.722321744e+03
y_fp   4   0   1   0   0   -2.927117405e+04
y_fp   4   0   0   1   0   -5.539379311e+03
y_fp   4   0   0   0   1   +1.473403754e+02
y_fp   4   0   0   0   0   +4.952125817e+01
y_fp   3   2   0   0   0   -9.522392466e+02
y_fp   3   1   1   0   0   -4.057162046e+04
y_fp   3   1   0   1   0   +3.924012872e+03
y_fp   3   1   0   0   1   -7.198003934e+02
y_fp   3   1   0   0   0   +6.110060046e+00
y_fp   3   0   2   0   0   +1.356908654e+05
y_fp   3   0   1   1   0   +5.853624101e+04
y_fp   3   0   1   0   1   +1.542677822e+03
y_fp   3   0   1   0   0   -5.028990277e+02
y_fp   3   0   0   2   0   +1.171505926e+01
y_fp   3   0   0   1   1   +3.844438278e+03
y_fp   3   0   0   1   0   -7.661363489e+01
y_fp   3   0   0   0   2   +1.274031267e+03
y_fp   3   0   0   0   1   +1.347057135e+02
y_fp   3   0   0   0   0   -6.330406493e+00
y_fp   2   3   0   0   0   +2.020641888e+02
y_fp   2   2   1   0   0   +8.462647820e+03
y_fp   2   2   0   1   0   -5.183569709e+03
y_fp   2   2   0   0   1   +2.689756761e+03
y_fp   2   2   0   0   0   -4.977435357e+01
y_fp   2   1   2   0   0   +1.670589728e+05
y_fp   2   1   1   1   0   -3.277479184e+04
y_fp   2   1   1   0   1   +5.787945752e+03
y_fp   2   1   1   0   0   -5.822090069e+01
y_fp   2   1   0   2   0   +1.718903938e+04
y_fp   2   1   0   1   1   -1.412831636e+04
y_fp   2   1   0   1   0   +2.690252249e+02
y_fp   2   1   0   0   2   +2.420938901e+03
y_fp   2   1   0   0   1   +1.998998571e+02
y_fp   2   1   0   0   0   +2.979245659e-01
y_fp   2   0   3   0   0   -3.071191424e+05
y_fp   2   0   2   1   0   -2.374910143e+05
y_fp   2   0   2   0   1   -2.663323687e+04
y_fp   2   0   2   0   0   +1.828385571e+03
y_fp   2   0   1   2   0   -2.420901487e+03
y_fp   2   0   1   1   1   -3.755497796e+04
y_fp   2   0   1   1   0   +8.200835653e+02
y_fp   2   0   1   0   2   -1.352660643e+04
y_fp   2   0   1   0   1   -1.221118028e+03
y_fp   2   0   1   0   0   +5.451730117e+01
y_fp   2   0   0   3   0   -1.565821614e+04
y_fp   2   0   0   2   1   +1.664967820e+04
y_fp   2   0   0   2   0   -3.334621899e+02
y_fp   2   0   0   1   2   -4.199283490e+03
y_fp   2   0   0   1   1   +1.336306280e+02
y_fp   2   0   0   1   0   +2.151850158e+00
y_fp   2   0   0   0   3   +1.533280448e+02
y_fp   2   0   0   0   2   +1.245323078e+02
y_fp   2   0   0   0   1   +2.216527664e+00
y_fp   2   0   0   0   0   -4.856803700e-02
y_fp   1   4   0   0   0   -1.727206022e+02
y_fp   1   3   1   0   0   -1.406090042e+03
y_fp   1   3   0   1   0   +1.735288227e+03
y_fp   1   3   0   0   1   -1.983734073e+02
y_fp   1   3   0   0   0   -1.472844015e+01
y_fp   1   2   2   0   0   -2.427884319e+04
y_fp   1   2   1   1   0   +3.143394339e+04
y_fp   1   2   1   0   1   -1.474948667e+04
y_fp   1   2   1   0   0   +2.914110547e+02
y_fp   1   2   0   2   0   -5.810616277e+03
y_fp   1   2   0   1   1   +2.542312834e+03
y_fp   1   2   0   1   0   +1.445919722e+02
y_fp   1   2   0   0   2   -1.547122773e+02
y_fp   1   2   0   0   1   +1.557117425e+00
y_fp   1   2   0   0   0   +9.270792962e-02
y_fp   1   1   3   0   0   -3.074050312e+05
y_fp   1   1   2   1   0   +8.580412595e+04
y_fp   1   1   2   0   1   -1.388231891e+04
y_fp   1   1   2   0   0   +2.786021573e+02
y_fp   1   1   1   2   0   -1.044129739e+05
y_fp   1   1   1   1   1   +7.229098220e+04
y_fp   1   1   1   1   0   -1.547542088e+03
y_fp   1   1   1   0   2   -1.344119484e+04
y_fp   1   1   1   0   1   -1.026126420e+03
y_fp   1   1   1   0   0   +8.503780699e+00
y_fp   1   1   0   3   0   +7.664693540e+03
y_fp   1   1   0   2   1   -8.216396968e+03
y_fp   1   1   0   2   0   -3.930626180e+02
y_fp   1   1   0   1   2   +4.380682720e+03
y_fp   1   1   0   1   1   -1.382717998e+00
y_fp   1   1   0   1   0   -2.530114872e+00
y_fp   1   1   0   0   3   -2.226993907e+02
y_fp   1   1   0   0   2   +5.586561692e+01
y_fp   1   1   0   0   1   -6.388703990e+00
y_fp   1   1   0   0   0   +7.498332720e-01
y_fp   1   0   4   0   0   +3.381318062e+05
y_fp   1   0   3   1   0   +4.434219473e+05
y_fp   1   0   3   0   1   +1.044232267e+05
y_fp   1   0   3   0   0   -2.761735006e+03
y_fp   1   0   2   2   0   +1.817928673e+04
y_fp   1   0   2   1   1   +1.197485031e+05
y_fp   1   0   2   1   0   -3.087196954e+03
y_fp   1   0   2   0   2   +4.692506838e+04
y_fp   1   0   2   0   1   +3.676182666e+03
y_fp   1   0   2   0   0   -1.563895077e+02
y_fp   1   0   1   3   0   +9.761042541e+04
y_fp   1   0   1   2   1   -9.809252508e+04
y_fp   1   0   1   2   0   +1.853327546e+03
y_fp   1   0   1   1   2   +1.898520076e+04
y_fp   1   0   1   1   1   -1.303585335e+03
y_fp   1   0   1   1   0   -1.697620689e+01
y_fp   1   0   1   0   3   +1.609943197e+02
y_fp   1   0   1   0   2   -7.143225388e+02
y_fp   1   0   1   0   1   -1.699063092e+01
y_fp   1   0   1   0   0   +2.740915828e-01
y_fp   1   0   0   4   0   -4.415680181e+03
y_fp   1   0   0   3   1   +6.125681500e+03
y_fp   1   0   0   3   0   +3.671215841e+02
y_fp   1   0   0   2   2   -9.756563341e+03
y_fp   1   0   0   2   1   +1.181664465e+01
y_fp   1   0   0   2   0   +7.086791648e+00
y_fp   1   0   0   1   3   +2.135202277e+02
y_fp   1   0   0   1   2   -1.690072278e+02
y_fp   1   0   0   1   1   +1.036406465e+01
y_fp   1   0   0   1   0   -3.647884616e+00
y_fp   1   0   0   0   4   +4.957863303e+02
y_fp   1   0   0   0   3   -2.996780786e+00
y_fp   1   0   0   0   2   -1.471709909e+00
y_fp   1   0   0   0   1   -3.392375766e-03
y_fp   1   0   0   0   0   +3.328916981e-04
y_fp   0   5   0   0   0   -4.321942490e+01
y_fp   0   4   1   0   0   +4.344206671e+02
y_fp   0   4   0   1   0   +9.257691459e+02
y_fp   0   4   0   0   1   -3.302338541e+02
y_fp   0   4   0   0   0   +2.787669912e+00
y_fp   0   3   2   0   0   +3.737781003e+03
y_fp   0   3   1   1   0   -4.060528603e+03
y_fp   0   3   1   0   1   +6.464332409e+02
y_fp   0   3   1   0   0   +1.051551798e+02
y_fp   0   3   0   2   0   -5.426984002e+03
y_fp   0   3   0   1   1   +2.854662973e+03
y_fp   0   3   0   1   0   -3.062591374e+01
y_fp   0   3   0   0   2   +1.714668451e+02
y_fp   0   3   0   0   1   -6.557424658e+01
y_fp   0   3   0   0   0   +5.344186037e+00
y_fp   0   2   3   0   0   +2.253067370e+04
y_fp   0   2   2   1   0   -5.590304335e+04
y_fp   0   2   2   0   1   +2.030387499e+04
y_fp   0   2   2   0   0   -4.251725139e+02
y_fp   0   2   1   2   0   +1.174173638e+04
y_fp   0   2   1   1   1   -1.265845159e+04
y_fp   0   2   1   1   0   -8.529296116e+02
y_fp   0   2   1   0   2   +4.797250347e+02
y_fp   0   2   1   0   1   +7.196726593e-01
y_fp   0   2   1   0   0   -2.991676140e-01
y_fp   0   2   0   3   0   +1.428566222e+04
y_fp   0   2   0   2   1   -8.942309818e+03
y_fp   0   2   0   2   0   +1.246742211e+02
y_fp   0   2   0   1   2   +1.365207949e+03
y_fp   0   2   0   1   1   +4.250513584e+01
y_fp   0   2   0   1   0   -3.824870382e+01
y_fp   0   2   0   0   3   -2.094282520e+02
y_fp   0   2   0   0   2   +2.376478400e-01
y_fp   0   2   0   0   1   +2.028327243e-01
y_fp   0   2   0   0   0   -5.563929663e-04
y_fp   0   1   4   0   0   +2.121665381e+05
y_fp   0   1   3   1   0   -6.891762169e+04
y_fp   0   1   3   0   1   +7.401044427e+03
y_fp   0   1   3   0   0   -6.633845916e+02
y_fp   0   1   2   2   0   +1.778458226e+05
y_fp   0   1   2   1   1   -9.169095453e+04
y_fp   0   1   2   1   0   +2.227770164e+03
y_fp   0   1   2   0   2   +2.058541257e+04
y_fp   0   1   2   0   1   +8.714555692e+02
y_fp   0   1   2   0   0   -2.690155488e+01
y_fp   0   1   1   3   0   -1.063314538e+04
y_fp   0   1   1   2   1   +4.505761185e+04
y_fp   0   1   1   2   0   +1.789765966e+03
y_fp   0   1   1   1   2   -1.316357465e+04
y_fp   0   1   1   1   1   -1.914634022e+01
y_fp   0   1   1   1   0   +7.434661013e+00
y_fp   0   1   1   0   3   +3.533803647e+02
y_fp   0   1   1   0   2   -3.992101990e+01
y_fp   0   1   1   0   1   +4.010356074e+00
y_fp   0   1   1   0   0   -4.215093917e+00
y_fp   0   1   0   4   0   -1.859268193e+04
y_fp   0   1   0   3   1   +1.229022819e+04
y_fp   0   1   0   3   0   -2.169848075e+02
y_fp   0   1   0   2   2   +7.020027292e+02
y_fp   0   1   0   2   1   +6.856605824e+02
y_fp   0   1   0   2   0   +1.353607059e+02
y_fp   0   1   0   1   3   +8.635956379e+02
y_fp   0   1   0   1   2   -6.795885635e+00
y_fp   0   1   0   1   1   -1.017734750e+00
y_fp   0   1   0   1   0   +1.845732652e-03
y_fp   0   1   0   0   4   +1.316436204e+03
y_fp   0   1   0   0   3   -2.990377694e+02
y_fp   0   1   0   0   2   +5.911712225e+01
y_fp   0   1   0   0   1   -8.815292017e+00
y_fp   0   1   0   0   0   +1.998260198e-01
y_fp   0   0   5   0   0   -1.440314017e+05
y_fp   0   0   4   1   0   -3.262276693e+05
y_fp   0   0   4   0   1   -1.267177617e+05
y_fp   0   0   4   0   0   +1.401333265e+03
y_fp   0   0   3   2   0   -3.377280514e+04
y_fp   0   0   3   1   1   -1.262437187e+05
y_fp   0   0   3   1   0   +4.235689983e+03
y_fp   0   0   3   0   2   -5.334848127e+04
y_fp   0   0   3   0   1   -3.676748547e+03
y_fp   0   0   3   0   0   +1.492616910e+02
y_fp   0   0   2   3   0   -1.675457671e+05
y_fp   0   0   2   2   1   +1.430043715e+05
y_fp   0   0   2   2   0   -2.604569669e+03
y_fp   0   0   2   1   2   -1.701278913e+04
y_fp   0   0   2   1   1   +3.532965257e+03
y_fp   0   0   2   1   0   +5.718180084e+01
y_fp   0   0   2   0   3   -1.612795332e+03
y_fp   0   0   2   0   2   +1.027903102e+03
y_fp   0   0   2   0   1   +3.047360182e+01
y_fp   0   0   2   0   0   -3.960437766e-01
y_fp   0   0   1   4   0   +3.083786510e+03
y_fp   0   0   1   3   1   -3.796414546e+04
y_fp   0   0   1   3   0   -1.452408444e+03
y_fp   0   0   1   2   2   +2.936238815e+04
y_fp   0   0   1   2   1   -1.694395396e+01
y_fp   0   0   1   2   0   -2.043395053e+01
y_fp   0   0   1   1   3   -3.743407869e+02
y_fp   0   0   1   1   2   +8.621467654e+02
y_fp   0   0   1   1   1   +2.274149698e+01
y_fp   0   0   1   1   0   +2.283755068e+01
y_fp   0   0   1   0   4   -1.368128427e+03
y_fp   0   0   1   0   3   +8.752430436e+00
y_fp   0   0   1   0   2   +4.133727243e+00
y_fp   0   0   1   0   1   +9.513820865e-03
y_fp   0   0   1   0   0   -8.837537044e-04
y_fp   0   0   0   5   0   +1.220645704e+04
y_fp   0   0   0   4   1   -6.251894402e+03
y_fp   0   0   0   4   0   +1.439351047e+02
y_fp   0   0   0   3   2   -1.179160332e+04
y_fp   0   0   0   3   1   -1.976011789e+03
y_fp   0   0   0   3   0   -1.316013495e+02
y_fp   0   0   0   2   3   -6.371655547e+02
y_fp   0   0   0   2   2   +1.221072761e+01
y_fp   0   0   0   2   1   +1.070582603e+00
y_fp   0   0   0   2   0   -6.833956682e-03
y_fp   0   0   0   1   4   +8.677799244e+01
y_fp   0   0   0   1   3   +5.474698537e+01
y_fp   0   0   0   1   2   -2.655213702e+01
y_fp   0   0   0   1   1   +1.478491013e+01
y_fp   0   0   0   1   0   -2.070153404e+00
y_fp   0   0   0   0   5   -2.232961462e+00
y_fp   0   0   0   0   4   +7.903704810e-01
y_fp   0   0   0   0   3   -4.728480803e-02
y_fp   0   0   0   0   2   -2.681278539e-03
y_fp   0   0   0   0   1   -1.312069249e-05
y_fp   0   0   0   0   0   -5.158252640e-03
