# Polynomial metadata: 
# -- Order: 5
# -- Trained on data: 'data/mc/mc_R_production.root'
# -- Input branches: { x_q1 y_q1 dxdz_q1 dydz_q1 dpp_q1 }
# -- Time created: Mon Jan 12 10:06:41 2026

poly-DoF 5
is-RHRS 1
dpp_sv   5   0   0   0   0   -1.380562762e+05
dpp_sv   4   1   0   0   0   -3.871932833e+05
dpp_sv   4   0   1   0   0   +2.135471781e+06
dpp_sv   4   0   0   1   0   +8.473520714e+05
dpp_sv   4   0   0   0   1   -2.329586268e+05
dpp_sv   4   0   0   0   0   +3.343716526e+03
dpp_sv   3   2   0   0   0   +3.183238535e+05
dpp_sv   3   1   1   0   0   +4.194581215e+06
dpp_sv   3   1   0   1   0   -8.319080203e+05
dpp_sv   3   1   0   0   1   -2.089382769e+05
dpp_sv   3   1   0   0   0   +2.258901668e+04
dpp_sv   3   0   2   0   0   -1.376447941e+07
dpp_sv   3   0   1   1   0   -8.619647097e+06
dpp_sv   3   0   1   0   1   +2.380564562e+06
dpp_sv   3   0   1   0   0   -3.756623667e+04
dpp_sv   3   0   0   2   0   -4.608314174e+05
dpp_sv   3   0   0   1   1   +8.280778071e+05
dpp_sv   3   0   0   1   0   -2.942827054e+04
dpp_sv   3   0   0   0   2   -1.804223983e+05
dpp_sv   3   0   0   0   1   -3.340095392e+03
dpp_sv   3   0   0   0   0   -1.879310650e+01
dpp_sv   2   3   0   0   0   +2.560032235e+05
dpp_sv   2   2   1   0   0   -2.852842837e+06
dpp_sv   2   2   0   1   0   -2.528050608e+06
dpp_sv   2   2   0   0   1   -2.598439969e+04
dpp_sv   2   2   0   0   0   +3.189446761e+04
dpp_sv   2   1   2   0   0   -1.766991099e+07
dpp_sv   2   1   1   1   0   +7.907163541e+06
dpp_sv   2   1   1   0   1   +1.604381422e+06
dpp_sv   2   1   1   0   0   -1.971407048e+05
dpp_sv   2   1   0   2   0   +6.602317702e+06
dpp_sv   2   1   0   1   1   +1.876683360e+05
dpp_sv   2   1   0   1   0   -1.477931890e+05
dpp_sv   2   1   0   0   2   -3.511244274e+04
dpp_sv   2   1   0   0   1   -4.541590127e+03
dpp_sv   2   1   0   0   0   +1.107977419e+03
dpp_sv   2   0   3   0   0   +4.527665538e+07
dpp_sv   2   0   2   1   0   +3.423151100e+07
dpp_sv   2   0   2   0   1   -9.127664706e+06
dpp_sv   2   0   2   0   0   +1.466596857e+05
dpp_sv   2   0   1   2   0   +1.829285489e+06
dpp_sv   2   0   1   1   1   -6.285588935e+06
dpp_sv   2   0   1   1   0   +2.851005197e+05
dpp_sv   2   0   1   0   2   +1.468443310e+06
dpp_sv   2   0   1   0   1   +2.477258994e+04
dpp_sv   2   0   1   0   0   +1.958001271e+02
dpp_sv   2   0   0   3   0   -4.839602578e+06
dpp_sv   2   0   0   2   1   -4.349677599e+05
dpp_sv   2   0   0   2   0   +1.550540835e+05
dpp_sv   2   0   0   1   2   +1.060194351e+05
dpp_sv   2   0   0   1   1   +1.760059420e+04
dpp_sv   2   0   0   1   0   -2.273027434e+03
dpp_sv   2   0   0   0   3   -1.592280743e+03
dpp_sv   2   0   0   0   2   -2.352539110e+03
dpp_sv   2   0   0   0   1   -6.892595684e+01
dpp_sv   2   0   0   0   0   +4.510668547e+00
dpp_sv   1   4   0   0   0   -1.085899731e+05
dpp_sv   1   3   1   0   0   -1.155812906e+06
dpp_sv   1   3   0   1   0   +1.098560543e+06
dpp_sv   1   3   0   0   1   -1.006406883e+05
dpp_sv   1   3   0   0   0   +1.781734153e+03
dpp_sv   1   2   2   0   0   +8.352489424e+06
dpp_sv   1   2   1   1   0   +1.141227371e+07
dpp_sv   1   2   1   0   1   +2.005357103e+05
dpp_sv   1   2   1   0   0   -1.690748277e+05
dpp_sv   1   2   0   2   0   -4.303271871e+06
dpp_sv   1   2   0   1   1   +7.720053446e+05
dpp_sv   1   2   0   1   0   -1.164458769e+04
dpp_sv   1   2   0   0   2   +7.439269024e+02
dpp_sv   1   2   0   0   1   +1.728375604e+02
dpp_sv   1   2   0   0   0   +8.028299595e+01
dpp_sv   1   1   3   0   0   +3.405437693e+07
dpp_sv   1   1   2   1   0   -2.392168633e+07
dpp_sv   1   1   2   0   1   -4.105021037e+06
dpp_sv   1   1   2   0   0   +5.695407022e+05
dpp_sv   1   1   1   2   0   -2.904347018e+07
dpp_sv   1   1   1   1   1   -1.125720293e+06
dpp_sv   1   1   1   1   0   +7.658521969e+05
dpp_sv   1   1   1   0   2   +1.524845369e+05
dpp_sv   1   1   1   0   1   +2.757734967e+04
dpp_sv   1   1   1   0   0   -6.089254073e+03
dpp_sv   1   1   0   3   0   +7.512395593e+06
dpp_sv   1   1   0   2   1   -1.866037259e+06
dpp_sv   1   1   0   2   0   +2.253310059e+04
dpp_sv   1   1   0   1   2   -4.050437084e+04
dpp_sv   1   1   0   1   1   +2.241860466e+02
dpp_sv   1   1   0   1   0   -3.457470351e+02
dpp_sv   1   1   0   0   3   -4.960175505e+03
dpp_sv   1   1   0   0   2   +1.856787222e+02
dpp_sv   1   1   0   0   1   +2.209244528e+01
dpp_sv   1   1   0   0   0   -6.007895502e-02
dpp_sv   1   0   4   0   0   -7.486793932e+07
dpp_sv   1   0   3   1   0   -6.253872806e+07
dpp_sv   1   0   3   0   1   +1.551382873e+07
dpp_sv   1   0   3   0   0   -2.319104714e+05
dpp_sv   1   0   2   2   0   -6.221533778e+05
dpp_sv   1   0   2   1   1   +1.584285810e+07
dpp_sv   1   0   2   1   0   -8.912464024e+05
dpp_sv   1   0   2   0   2   -3.974376940e+06
dpp_sv   1   0   2   0   1   -6.114646655e+04
dpp_sv   1   0   2   0   0   -6.790307355e+02
dpp_sv   1   0   1   3   0   +2.033608969e+07
dpp_sv   1   0   1   2   1   +2.124309704e+06
dpp_sv   1   0   1   2   0   -7.884419878e+05
dpp_sv   1   0   1   1   2   -4.137400934e+05
dpp_sv   1   0   1   1   1   -9.629621481e+04
dpp_sv   1   0   1   1   0   +1.232446384e+04
dpp_sv   1   0   1   0   3   +5.309052448e+02
dpp_sv   1   0   1   0   2   +1.227175865e+04
dpp_sv   1   0   1   0   1   +4.338716547e+02
dpp_sv   1   0   1   0   0   -2.496525676e+01
dpp_sv   1   0   0   4   0   -4.803239859e+06
dpp_sv   1   0   0   3   1   +1.392971019e+06
dpp_sv   1   0   0   3   0   -1.124597135e+04
dpp_sv   1   0   0   2   2   +1.206389588e+05
dpp_sv   1   0   0   2   1   -1.893569775e+03
dpp_sv   1   0   0   2   0   +3.452534821e+02
dpp_sv   1   0   0   1   3   +7.062088484e+03
dpp_sv   1   0   0   1   2   -3.292382447e+02
dpp_sv   1   0   0   1   1   -4.824705460e+01
dpp_sv   1   0   0   1   0   -4.450073662e-01
dpp_sv   1   0   0   0   4   +3.055643443e+03
dpp_sv   1   0   0   0   3   -1.212589121e+02
dpp_sv   1   0   0   0   2   -7.235104479e+00
dpp_sv   1   0   0   0   1   +1.775982048e-01
dpp_sv   1   0   0   0   0   -4.171600428e-04
dpp_sv   0   5   0   0   0   +9.045373488e+03
dpp_sv   0   4   1   0   0   +2.885933089e+05
dpp_sv   0   4   0   1   0   -9.374381615e+04
dpp_sv   0   4   0   0   1   +1.191945181e+03
dpp_sv   0   4   0   0   0   +4.367931548e+02
dpp_sv   0   3   2   0   0   +1.277560601e+06
dpp_sv   0   3   1   1   0   -2.876533933e+06
dpp_sv   0   3   1   0   1   +2.548538469e+05
dpp_sv   0   3   1   0   0   -4.303623332e+03
dpp_sv   0   3   0   2   0   +3.085152898e+05
dpp_sv   0   3   0   1   1   +4.440745968e+03
dpp_sv   0   3   0   1   0   -5.502567957e+03
dpp_sv   0   3   0   0   2   +2.838961373e+03
dpp_sv   0   3   0   0   1   +2.452451153e+02
dpp_sv   0   3   0   0   0   -1.616819510e+01
dpp_sv   0   2   3   0   0   -8.025312937e+06
dpp_sv   0   2   2   1   0   -1.269989279e+07
dpp_sv   0   2   2   0   1   -3.275927270e+05
dpp_sv   0   2   2   0   0   +2.226416268e+05
dpp_sv   0   2   1   2   0   +1.109076034e+07
dpp_sv   0   2   1   1   1   -1.924634538e+06
dpp_sv   0   2   1   1   0   +2.660667338e+04
dpp_sv   0   2   1   0   2   -5.543000584e+03
dpp_sv   0   2   1   0   1   +7.179295753e+01
dpp_sv   0   2   1   0   0   -2.245217196e+02
dpp_sv   0   2   0   3   0   -2.629186786e+05
dpp_sv   0   2   0   2   1   -8.032429073e+04
dpp_sv   0   2   0   2   0   +2.532836454e+04
dpp_sv   0   2   0   1   2   -1.684677746e+04
dpp_sv   0   2   0   1   1   -2.111880898e+03
dpp_sv   0   2   0   1   0   +1.529252817e+02
dpp_sv   0   2   0   0   3   -1.058025581e+03
dpp_sv   0   2   0   0   2   +3.264857609e+01
dpp_sv   0   2   0   0   1   -5.103745181e+00
dpp_sv   0   2   0   0   0   -1.004478633e-01
dpp_sv   0   1   4   0   0   -2.510821309e+07
dpp_sv   0   1   3   1   0   +2.337619334e+07
dpp_sv   0   1   3   0   1   +3.496299529e+06
dpp_sv   0   1   3   0   0   -5.449557764e+05
dpp_sv   0   1   2   2   0   +3.158026508e+07
dpp_sv   0   1   2   1   1   +1.517712309e+06
dpp_sv   0   1   2   1   0   -9.800303827e+05
dpp_sv   0   1   2   0   2   -1.563917739e+05
dpp_sv   0   1   2   0   1   -4.200562897e+04
dpp_sv   0   1   2   0   0   +8.375545741e+03
dpp_sv   0   1   1   3   0   -1.902675643e+07
dpp_sv   0   1   1   2   1   +4.561381104e+06
dpp_sv   0   1   1   2   0   -4.566536661e+04
dpp_sv   0   1   1   1   2   +1.197943476e+05
dpp_sv   0   1   1   1   1   -3.807654432e+03
dpp_sv   0   1   1   1   0   +9.696331856e+02
dpp_sv   0   1   1   0   3   +1.325976546e+04
dpp_sv   0   1   1   0   2   -4.122678064e+02
dpp_sv   0   1   1   0   1   -6.119173527e+01
dpp_sv   0   1   1   0   0   +6.302062149e-02
dpp_sv   0   1   0   4   0   -3.503603464e+05
dpp_sv   0   1   0   3   1   +2.286904136e+05
dpp_sv   0   1   0   3   0   -4.968817169e+04
dpp_sv   0   1   0   2   2   +3.112415144e+04
dpp_sv   0   1   0   2   1   +5.618545956e+03
dpp_sv   0   1   0   2   0   -4.545336905e+02
dpp_sv   0   1   0   1   3   +5.709822164e+03
dpp_sv   0   1   0   1   2   -1.036799582e+02
dpp_sv   0   1   0   1   1   +2.714626970e+01
dpp_sv   0   1   0   1   0   +2.779308953e-02
dpp_sv   0   1   0   0   4   +1.649348630e+02
dpp_sv   0   1   0   0   3   -1.212543915e+01
dpp_sv   0   1   0   0   2   -5.781308187e-01
dpp_sv   0   1   0   0   1   +1.143109167e-01
dpp_sv   0   1   0   0   0   -5.341827083e-03
dpp_sv   0   0   5   0   0   +4.932411927e+07
dpp_sv   0   0   4   1   0   +4.390852009e+07
dpp_sv   0   0   4   0   1   -9.823422140e+06
dpp_sv   0   0   4   0   0   +1.185562082e+05
dpp_sv   0   0   3   2   0   -2.691086806e+06
dpp_sv   0   0   3   1   1   -1.324429096e+07
dpp_sv   0   0   3   1   0   +9.062270131e+05
dpp_sv   0   0   3   0   2   +3.576941063e+06
dpp_sv   0   0   3   0   1   +5.032016796e+04
dpp_sv   0   0   3   0   0   +7.738064046e+02
dpp_sv   0   0   2   3   0   -2.110679023e+07
dpp_sv   0   0   2   2   1   -2.428116612e+06
dpp_sv   0   0   2   2   0   +9.818742830e+05
dpp_sv   0   0   2   1   2   +3.657398281e+05
dpp_sv   0   0   2   1   1   +1.327881972e+05
dpp_sv   0   0   2   1   0   -1.673933860e+04
dpp_sv   0   0   2   0   3   +8.906210485e+03
dpp_sv   0   0   2   0   2   -1.593301763e+04
dpp_sv   0   0   2   0   1   -6.664005779e+02
dpp_sv   0   0   2   0   0   +3.473977106e+01
dpp_sv   0   0   1   4   0   +1.194635848e+07
dpp_sv   0   0   1   3   1   -3.329602281e+06
dpp_sv   0   0   1   3   0   +1.482473016e+04
dpp_sv   0   0   1   2   2   -3.202065100e+05
dpp_sv   0   0   1   2   1   +9.717724963e+03
dpp_sv   0   0   1   2   0   -9.967785387e+02
dpp_sv   0   0   1   1   3   -1.821996360e+04
dpp_sv   0   0   1   1   2   +6.556124222e+02
dpp_sv   0   0   1   1   1   +1.403093154e+02
dpp_sv   0   0   1   1   0   +1.496787263e+00
dpp_sv   0   0   1   0   4   -8.755792185e+03
dpp_sv   0   0   1   0   3   +3.377182683e+02
dpp_sv   0   0   1   0   2   +1.885441160e+01
dpp_sv   0   0   1   0   1   -5.120961055e-01
dpp_sv   0   0   1   0   0   +3.608595607e-03
dpp_sv   0   0   0   5   0   +4.884120968e+05
dpp_sv   0   0   0   4   1   -1.895049749e+05
dpp_sv   0   0   0   4   0   +3.483910977e+04
dpp_sv   0   0   0   3   2   -1.661418291e+04
dpp_sv   0   0   0   3   1   -4.667426104e+03
dpp_sv   0   0   0   3   0   +4.279132504e+02
dpp_sv   0   0   0   2   3   -7.190320075e+03
dpp_sv   0   0   0   2   2   +2.826271722e+01
dpp_sv   0   0   0   2   1   -3.111654686e+01
dpp_sv   0   0   0   2   0   +7.025388778e-01
dpp_sv   0   0   0   1   4   -1.057507226e+03
dpp_sv   0   0   0   1   3   +3.447328643e+01
dpp_sv   0   0   0   1   2   +8.740910479e-01
dpp_sv   0   0   0   1   1   -3.630454889e-01
dpp_sv   0   0   0   1   0   +1.131203008e-02
dpp_sv   0   0   0   0   5   +9.686805900e+01
dpp_sv   0   0   0   0   4   -3.325980229e+00
dpp_sv   0   0   0   0   3   -1.167633416e-01
dpp_sv   0   0   0   0   2   +2.179298730e-02
dpp_sv   0   0   0   0   1   +9.995985981e-01
dpp_sv   0   0   0   0   0   -5.045892105e-04
dxdz_sv   5   0   0   0   0   -3.966039099e+05
dxdz_sv   4   1   0   0   0   -4.112219179e+05
dxdz_sv   4   0   1   0   0   +5.112468800e+06
dxdz_sv   4   0   0   1   0   +1.646158213e+06
dxdz_sv   4   0   0   0   1   +6.714305032e+04
dxdz_sv   4   0   0   0   0   +2.206573663e+03
dxdz_sv   3   2   0   0   0   -1.444703847e+05
dxdz_sv   3   1   1   0   0   +4.282614037e+06
dxdz_sv   3   1   0   1   0   +3.962859509e+05
dxdz_sv   3   1   0   0   1   -1.029430807e+05
dxdz_sv   3   1   0   0   0   +1.952125794e+02
dxdz_sv   3   0   2   0   0   -2.628832126e+07
dxdz_sv   3   0   1   1   0   -1.735402568e+07
dxdz_sv   3   0   1   0   1   -8.835022709e+05
dxdz_sv   3   0   1   0   0   -4.228516273e+04
dxdz_sv   3   0   0   2   0   -2.089805090e+05
dxdz_sv   3   0   0   1   1   +2.460206731e+05
dxdz_sv   3   0   0   1   0   -3.225122579e+04
dxdz_sv   3   0   0   0   2   +1.014155256e+04
dxdz_sv   3   0   0   0   1   +1.034238374e+03
dxdz_sv   3   0   0   0   0   +1.502151327e+03
dxdz_sv   2   3   0   0   0   -1.989664571e+05
dxdz_sv   2   2   1   0   0   +1.682878845e+06
dxdz_sv   2   2   0   1   0   +1.312323233e+06
dxdz_sv   2   2   0   0   1   -2.153631819e+05
dxdz_sv   2   2   0   0   0   +1.114703327e+04
dxdz_sv   2   1   2   0   0   -1.684110297e+07
dxdz_sv   2   1   1   1   0   -5.527603051e+06
dxdz_sv   2   1   1   0   1   +9.391627535e+05
dxdz_sv   2   1   1   0   0   +9.185753659e+03
dxdz_sv   2   1   0   2   0   -2.881567939e+06
dxdz_sv   2   1   0   1   1   +1.048792370e+06
dxdz_sv   2   1   0   1   0   -4.742762140e+04
dxdz_sv   2   1   0   0   2   -3.244056453e+04
dxdz_sv   2   1   0   0   1   +2.837196391e+03
dxdz_sv   2   1   0   0   0   +4.291551999e+01
dxdz_sv   2   0   3   0   0   +6.744348085e+07
dxdz_sv   2   0   2   1   0   +6.911524572e+07
dxdz_sv   2   0   2   0   1   +4.165649537e+06
dxdz_sv   2   0   2   0   0   +2.482243569e+05
dxdz_sv   2   0   1   2   0   +5.108181298e+06
dxdz_sv   2   0   1   1   1   -2.347270693e+06
dxdz_sv   2   0   1   1   0   +1.930971010e+05
dxdz_sv   2   0   1   0   2   -8.422172748e+04
dxdz_sv   2   0   1   0   1   -1.266859752e+03
dxdz_sv   2   0   1   0   0   -1.273145764e+04
dxdz_sv   2   0   0   3   0   +1.943739127e+06
dxdz_sv   2   0   0   2   1   -1.264959747e+06
dxdz_sv   2   0   0   2   0   +4.607541378e+04
dxdz_sv   2   0   0   1   2   +8.838637019e+04
dxdz_sv   2   0   0   1   1   -4.280419010e+03
dxdz_sv   2   0   0   1   0   +1.372099060e+02
dxdz_sv   2   0   0   0   3   -6.752344633e+03
dxdz_sv   2   0   0   0   2   -3.377271892e+01
dxdz_sv   2   0   0   0   1   -1.418863930e+01
dxdz_sv   2   0   0   0   0   +1.233599685e-01
dxdz_sv   1   4   0   0   0   +1.038509244e+04
dxdz_sv   1   3   1   0   0   +1.062271371e+06
dxdz_sv   1   3   0   1   0   -5.102982831e+05
dxdz_sv   1   3   0   0   1   +2.819087290e+04
dxdz_sv   1   3   0   0   0   +2.888236126e+02
dxdz_sv   1   2   2   0   0   -5.775588596e+06
dxdz_sv   1   2   1   1   0   -7.065170362e+06
dxdz_sv   1   2   1   0   1   +1.137029195e+06
dxdz_sv   1   2   1   0   0   -5.921928670e+04
dxdz_sv   1   2   0   2   0   +2.833928601e+06
dxdz_sv   1   2   0   1   1   -3.008409752e+05
dxdz_sv   1   2   0   1   0   -1.331860042e+03
dxdz_sv   1   2   0   0   2   +1.180213320e+04
dxdz_sv   1   2   0   0   1   -1.176839134e+02
dxdz_sv   1   2   0   0   0   +3.420854103e+01
dxdz_sv   1   1   3   0   0   +2.966560172e+07
dxdz_sv   1   1   2   1   0   +2.016373515e+07
dxdz_sv   1   1   2   0   1   -2.720899743e+06
dxdz_sv   1   1   2   0   0   -6.075949749e+04
dxdz_sv   1   1   1   2   0   +1.557762025e+07
dxdz_sv   1   1   1   1   1   -5.509082962e+06
dxdz_sv   1   1   1   1   0   +2.510135693e+05
dxdz_sv   1   1   1   0   2   +1.655985463e+05
dxdz_sv   1   1   1   0   1   -1.487043260e+04
dxdz_sv   1   1   1   0   0   -2.366637287e+02
dxdz_sv   1   1   0   3   0   -5.614943557e+06
dxdz_sv   1   1   0   2   1   +8.925487243e+05
dxdz_sv   1   1   0   2   0   +5.156717865e+03
dxdz_sv   1   1   0   1   2   -6.253772014e+04
dxdz_sv   1   1   0   1   1   +5.087683684e+01
dxdz_sv   1   1   0   1   0   +1.241012464e+02
dxdz_sv   1   1   0   0   3   +1.267149679e+03
dxdz_sv   1   1   0   0   2   -4.135019810e+01
dxdz_sv   1   1   0   0   1   -2.039085409e+01
dxdz_sv   1   1   0   0   0   +3.181211674e+00
dxdz_sv   1   0   4   0   0   -8.638358959e+07
dxdz_sv   1   0   3   1   0   -1.233139255e+08
dxdz_sv   1   0   3   0   1   -8.453466305e+06
dxdz_sv   1   0   3   0   0   -5.890395947e+05
dxdz_sv   1   0   2   2   0   -2.107119835e+07
dxdz_sv   1   0   2   1   1   +6.923790569e+06
dxdz_sv   1   0   2   1   0   -3.183018614e+05
dxdz_sv   1   0   2   0   2   +2.461074281e+05
dxdz_sv   1   0   2   0   1   -1.710944572e+04
dxdz_sv   1   0   2   0   0   +3.582185917e+04
dxdz_sv   1   0   1   3   0   -1.046568114e+07
dxdz_sv   1   0   1   2   1   +6.574639984e+06
dxdz_sv   1   0   1   2   0   -2.464098226e+05
dxdz_sv   1   0   1   1   2   -4.436436922e+05
dxdz_sv   1   0   1   1   1   +2.322400911e+04
dxdz_sv   1   0   1   1   0   -7.735412545e+02
dxdz_sv   1   0   1   0   3   +3.690515463e+04
dxdz_sv   1   0   1   0   2   +1.929942127e+02
dxdz_sv   1   0   1   0   1   +8.313795336e+01
dxdz_sv   1   0   1   0   0   -9.687894003e-01
dxdz_sv   1   0   0   4   0   +3.895353780e+06
dxdz_sv   1   0   0   3   1   -8.625704533e+05
dxdz_sv   1   0   0   3   0   -8.162949326e+03
dxdz_sv   1   0   0   2   2   +8.365290111e+04
dxdz_sv   1   0   0   2   1   +1.272438837e+03
dxdz_sv   1   0   0   2   0   -4.330871950e+02
dxdz_sv   1   0   0   1   3   -2.734415423e+03
dxdz_sv   1   0   0   1   2   -1.059379996e+02
dxdz_sv   1   0   0   1   1   +8.504115924e+01
dxdz_sv   1   0   0   1   0   -3.509807119e+00
dxdz_sv   1   0   0   0   4   +4.003628691e+02
dxdz_sv   1   0   0   0   3   -3.326372423e+00
dxdz_sv   1   0   0   0   2   -4.529901121e+00
dxdz_sv   1   0   0   0   1   +1.260403590e-01
dxdz_sv   1   0   0   0   0   +1.999611072e-02
dxdz_sv   0   5   0   0   0   +1.042216835e+03
dxdz_sv   0   4   1   0   0   -3.633547281e+04
dxdz_sv   0   4   0   1   0   -2.385299203e+04
dxdz_sv   0   4   0   0   1   +2.512586555e+03
dxdz_sv   0   4   0   0   0   -1.996532637e+02
dxdz_sv   0   3   2   0   0   -1.410613101e+06
dxdz_sv   0   3   1   1   0   +1.332842121e+06
dxdz_sv   0   3   1   0   1   -7.414799011e+04
dxdz_sv   0   3   1   0   0   -7.990821254e+02
dxdz_sv   0   3   0   2   0   +1.855188526e+05
dxdz_sv   0   3   0   1   1   -3.488032971e+04
dxdz_sv   0   3   0   1   0   +2.526303985e+03
dxdz_sv   0   3   0   0   2   +1.079432109e+03
dxdz_sv   0   3   0   0   1   -2.114235531e+02
dxdz_sv   0   3   0   0   0   +3.451922951e+00
dxdz_sv   0   2   3   0   0   +6.182633301e+06
dxdz_sv   0   2   2   1   0   +9.441608226e+06
dxdz_sv   0   2   2   0   1   -1.495370937e+06
dxdz_sv   0   2   2   0   0   +7.839246723e+04
dxdz_sv   0   2   1   2   0   -7.138495206e+06
dxdz_sv   0   2   1   1   1   +7.565877335e+05
dxdz_sv   0   2   1   1   0   +6.530644649e+03
dxdz_sv   0   2   1   0   2   -3.013796429e+04
dxdz_sv   0   2   1   0   1   +1.606543086e+01
dxdz_sv   0   2   1   0   0   -3.446297504e+01
dxdz_sv   0   2   0   3   0   -6.523365533e+05
dxdz_sv   0   2   0   2   1   +1.759910596e+05
dxdz_sv   0   2   0   2   0   -1.176060212e+04
dxdz_sv   0   2   0   1   2   -1.300211101e+04
dxdz_sv   0   2   0   1   1   +2.063458236e+03
dxdz_sv   0   2   0   1   0   -3.086371626e+01
dxdz_sv   0   2   0   0   3   +3.410247306e+02
dxdz_sv   0   2   0   0   2   -1.045172666e+02
dxdz_sv   0   2   0   0   1   +3.573701482e+00
dxdz_sv   0   2   0   0   0   +2.013795587e-02
dxdz_sv   0   1   4   0   0   -1.976276285e+07
dxdz_sv   0   1   3   1   0   -2.201005013e+07
dxdz_sv   0   1   3   0   1   +2.534842389e+06
dxdz_sv   0   1   3   0   0   +9.133052198e+04
dxdz_sv   0   1   2   2   0   -2.084112793e+07
dxdz_sv   0   1   2   1   1   +7.202478261e+06
dxdz_sv   0   1   2   1   0   -3.304966914e+05
dxdz_sv   0   1   2   0   2   -2.100521330e+05
dxdz_sv   0   1   2   0   1   +1.935407982e+04
dxdz_sv   0   1   2   0   0   +3.244503698e+02
dxdz_sv   0   1   1   3   0   +1.381929629e+07
dxdz_sv   0   1   1   2   1   -2.169924016e+06
dxdz_sv   0   1   1   2   0   -2.553514699e+04
dxdz_sv   0   1   1   1   2   +1.531867765e+05
dxdz_sv   0   1   1   1   1   +1.772249461e+03
dxdz_sv   0   1   1   1   0   -4.718199319e+02
dxdz_sv   0   1   1   0   3   -2.824042122e+03
dxdz_sv   0   1   1   0   2   +3.027044165e+01
dxdz_sv   0   1   1   0   1   +5.439508654e+01
dxdz_sv   0   1   1   0   0   -3.738229961e+00
dxdz_sv   0   1   0   4   0   +1.070636295e+06
dxdz_sv   0   1   0   3   1   -3.796485955e+05
dxdz_sv   0   1   0   3   0   +2.394914584e+04
dxdz_sv   0   1   0   2   2   +4.288213689e+04
dxdz_sv   0   1   0   2   1   -6.513589261e+03
dxdz_sv   0   1   0   2   0   +9.061514246e+01
dxdz_sv   0   1   0   1   3   -2.440892267e+03
dxdz_sv   0   1   0   1   2   +5.915494161e+02
dxdz_sv   0   1   0   1   1   -2.113340958e+01
dxdz_sv   0   1   0   1   0   -2.191879055e-01
dxdz_sv   0   1   0   0   4   +1.877067478e+02
dxdz_sv   0   1   0   0   3   -2.166484096e+01
dxdz_sv   0   1   0   0   2   +1.106576809e+00
dxdz_sv   0   1   0   0   1   +2.672468501e-02
dxdz_sv   0   1   0   0   0   -6.727214158e-04
dxdz_sv   0   0   5   0   0   +4.421803859e+07
dxdz_sv   0   0   4   1   0   +8.317837717e+07
dxdz_sv   0   0   4   0   1   +6.279798850e+06
dxdz_sv   0   0   4   0   0   +4.958343678e+05
dxdz_sv   0   0   3   2   0   +2.381661131e+07
dxdz_sv   0   0   3   1   1   -6.441512421e+06
dxdz_sv   0   0   3   1   0   +8.835414384e+04
dxdz_sv   0   0   3   0   2   -2.490420716e+05
dxdz_sv   0   0   3   0   1   +3.506672948e+04
dxdz_sv   0   0   3   0   0   -3.351787438e+04
dxdz_sv   0   0   2   3   0   +1.390513374e+07
dxdz_sv   0   0   2   2   1   -8.507622345e+06
dxdz_sv   0   0   2   2   0   +3.276680701e+05
dxdz_sv   0   0   2   1   2   +5.535032964e+05
dxdz_sv   0   0   2   1   1   -3.132769368e+04
dxdz_sv   0   0   2   1   0   +1.098124520e+03
dxdz_sv   0   0   2   0   3   -5.029788721e+04
dxdz_sv   0   0   2   0   2   -2.815738182e+02
dxdz_sv   0   0   2   0   1   -1.221364095e+02
dxdz_sv   0   0   2   0   0   +1.763242895e+00
dxdz_sv   0   0   1   4   0   -9.392103541e+06
dxdz_sv   0   0   1   3   1   +2.029980732e+06
dxdz_sv   0   0   1   3   0   +3.375021296e+04
dxdz_sv   0   0   1   2   2   -1.914381070e+05
dxdz_sv   0   0   1   2   1   -6.241037434e+03
dxdz_sv   0   0   1   2   0   +1.220774087e+03
dxdz_sv   0   0   1   1   3   +5.163700778e+03
dxdz_sv   0   0   1   1   2   +5.851696760e+02
dxdz_sv   0   0   1   1   1   -2.219340404e+02
dxdz_sv   0   0   1   1   0   +4.299718859e+00
dxdz_sv   0   0   1   0   4   -1.125686488e+03
dxdz_sv   0   0   1   0   3   -1.475005972e+00
dxdz_sv   0   0   1   0   2   +1.161769723e+01
dxdz_sv   0   0   1   0   1   -1.277865203e-01
dxdz_sv   0   0   1   0   0   +9.619323427e-01
dxdz_sv   0   0   0   5   0   -6.615217977e+05
dxdz_sv   0   0   0   4   1   +2.930524260e+05
dxdz_sv   0   0   0   4   0   -1.791275015e+04
dxdz_sv   0   0   0   3   2   -4.270195272e+04
dxdz_sv   0   0   0   3   1   +6.647865197e+03
dxdz_sv   0   0   0   3   0   -9.233005078e+01
dxdz_sv   0   0   0   2   3   +4.001904361e+03
dxdz_sv   0   0   0   2   2   -8.522399905e+02
dxdz_sv   0   0   0   2   1   +3.192745267e+01
dxdz_sv   0   0   0   2   0   +3.890722083e-01
dxdz_sv   0   0   0   1   4   -6.932537911e+02
dxdz_sv   0   0   0   1   3   +5.614069669e+01
dxdz_sv   0   0   0   1   2   -3.013664204e+00
dxdz_sv   0   0   0   1   1   -8.843962755e-02
dxdz_sv   0   0   0   1   0   +1.605234417e-03
dxdz_sv   0   0   0   0   5   -2.070750949e+01
dxdz_sv   0   0   0   0   4   -1.361546461e+00
dxdz_sv   0   0   0   0   3   +9.510896487e-02
dxdz_sv   0   0   0   0   2   +7.726718662e-03
dxdz_sv   0   0   0   0   1   -1.347162915e-04
dxdz_sv   0   0   0   0   0   -3.883960168e-06
dydz_sv   5   0   0   0   0   +3.255910405e+05
dydz_sv   4   1   0   0   0   +3.598222072e+05
dydz_sv   4   0   1   0   0   -4.777593267e+06
dydz_sv   4   0   0   1   0   -1.470329966e+05
dydz_sv   4   0   0   0   1   -1.816335729e+05
dydz_sv   4   0   0   0   0   -3.246672831e+04
dydz_sv   3   2   0   0   0   +2.961067580e+05
dydz_sv   3   1   1   0   0   -3.034657945e+06
dydz_sv   3   1   0   1   0   -5.241083713e+05
dydz_sv   3   1   0   0   1   +3.740585964e+05
dydz_sv   3   1   0   0   0   -1.095814890e+04
dydz_sv   3   0   2   0   0   +2.771945530e+07
dydz_sv   3   0   1   1   0   +4.689908294e+04
dydz_sv   3   0   1   0   1   +2.301775092e+06
dydz_sv   3   0   1   0   0   +3.533985673e+05
dydz_sv   3   0   0   2   0   -7.390418026e+05
dydz_sv   3   0   0   1   1   -7.985772159e+05
dydz_sv   3   0   0   1   0   +4.410829418e+04
dydz_sv   3   0   0   0   2   -4.957814774e+03
dydz_sv   3   0   0   0   1   +5.488386327e+03
dydz_sv   3   0   0   0   0   -1.338407920e+02
dydz_sv   2   3   0   0   0   -9.091133190e+05
dydz_sv   2   2   1   0   0   -2.450282617e+06
dydz_sv   2   2   0   1   0   +4.287243096e+06
dydz_sv   2   2   0   0   1   +6.144081321e+04
dydz_sv   2   2   0   0   0   +4.345669086e+04
dydz_sv   2   1   2   0   0   +8.942063944e+06
dydz_sv   2   1   1   1   0   +4.807948033e+06
dydz_sv   2   1   1   0   1   -2.941979030e+06
dydz_sv   2   1   1   0   0   +8.258795917e+04
dydz_sv   2   1   0   2   0   -6.115973030e+06
dydz_sv   2   1   0   1   1   -9.032449078e+05
dydz_sv   2   1   0   1   0   -1.997206531e+05
dydz_sv   2   1   0   0   2   +6.257647828e+04
dydz_sv   2   1   0   0   1   +1.183293621e+04
dydz_sv   2   1   0   0   0   +6.769589011e+02
dydz_sv   2   0   3   0   0   -7.962995657e+07
dydz_sv   2   0   2   1   0   +5.439235935e+06
dydz_sv   2   0   2   0   1   -1.062566976e+07
dydz_sv   2   0   2   0   0   -1.444123459e+06
dydz_sv   2   0   1   2   0   +4.528929453e+06
dydz_sv   2   0   1   1   1   +6.157519645e+06
dydz_sv   2   0   1   1   0   -3.343954223e+05
dydz_sv   2   0   1   0   2   +1.076782674e+05
dydz_sv   2   0   1   0   1   -4.713795253e+04
dydz_sv   2   0   1   0   0   +1.102394101e+03
dydz_sv   2   0   0   3   0   +2.353760988e+06
dydz_sv   2   0   0   2   1   +1.699662602e+06
dydz_sv   2   0   0   2   0   +2.201257276e+05
dydz_sv   2   0   0   1   2   -1.925115934e+05
dydz_sv   2   0   0   1   1   -2.588958861e+04
dydz_sv   2   0   0   1   0   -9.663032216e+02
dydz_sv   2   0   0   0   3   -6.545893091e+03
dydz_sv   2   0   0   0   2   -7.501388947e+00
dydz_sv   2   0   0   0   1   -2.199123248e+01
dydz_sv   2   0   0   0   0   +1.151278812e+00
dydz_sv   1   4   0   0   0   -5.007935149e+04
dydz_sv   1   3   1   0   0   +4.569296153e+06
dydz_sv   1   3   0   1   0   +4.936361223e+05
dydz_sv   1   3   0   0   1   -2.140828941e+04
dydz_sv   1   3   0   0   0   +6.855316714e+02
dydz_sv   1   2   2   0   0   +6.711675811e+06
dydz_sv   1   2   1   1   0   -2.203338546e+07
dydz_sv   1   2   1   0   1   -3.314999617e+05
dydz_sv   1   2   1   0   0   -2.248904472e+05
dydz_sv   1   2   0   2   0   -1.923932522e+06
dydz_sv   1   2   0   1   1   +1.765116935e+05
dydz_sv   1   2   0   1   0   -5.565976195e+03
dydz_sv   1   2   0   0   2   +1.996616787e+03
dydz_sv   1   2   0   0   1   +2.614534575e+02
dydz_sv   1   2   0   0   0   +4.811517777e+01
dydz_sv   1   1   3   0   0   -1.025120072e+07
dydz_sv   1   1   2   1   0   -1.420553221e+07
dydz_sv   1   1   2   0   1   +7.684374465e+06
dydz_sv   1   1   2   0   0   -2.064172748e+05
dydz_sv   1   1   1   2   0   +3.302764471e+07
dydz_sv   1   1   1   1   1   +4.501011524e+06
dydz_sv   1   1   1   1   0   +1.026624766e+06
dydz_sv   1   1   1   0   2   -3.119478990e+05
dydz_sv   1   1   1   0   1   -5.997831692e+04
dydz_sv   1   1   1   0   0   -3.497386510e+03
dydz_sv   1   1   0   3   0   +3.383417699e+06
dydz_sv   1   1   0   2   1   -5.037065000e+05
dydz_sv   1   1   0   2   0   +1.447836446e+04
dydz_sv   1   1   0   1   2   -1.095467553e+04
dydz_sv   1   1   0   1   1   -2.350024102e+03
dydz_sv   1   1   0   1   0   -2.024811175e+02
dydz_sv   1   1   0   0   3   -1.508041399e+02
dydz_sv   1   1   0   0   2   -9.746763227e+01
dydz_sv   1   1   0   0   1   -1.975580123e+00
dydz_sv   1   1   0   0   0   +2.427485245e-01
dydz_sv   1   0   4   0   0   +1.134215011e+08
dydz_sv   1   0   3   1   0   -1.886025465e+07
dydz_sv   1   0   3   0   1   +2.133495858e+07
dydz_sv   1   0   3   0   0   +2.624775762e+06
dydz_sv   1   0   2   2   0   -8.783624257e+06
dydz_sv   1   0   2   1   1   -1.572170046e+07
dydz_sv   1   0   2   1   0   +8.421934560e+05
dydz_sv   1   0   2   0   2   -4.706819716e+05
dydz_sv   1   0   2   0   1   +1.343990613e+05
dydz_sv   1   0   2   0   0   -3.035078618e+03
dydz_sv   1   0   1   3   0   -1.438586127e+07
dydz_sv   1   0   1   2   1   -8.389888469e+06
dydz_sv   1   0   1   2   0   -1.126855801e+06
dydz_sv   1   0   1   1   2   +9.722909384e+05
dydz_sv   1   0   1   1   1   +1.321406479e+05
dydz_sv   1   0   1   1   0   +5.005903442e+03
dydz_sv   1   0   1   0   3   +3.555126919e+04
dydz_sv   1   0   1   0   2   +2.546116533e+02
dydz_sv   1   0   1   0   1   +1.342440760e+02
dydz_sv   1   0   1   0   0   -2.367968451e+00
dydz_sv   1   0   0   4   0   -2.192289400e+06
dydz_sv   1   0   0   3   1   +4.681988272e+05
dydz_sv   1   0   0   3   0   -1.211879604e+04
dydz_sv   1   0   0   2   2   +2.583358458e+04
dydz_sv   1   0   0   2   1   +4.061575467e+03
dydz_sv   1   0   0   2   0   +1.993550172e+02
dydz_sv   1   0   0   1   3   -2.347687314e+03
dydz_sv   1   0   0   1   2   -2.074472245e+02
dydz_sv   1   0   0   1   1   +9.064795876e+00
dydz_sv   1   0   0   1   0   -6.345592735e-01
dydz_sv   1   0   0   0   4   +1.003948926e+03
dydz_sv   1   0   0   0   3   +6.299190656e+01
dydz_sv   1   0   0   0   2   -5.067303898e+00
dydz_sv   1   0   0   0   1   -1.051475425e-01
dydz_sv   1   0   0   0   0   -1.089213561e-03
dydz_sv   0   5   0   0   0   +4.352946803e+04
dydz_sv   0   4   1   0   0   +1.333080733e+05
dydz_sv   0   4   0   1   0   -4.266361761e+05
dydz_sv   0   4   0   0   1   +3.420621162e+04
dydz_sv   0   4   0   0   0   +2.114882237e+03
dydz_sv   0   3   2   0   0   -5.808592720e+06
dydz_sv   0   3   1   1   0   -1.286650348e+06
dydz_sv   0   3   1   0   1   +5.278165400e+04
dydz_sv   0   3   1   0   0   -1.545701366e+03
dydz_sv   0   3   0   2   0   +1.776775320e+06
dydz_sv   0   3   0   1   1   -2.750115690e+05
dydz_sv   0   3   0   1   0   -1.327015241e+04
dydz_sv   0   3   0   0   2   +7.670538815e+03
dydz_sv   0   3   0   0   1   +1.021233145e+03
dydz_sv   0   3   0   0   0   +4.712720197e+01
dydz_sv   0   2   3   0   0   -6.091008909e+06
dydz_sv   0   2   2   1   0   +2.867712805e+07
dydz_sv   0   2   2   0   1   +4.210290381e+05
dydz_sv   0   2   2   0   0   +2.914230400e+05
dydz_sv   0   2   1   2   0   +4.916969399e+06
dydz_sv   0   2   1   1   1   -4.307730467e+05
dydz_sv   0   2   1   1   0   +1.230776354e+04
dydz_sv   0   2   1   0   2   -7.063555874e+03
dydz_sv   0   2   1   0   1   -5.458160308e+02
dydz_sv   0   2   1   0   0   -1.320584942e+02
dydz_sv   0   2   0   3   0   -3.731586444e+06
dydz_sv   0   2   0   2   1   +7.857194923e+05
dydz_sv   0   2   0   2   0   +3.229534434e+04
dydz_sv   0   2   0   1   2   -3.573108726e+04
dydz_sv   0   2   0   1   1   -6.360754971e+03
dydz_sv   0   2   0   1   0   -3.201626611e+02
dydz_sv   0   2   0   0   3   -2.306746905e+03
dydz_sv   0   2   0   0   2   +3.212983949e+02
dydz_sv   0   2   0   0   1   +1.450378508e+01
dydz_sv   0   2   0   0   0   -3.407129431e+00
dydz_sv   0   1   4   0   0   +3.109601519e+06
dydz_sv   0   1   3   1   0   +1.364438934e+07
dydz_sv   0   1   3   0   1   -6.666894333e+06
dydz_sv   0   1   3   0   0   +1.709836455e+05
dydz_sv   0   1   2   2   0   -4.498900908e+07
dydz_sv   0   1   2   1   1   -5.542673086e+06
dydz_sv   0   1   2   1   0   -1.315669707e+06
dydz_sv   0   1   2   0   2   +3.868503077e+05
dydz_sv   0   1   2   0   1   +7.543935966e+04
dydz_sv   0   1   2   0   0   +4.620193458e+03
dydz_sv   0   1   1   3   0   -8.514947961e+06
dydz_sv   0   1   1   2   1   +1.222692138e+06
dydz_sv   0   1   1   2   0   -3.157053036e+04
dydz_sv   0   1   1   1   2   +4.377432633e+04
dydz_sv   0   1   1   1   1   +5.383809415e+03
dydz_sv   0   1   1   1   0   +5.525248038e+02
dydz_sv   0   1   1   0   3   -1.289138175e+03
dydz_sv   0   1   1   0   2   +3.497285699e+02
dydz_sv   0   1   1   0   1   +7.117092586e+00
dydz_sv   0   1   1   0   0   -6.898222204e-01
dydz_sv   0   1   0   4   0   +3.757786992e+06
dydz_sv   0   1   0   3   1   -8.573344267e+05
dydz_sv   0   1   0   3   0   -3.930644420e+04
dydz_sv   0   1   0   2   2   +2.477639155e+04
dydz_sv   0   1   0   2   1   +1.553215226e+04
dydz_sv   0   1   0   2   0   +6.518069864e+02
dydz_sv   0   1   0   1   3   +1.237074152e+04
dydz_sv   0   1   0   1   2   -1.821597023e+03
dydz_sv   0   1   0   1   1   -4.490406907e+01
dydz_sv   0   1   0   1   0   +1.028597892e+01
dydz_sv   0   1   0   0   4   -5.568449344e+02
dydz_sv   0   1   0   0   3   +5.508564719e+01
dydz_sv   0   1   0   0   2   +8.338963650e-02
dydz_sv   0   1   0   0   1   -5.502245069e-01
dydz_sv   0   1   0   0   0   -6.524459616e-02
dydz_sv   0   0   5   0   0   -6.415462082e+07
dydz_sv   0   0   4   1   0   +1.813127424e+07
dydz_sv   0   0   4   0   1   -1.579296667e+07
dydz_sv   0   0   4   0   0   -1.790558755e+06
dydz_sv   0   0   3   2   0   +5.210867903e+06
dydz_sv   0   0   3   1   1   +1.329257632e+07
dydz_sv   0   0   3   1   0   -7.045774383e+05
dydz_sv   0   0   3   0   2   +5.818641089e+05
dydz_sv   0   0   3   0   1   -1.272124437e+05
dydz_sv   0   0   3   0   0   +2.790529768e+03
dydz_sv   0   0   2   3   0   +2.154548169e+07
dydz_sv   0   0   2   2   1   +1.031370043e+07
dydz_sv   0   0   2   2   0   +1.434811814e+06
dydz_sv   0   0   2   1   2   -1.227705268e+06
dydz_sv   0   0   2   1   1   -1.675379229e+05
dydz_sv   0   0   2   1   0   -6.631331124e+03
dydz_sv   0   0   2   0   3   -4.795323926e+04
dydz_sv   0   0   2   0   2   -6.491073251e+02
dydz_sv   0   0   2   0   1   -1.985838183e+02
dydz_sv   0   0   2   0   0   +1.847048239e+00
dydz_sv   0   0   1   4   0   +5.469308435e+06
dydz_sv   0   0   1   3   1   -1.128776602e+06
dydz_sv   0   0   1   3   0   +2.619957629e+04
dydz_sv   0   0   1   2   2   -9.095495513e+04
dydz_sv   0   0   1   2   1   -9.359336274e+03
dydz_sv   0   0   1   2   0   -5.499363658e+02
dydz_sv   0   0   1   1   3   +9.481580683e+03
dydz_sv   0   0   1   1   2   +2.849361836e+02
dydz_sv   0   0   1   1   1   -2.578261133e+01
dydz_sv   0   0   1   1   0   +1.825980980e+00
dydz_sv   0   0   1   0   4   -2.546121457e+03
dydz_sv   0   0   1   0   3   -1.609175039e+02
dydz_sv   0   0   1   0   2   +1.320197439e+01
dydz_sv   0   0   1   0   1   +2.607816913e-01
dydz_sv   0   0   1   0   0   +4.344337239e-03
dydz_sv   0   0   0   5   0   -1.384907116e+06
dydz_sv   0   0   0   4   1   +2.287508942e+05
dydz_sv   0   0   0   4   0   +2.210456284e+04
dydz_sv   0   0   0   3   2   +3.765821466e+04
dydz_sv   0   0   0   3   1   -1.434108632e+04
dydz_sv   0   0   0   3   0   -3.823835013e+02
dydz_sv   0   0   0   2   3   -1.751585586e+04
dydz_sv   0   0   0   2   2   +2.675280261e+03
dydz_sv   0   0   0   2   1   +1.529804555e+01
dydz_sv   0   0   0   2   0   -8.519760148e+00
dydz_sv   0   0   0   1   4   +1.342688911e+03
dydz_sv   0   0   0   1   3   -1.650888261e+02
dydz_sv   0   0   0   1   2   +3.709964519e+00
dydz_sv   0   0   0   1   1   +1.021899888e+00
dydz_sv   0   0   0   1   0   +1.081355877e+00
dydz_sv   0   0   0   0   5   +1.699622081e+01
dydz_sv   0   0   0   0   4   +1.924465228e+00
dydz_sv   0   0   0   0   3   +2.616011981e-02
dydz_sv   0   0   0   0   2   +1.107625015e-01
dydz_sv   0   0   0   0   1   -1.362078441e-01
dydz_sv   0   0   0   0   0   +7.170075164e-03
x_sv   5   0   0   0   0   +1.623583370e+05
x_sv   4   1   0   0   0   +8.088048256e+04
x_sv   4   0   1   0   0   -2.358625006e+06
x_sv   4   0   0   1   0   -2.865209626e+04
x_sv   4   0   0   0   1   -1.511765613e+03
x_sv   4   0   0   0   0   -3.468095762e+03
x_sv   3   2   0   0   0   -2.400535116e+05
x_sv   3   1   1   0   0   -8.720202659e+05
x_sv   3   1   0   1   0   +1.261899343e+06
x_sv   3   1   0   0   1   -1.008199611e+05
x_sv   3   1   0   0   0   -1.096743527e+03
x_sv   3   0   2   0   0   +1.349620017e+07
x_sv   3   0   1   1   0   +2.766004060e+05
x_sv   3   0   1   0   1   +5.137342558e+04
x_sv   3   0   1   0   0   +4.223469349e+04
x_sv   3   0   0   2   0   -1.682720799e+06
x_sv   3   0   0   1   1   +2.225875396e+05
x_sv   3   0   0   1   0   +7.240068854e+03
x_sv   3   0   0   0   2   -2.017318884e+04
x_sv   3   0   0   0   1   +6.624466019e+02
x_sv   3   0   0   0   0   -4.255063464e+02
x_sv   2   3   0   0   0   -3.649832256e+04
x_sv   2   2   1   0   0   +1.878207682e+06
x_sv   2   2   0   1   0   +2.555577152e+05
x_sv   2   2   0   0   1   -4.878755220e+03
x_sv   2   2   0   0   0   +2.596787631e+03
x_sv   2   1   2   0   0   +3.558276747e+06
x_sv   2   1   1   1   0   -9.692205323e+06
x_sv   2   1   1   0   1   +7.723370159e+05
x_sv   2   1   1   0   0   +7.379146351e+03
x_sv   2   1   0   2   0   -5.899205180e+05
x_sv   2   1   0   1   1   -2.963556785e+02
x_sv   2   1   0   1   0   -1.403485522e+04
x_sv   2   1   0   0   2   +1.383192309e+03
x_sv   2   1   0   0   1   +1.369919412e+03
x_sv   2   1   0   0   0   -5.213001228e+01
x_sv   2   0   3   0   0   -3.813551944e+07
x_sv   2   0   2   1   0   -1.174871255e+06
x_sv   2   0   2   0   1   -3.386701317e+05
x_sv   2   0   2   0   0   -1.909639247e+05
x_sv   2   0   1   2   0   +1.267055535e+07
x_sv   2   0   1   1   1   -1.674165047e+06
x_sv   2   0   1   1   0   -3.402026925e+04
x_sv   2   0   1   0   2   +1.620372094e+05
x_sv   2   0   1   0   1   -7.942404251e+03
x_sv   2   0   1   0   0   +3.660880259e+03
x_sv   2   0   0   3   0   +4.037431793e+05
x_sv   2   0   0   2   1   +4.294507712e+04
x_sv   2   0   0   2   0   +2.015189224e+04
x_sv   2   0   0   1   2   -8.164325272e+03
x_sv   2   0   0   1   1   -4.478678114e+03
x_sv   2   0   0   1   0   +5.829124115e+01
x_sv   2   0   0   0   3   +7.513478335e+02
x_sv   2   0   0   0   2   +4.865328195e+02
x_sv   2   0   0   0   1   -4.210859223e+00
x_sv   2   0   0   0   0   -1.110030126e+00
x_sv   1   4   0   0   0   -4.276454172e+03
x_sv   1   3   1   0   0   +2.049106886e+05
x_sv   1   3   0   1   0   +7.345743708e+04
x_sv   1   3   0   0   1   -4.284750676e+03
x_sv   1   3   0   0   0   -1.533175948e+02
x_sv   1   2   2   0   0   -4.891588004e+06
x_sv   1   2   1   1   0   -1.476627008e+06
x_sv   1   2   1   0   1   +3.685857877e+04
x_sv   1   2   1   0   0   -1.442033793e+04
x_sv   1   2   0   2   0   -3.653542653e+05
x_sv   1   2   0   1   1   +4.402318705e+04
x_sv   1   2   0   1   0   -8.574008966e+02
x_sv   1   2   0   0   2   -5.782245996e+02
x_sv   1   2   0   0   1   +2.846720017e+02
x_sv   1   2   0   0   0   -2.753016523e+01
x_sv   1   1   3   0   0   -6.511868931e+06
x_sv   1   1   2   1   0   +2.483098723e+07
x_sv   1   1   2   0   1   -1.979769655e+06
x_sv   1   1   2   0   0   -1.236642834e+04
x_sv   1   1   1   2   0   +3.544384185e+06
x_sv   1   1   1   1   1   -7.671200441e+04
x_sv   1   1   1   1   0   +7.832011689e+04
x_sv   1   1   1   0   2   -2.970450470e+03
x_sv   1   1   1   0   1   -7.575495753e+03
x_sv   1   1   1   0   0   +2.809824328e+02
x_sv   1   1   0   3   0   +7.243732004e+05
x_sv   1   1   0   2   1   -1.293461670e+05
x_sv   1   1   0   2   0   +3.533114062e+03
x_sv   1   1   0   1   2   +4.356861619e+03
x_sv   1   1   0   1   1   -1.158870061e+03
x_sv   1   1   0   1   0   +7.532403211e+01
x_sv   1   1   0   0   3   +1.173439174e+03
x_sv   1   1   0   0   2   +5.721310551e+01
x_sv   1   1   0   0   1   -8.899820087e-01
x_sv   1   1   0   0   0   -2.117624864e+00
x_sv   1   0   4   0   0   +5.332766911e+07
x_sv   1   0   3   1   0   +2.555912142e+06
x_sv   1   0   3   0   1   +8.226731974e+05
x_sv   1   0   3   0   0   +3.805627553e+05
x_sv   1   0   2   2   0   -3.203368498e+07
x_sv   1   0   2   1   1   +4.261992519e+06
x_sv   1   0   2   1   0   +1.777445376e+04
x_sv   1   0   2   0   2   -4.367637618e+05
x_sv   1   0   2   0   1   +2.885459167e+04
x_sv   1   0   2   0   0   -1.042753674e+04
x_sv   1   0   1   3   0   -2.612365936e+06
x_sv   1   0   1   2   1   -8.471556975e+04
x_sv   1   0   1   2   0   -1.096977509e+05
x_sv   1   0   1   1   2   +2.126427756e+04
x_sv   1   0   1   1   1   +2.417966466e+04
x_sv   1   0   1   1   0   -2.648981945e+02
x_sv   1   0   1   0   3   -3.045652803e+03
x_sv   1   0   1   0   2   -2.694745779e+03
x_sv   1   0   1   0   1   +1.811931138e+01
x_sv   1   0   1   0   0   +6.140593218e+00
x_sv   1   0   0   4   0   -5.033025715e+05
x_sv   1   0   0   3   1   +1.193937526e+05
x_sv   1   0   0   3   0   -2.095483237e+03
x_sv   1   0   0   2   2   -5.033625742e+03
x_sv   1   0   0   2   1   +7.413873135e+02
x_sv   1   0   0   2   0   -4.940756741e+01
x_sv   1   0   0   1   3   -2.727826041e+03
x_sv   1   0   0   1   2   +8.297372261e+00
x_sv   1   0   0   1   1   +1.127809122e+00
x_sv   1   0   0   1   0   +1.282594993e+00
x_sv   1   0   0   0   4   -1.313863560e+02
x_sv   1   0   0   0   3   +4.552491277e+00
x_sv   1   0   0   0   2   +4.848248056e-01
x_sv   1   0   0   0   1   -3.594472052e-02
x_sv   1   0   0   0   0   +1.011028807e+00
x_sv   0   5   0   0   0   +1.685923932e+02
x_sv   0   4   1   0   0   +9.998806163e+03
x_sv   0   4   0   1   0   -1.986938130e+03
x_sv   0   4   0   0   1   +5.831950302e+01
x_sv   0   4   0   0   0   +6.056734762e+00
x_sv   0   3   2   0   0   -2.866540309e+05
x_sv   0   3   1   1   0   -1.753287951e+05
x_sv   0   3   1   0   1   +1.055374202e+04
x_sv   0   3   1   0   0   -1.897140153e+02
x_sv   0   3   0   2   0   +1.149114270e+04
x_sv   0   3   0   1   1   -3.844920339e+02
x_sv   0   3   0   1   0   -6.568294851e+01
x_sv   0   3   0   0   2   -1.218294421e+02
x_sv   0   3   0   0   1   +1.473729678e+01
x_sv   0   3   0   0   0   -5.292020667e-01
x_sv   0   2   3   0   0   +4.245968078e+06
x_sv   0   2   2   1   0   +2.121022043e+06
x_sv   0   2   2   0   1   -6.357985773e+04
x_sv   0   2   2   0   0   +2.001379403e+04
x_sv   0   2   1   2   0   +8.856616177e+05
x_sv   0   2   1   1   1   -1.093606816e+05
x_sv   0   2   1   1   0   +4.234100635e+03
x_sv   0   2   1   0   2   +1.615592967e+03
x_sv   0   2   1   0   1   -8.095472282e+02
x_sv   0   2   1   0   0   +4.535554052e+01
x_sv   0   2   0   3   0   -3.688717070e+04
x_sv   0   2   0   2   1   +1.386305499e+03
x_sv   0   2   0   2   0   +2.842117181e+02
x_sv   0   2   0   1   2   +4.275093725e+02
x_sv   0   2   0   1   1   -1.315462223e+02
x_sv   0   2   0   1   0   +4.121285435e+00
x_sv   0   2   0   0   3   +3.378654305e+01
x_sv   0   2   0   0   2   +3.439088592e+00
x_sv   0   2   0   0   1   -5.765525912e-01
x_sv   0   2   0   0   0   -1.342327536e-02
x_sv   0   1   4   0   0   +4.506959231e+06
x_sv   0   1   3   1   0   -2.125404896e+07
x_sv   0   1   3   0   1   +1.699904292e+06
x_sv   0   1   3   0   0   +2.632663384e+03
x_sv   0   1   2   2   0   -5.262959959e+06
x_sv   0   1   2   1   1   +2.067692229e+05
x_sv   0   1   2   1   0   -1.091629553e+05
x_sv   0   1   2   0   2   -2.017826934e+03
x_sv   0   1   2   0   1   +1.046476433e+04
x_sv   0   1   2   0   0   -3.778522920e+02
x_sv   0   1   1   3   0   -1.759214189e+06
x_sv   0   1   1   2   1   +3.178595662e+05
x_sv   0   1   1   2   0   -1.144333109e+04
x_sv   0   1   1   1   2   -1.103255600e+04
x_sv   0   1   1   1   1   +3.145554946e+03
x_sv   0   1   1   1   0   -1.108977496e+02
x_sv   0   1   1   0   3   -3.135009747e+03
x_sv   0   1   1   0   2   -1.478843448e+02
x_sv   0   1   1   0   1   +2.661331610e+00
x_sv   0   1   1   0   0   +1.657450262e+00
x_sv   0   1   0   4   0   +5.962602783e+04
x_sv   0   1   0   3   1   -2.906746819e+03
x_sv   0   1   0   3   0   -5.942435650e+02
x_sv   0   1   0   2   2   +5.803830578e+02
x_sv   0   1   0   2   1   +3.986340506e+02
x_sv   0   1   0   2   0   -1.078380099e+01
x_sv   0   1   0   1   3   -4.187476657e+02
x_sv   0   1   0   1   2   -1.621900764e+01
x_sv   0   1   0   1   1   +3.040205739e+00
x_sv   0   1   0   1   0   +8.917324664e-02
x_sv   0   1   0   0   4   -1.208627547e+02
x_sv   0   1   0   0   3   -1.477745048e+00
x_sv   0   1   0   0   2   +1.037580463e-01
x_sv   0   1   0   0   1   -1.059365128e-02
x_sv   0   1   0   0   0   +3.075676579e-04
x_sv   0   0   5   0   0   -2.957252032e+07
x_sv   0   0   4   1   0   -2.253042231e+06
x_sv   0   0   4   0   1   -6.834945528e+05
x_sv   0   0   4   0   0   -2.823779049e+05
x_sv   0   0   3   2   0   +2.728851763e+07
x_sv   0   0   3   1   1   -3.687517490e+06
x_sv   0   0   3   1   0   +5.636815580e+04
x_sv   0   0   3   0   2   +3.950715542e+05
x_sv   0   0   3   0   1   -3.306361061e+04
x_sv   0   0   3   0   0   +9.871286797e+03
x_sv   0   0   2   3   0   +4.081967090e+06
x_sv   0   0   2   2   1   -7.220513711e+04
x_sv   0   0   2   2   0   +1.487837759e+05
x_sv   0   0   2   1   2   +1.436279893e+03
x_sv   0   0   2   1   1   -3.251859563e+04
x_sv   0   0   2   1   0   +2.836462619e+02
x_sv   0   0   2   0   3   +2.679751548e+03
x_sv   0   0   2   0   2   +3.729306201e+03
x_sv   0   0   2   0   1   -1.762470765e+01
x_sv   0   0   2   0   0   -8.502319492e+00
x_sv   0   0   1   4   0   +1.202937184e+06
x_sv   0   0   1   3   1   -2.788853328e+05
x_sv   0   0   1   3   0   +6.292478991e+03
x_sv   0   0   1   2   2   +8.228091813e+03
x_sv   0   0   1   2   1   -1.907025038e+03
x_sv   0   0   1   2   0   +7.788588669e+01
x_sv   0   0   1   1   3   +7.504749775e+03
x_sv   0   0   1   1   2   -7.655638649e+01
x_sv   0   0   1   1   1   -2.480604471e+00
x_sv   0   0   1   1   0   -8.087460421e-01
x_sv   0   0   1   0   4   +4.471632219e+02
x_sv   0   0   1   0   3   -1.048900386e+01
x_sv   0   0   1   0   2   -1.307338823e+00
x_sv   0   0   1   0   1   +1.784634603e-02
x_sv   0   0   1   0   0   -1.979737216e+00
x_sv   0   0   0   5   0   -3.688926826e+04
x_sv   0   0   0   4   1   +2.606289771e+03
x_sv   0   0   0   4   0   +4.996732234e+02
x_sv   0   0   0   3   2   -2.576983015e+03
x_sv   0   0   0   3   1   -4.074518337e+02
x_sv   0   0   0   3   0   +9.573450918e+00
x_sv   0   0   0   2   3   +9.381041240e+02
x_sv   0   0   0   2   2   +2.627329389e+01
x_sv   0   0   0   2   1   -4.283391224e+00
x_sv   0   0   0   2   0   -1.468819495e-01
x_sv   0   0   0   1   4   +1.862961854e+02
x_sv   0   0   0   1   3   +3.355484800e+00
x_sv   0   0   0   1   2   +1.454595093e-01
x_sv   0   0   0   1   1   +3.372881547e-02
x_sv   0   0   0   1   0   -4.452680674e-04
x_sv   0   0   0   0   5   +1.437081597e+01
x_sv   0   0   0   0   4   -8.242979810e-01
x_sv   0   0   0   0   3   -3.759786483e-02
x_sv   0   0   0   0   2   -2.053903691e-03
x_sv   0   0   0   0   1   +6.579665608e-05
x_sv   0   0   0   0   0   +1.106866000e-03
y_sv   5   0   0   0   0   -9.816872445e+04
y_sv   4   1   0   0   0   -7.026971210e+04
y_sv   4   0   1   0   0   +1.254540831e+06
y_sv   4   0   0   1   0   +2.550567833e+05
y_sv   4   0   0   0   1   -1.157376531e+04
y_sv   4   0   0   0   0   +2.598435709e+03
y_sv   3   2   0   0   0   +8.791240465e+04
y_sv   3   1   1   0   0   +6.414403849e+05
y_sv   3   1   0   1   0   -5.679130793e+05
y_sv   3   1   0   0   1   -9.453134125e+04
y_sv   3   1   0   0   0   -2.302313868e+03
y_sv   3   0   2   0   0   -6.281346179e+06
y_sv   3   0   1   1   0   -2.444060556e+06
y_sv   3   0   1   0   1   +4.951393089e+03
y_sv   3   0   1   0   0   -2.894554735e+04
y_sv   3   0   0   2   0   +1.019671482e+06
y_sv   3   0   0   1   1   +2.767050196e+05
y_sv   3   0   0   1   0   -1.638499165e+03
y_sv   3   0   0   0   2   +8.667124882e+03
y_sv   3   0   0   0   1   -4.568041939e+03
y_sv   3   0   0   0   0   -5.537625422e+00
y_sv   2   3   0   0   0   -2.296693578e+05
y_sv   2   2   1   0   0   -6.843164041e+05
y_sv   2   2   0   1   0   +1.657203276e+06
y_sv   2   2   0   0   1   -2.330326166e+05
y_sv   2   2   0   0   0   -5.019117826e+03
y_sv   2   1   2   0   0   -2.061059054e+06
y_sv   2   1   1   1   0   +4.359955606e+06
y_sv   2   1   1   0   1   +7.136827284e+05
y_sv   2   1   1   0   0   +2.022672121e+04
y_sv   2   1   0   2   0   -3.882097748e+06
y_sv   2   1   0   1   1   +1.181328774e+06
y_sv   2   1   0   1   0   +1.902947929e+04
y_sv   2   1   0   0   2   -4.454978627e+04
y_sv   2   1   0   0   1   -2.036256853e+03
y_sv   2   1   0   0   0   -2.130965506e+02
y_sv   2   0   3   0   0   +1.535122391e+07
y_sv   2   0   2   1   0   +8.550618684e+06
y_sv   2   0   2   0   1   +4.725376265e+05
y_sv   2   0   2   0   0   +1.229481854e+05
y_sv   2   0   1   2   0   -7.620320199e+06
y_sv   2   0   1   1   1   -2.075992590e+06
y_sv   2   0   1   1   0   +8.424159091e+03
y_sv   2   0   1   0   2   -1.051118242e+05
y_sv   2   0   1   0   1   +3.774945690e+04
y_sv   2   0   1   0   0   +4.794795757e+01
y_sv   2   0   0   3   0   +2.918434469e+06
y_sv   2   0   0   2   1   -1.463110556e+06
y_sv   2   0   0   2   0   -1.621263095e+04
y_sv   2   0   0   1   2   +1.157248190e+05
y_sv   2   0   0   1   1   +4.447779191e+03
y_sv   2   0   0   1   0   +3.330646376e+02
y_sv   2   0   0   0   3   +2.285378113e+03
y_sv   2   0   0   0   2   +2.234947643e+02
y_sv   2   0   0   0   1   +1.013281354e+01
y_sv   2   0   0   0   0   -2.338154433e+00
y_sv   1   4   0   0   0   +1.567610790e+04
y_sv   1   3   1   0   0   +1.119235989e+06
y_sv   1   3   0   1   0   -1.743068677e+05
y_sv   1   3   0   0   1   -3.835719297e+03
y_sv   1   3   0   0   0   -3.880339567e+02
y_sv   1   2   2   0   0   +1.776986713e+06
y_sv   1   2   1   1   0   -7.954415391e+06
y_sv   1   2   1   0   1   +1.150829335e+06
y_sv   1   2   1   0   0   +2.530465506e+04
y_sv   1   2   0   2   0   +7.227400343e+05
y_sv   1   2   0   1   1   +1.704058291e+04
y_sv   1   2   0   1   0   +2.828362490e+03
y_sv   1   2   0   0   2   -5.843333728e+03
y_sv   1   2   0   0   1   -1.073967505e+02
y_sv   1   2   0   0   0   -1.093197947e+01
y_sv   1   1   3   0   0   +2.649481013e+06
y_sv   1   1   2   1   0   -1.117008634e+07
y_sv   1   1   2   0   1   -1.782594892e+06
y_sv   1   1   2   0   0   -5.840701789e+04
y_sv   1   1   1   2   0   +1.839386858e+07
y_sv   1   1   1   1   1   -5.792642188e+06
y_sv   1   1   1   1   0   -9.482630383e+04
y_sv   1   1   1   0   2   +2.122836260e+05
y_sv   1   1   1   0   1   +1.071548357e+04
y_sv   1   1   1   0   0   +1.126070271e+03
y_sv   1   1   0   3   0   -1.317482035e+06
y_sv   1   1   0   2   1   -6.588849409e+03
y_sv   1   1   0   2   0   -6.444189173e+03
y_sv   1   1   0   1   2   +3.068566887e+04
y_sv   1   1   0   1   1   +8.036637375e+02
y_sv   1   1   0   1   0   +6.137440420e+01
y_sv   1   1   0   0   3   +3.149106747e+02
y_sv   1   1   0   0   2   +3.665327788e+01
y_sv   1   1   0   0   1   +2.655196731e+00
y_sv   1   1   0   0   0   +5.760633362e-04
y_sv   1   0   4   0   0   -1.821617098e+07
y_sv   1   0   3   1   0   -1.287072618e+07
y_sv   1   0   3   0   1   -1.738608553e+06
y_sv   1   0   3   0   0   -2.342396735e+05
y_sv   1   0   2   2   0   +1.892940362e+07
y_sv   1   0   2   1   1   +5.146710296e+06
y_sv   1   0   2   1   0   -1.214514077e+04
y_sv   1   0   2   0   2   +3.763429230e+05
y_sv   1   0   2   0   1   -1.036891629e+05
y_sv   1   0   2   0   0   -1.397911400e+02
y_sv   1   0   1   3   0   -1.368984136e+07
y_sv   1   0   1   2   1   +7.150051064e+06
y_sv   1   0   1   2   0   +8.054941612e+04
y_sv   1   0   1   1   2   -5.621040951e+05
y_sv   1   0   1   1   1   -2.441924013e+04
y_sv   1   0   1   1   0   -1.741654730e+03
y_sv   1   0   1   0   3   -1.266699137e+04
y_sv   1   0   1   0   2   -1.194928702e+03
y_sv   1   0   1   0   1   -6.364491487e+01
y_sv   1   0   1   0   0   +9.099544647e+00
y_sv   1   0   0   4   0   +8.798148358e+05
y_sv   1   0   0   3   1   -3.271590240e+04
y_sv   1   0   0   3   0   +4.153627101e+03
y_sv   1   0   0   2   2   -4.242201716e+04
y_sv   1   0   0   2   1   -1.147508124e+03
y_sv   1   0   0   2   0   -8.023405109e+01
y_sv   1   0   0   1   3   +7.370420834e+02
y_sv   1   0   0   1   2   +8.347950131e+01
y_sv   1   0   0   1   1   -3.706522004e+00
y_sv   1   0   0   1   0   +2.198300184e-01
y_sv   1   0   0   0   4   +4.043826907e+02
y_sv   1   0   0   0   3   -1.383389515e+01
y_sv   1   0   0   0   2   +1.310466136e+00
y_sv   1   0   0   0   1   +2.016143040e-02
y_sv   1   0   0   0   0   +7.085611745e-04
y_sv   0   5   0   0   0   +6.035476055e+03
y_sv   0   4   1   0   0   -4.006202177e+04
y_sv   0   4   0   1   0   -4.131833930e+04
y_sv   0   4   0   0   1   -1.772774645e+02
y_sv   0   4   0   0   0   +4.864101360e+02
y_sv   0   3   2   0   0   -1.369343782e+06
y_sv   0   3   1   1   0   +4.394237673e+05
y_sv   0   3   1   0   1   +1.124980722e+04
y_sv   0   3   1   0   0   +9.182641629e+02
y_sv   0   3   0   2   0   +1.270788220e+05
y_sv   0   3   0   1   1   +4.144358335e+03
y_sv   0   3   0   1   0   -2.878043633e+03
y_sv   0   3   0   0   2   -6.728722479e+02
y_sv   0   3   0   0   1   +1.965057663e+02
y_sv   0   3   0   0   0   +8.082907318e+00
y_sv   0   2   3   0   0   -1.538276285e+06
y_sv   0   2   2   1   0   +9.585621598e+06
y_sv   0   2   2   0   1   -1.424392695e+06
y_sv   0   2   2   0   0   -3.273379251e+04
y_sv   0   2   1   2   0   -1.796330848e+06
y_sv   0   2   1   1   1   -5.499921657e+04
y_sv   0   2   1   1   0   -6.422890408e+03
y_sv   0   2   1   0   2   +1.557741789e+04
y_sv   0   2   1   0   1   +2.433002804e+02
y_sv   0   2   1   0   0   +2.990146507e+01
y_sv   0   2   0   3   0   -2.226470862e+05
y_sv   0   2   0   2   1   -2.108551536e+04
y_sv   0   2   0   2   0   +6.806665124e+03
y_sv   0   2   0   1   2   +4.883727645e+03
y_sv   0   2   0   1   1   -1.136060933e+03
y_sv   0   2   0   1   0   -5.428265078e+01
y_sv   0   2   0   0   3   +4.646615562e+02
y_sv   0   2   0   0   2   +4.270927721e+01
y_sv   0   2   0   0   1   +3.681886673e+00
y_sv   0   2   0   0   0   +8.165596601e-01
y_sv   0   1   4   0   0   -1.021353078e+06
y_sv   0   1   3   1   0   +9.542392257e+06
y_sv   0   1   3   0   1   +1.472499201e+06
y_sv   0   1   3   0   0   +5.551865438e+04
y_sv   0   1   2   2   0   -2.192722686e+07
y_sv   0   1   2   1   1   +7.127831887e+06
y_sv   0   1   2   1   0   +1.173762470e+05
y_sv   0   1   2   0   2   -2.531883841e+05
y_sv   0   1   2   0   1   -1.388151517e+04
y_sv   0   1   2   0   0   -1.533729862e+03
y_sv   0   1   1   3   0   +3.231817748e+06
y_sv   0   1   1   2   1   +4.887449509e+04
y_sv   0   1   1   2   0   +1.375490721e+04
y_sv   0   1   1   1   2   -8.313610725e+04
y_sv   0   1   1   1   1   -1.835324739e+03
y_sv   0   1   1   1   0   -1.681179910e+02
y_sv   0   1   1   0   3   -4.506354523e+02
y_sv   0   1   1   0   2   -1.220011597e+02
y_sv   0   1   1   0   1   -7.272977467e+00
y_sv   0   1   1   0   0   +1.862124160e-02
y_sv   0   1   0   4   0   +2.121158234e+05
y_sv   0   1   0   3   1   +3.611029373e+04
y_sv   0   1   0   3   0   -7.908079085e+03
y_sv   0   1   0   2   2   -1.084880627e+04
y_sv   0   1   0   2   1   +2.228898554e+03
y_sv   0   1   0   2   0   +1.097522375e+02
y_sv   0   1   0   1   3   -1.747977008e+03
y_sv   0   1   0   1   2   -1.762175578e+02
y_sv   0   1   0   1   1   -1.737490095e+01
y_sv   0   1   0   1   0   -6.147835200e-01
y_sv   0   1   0   0   4   +7.818262904e+01
y_sv   0   1   0   0   3   +1.051809244e+01
y_sv   0   1   0   0   2   +6.371474901e-01
y_sv   0   1   0   0   1   -8.779907509e-02
y_sv   0   1   0   0   0   +1.042318684e+00
y_sv   0   0   5   0   0   +8.323172421e+06
y_sv   0   0   4   1   0   +6.967454824e+06
y_sv   0   0   4   0   1   +1.766435629e+06
y_sv   0   0   4   0   0   +1.684084022e+05
y_sv   0   0   3   2   0   -1.560445588e+07
y_sv   0   0   3   1   1   -4.216208627e+06
y_sv   0   0   3   1   0   +3.858114694e+03
y_sv   0   0   3   0   2   -4.195472883e+05
y_sv   0   0   3   0   1   +9.464686804e+04
y_sv   0   0   3   0   0   +1.381418132e+02
y_sv   0   0   2   3   0   +1.619392237e+07
y_sv   0   0   2   2   1   -8.765826818e+06
y_sv   0   0   2   2   0   -9.728719977e+04
y_sv   0   0   2   1   2   +6.856742541e+05
y_sv   0   0   2   1   1   +3.308483262e+04
y_sv   0   0   2   1   0   +2.325828515e+03
y_sv   0   0   2   0   3   +1.700214356e+04
y_sv   0   0   2   0   2   +1.617123727e+03
y_sv   0   0   2   0   1   +9.963779585e+01
y_sv   0   0   2   0   0   -1.075584648e+01
y_sv   0   0   1   4   0   -2.135956914e+06
y_sv   0   0   1   3   1   +5.181280966e+04
y_sv   0   0   1   3   0   -7.669458541e+03
y_sv   0   0   1   2   2   +1.151656314e+05
y_sv   0   0   1   2   1   +2.468715089e+03
y_sv   0   0   1   2   0   +2.235325126e+02
y_sv   0   0   1   1   3   -2.570977158e+03
y_sv   0   0   1   1   2   -1.514190030e+02
y_sv   0   0   1   1   1   +9.496682413e+00
y_sv   0   0   1   1   0   -6.648581264e-01
y_sv   0   0   1   0   4   -1.008868506e+03
y_sv   0   0   1   0   3   +3.697442828e+01
y_sv   0   0   1   0   2   -3.643880158e+00
y_sv   0   0   1   0   1   -4.708972951e-02
y_sv   0   0   1   0   0   -2.427371636e-03
y_sv   0   0   0   5   0   -8.500092882e+04
y_sv   0   0   0   4   1   -1.449822467e+04
y_sv   0   0   0   4   0   +4.039359627e+03
y_sv   0   0   0   3   2   +5.660348840e+03
y_sv   0   0   0   3   1   -1.476342697e+03
y_sv   0   0   0   3   0   -6.683530911e+01
y_sv   0   0   0   2   3   +1.560103748e+03
y_sv   0   0   0   2   2   +1.805078414e+02
y_sv   0   0   0   2   1   +1.708527645e+01
y_sv   0   0   0   2   0   -5.789452324e-01
y_sv   0   0   0   1   4   -1.509473510e+02
y_sv   0   0   0   1   3   -2.905233322e+01
y_sv   0   0   0   1   2   -1.031506004e+00
y_sv   0   0   0   1   1   +1.836660996e-01
y_sv   0   0   0   1   0   -1.952190108e+00
y_sv   0   0   0   0   5   -1.256935329e+01
y_sv   0   0   0   0   4   +1.801753631e+00
y_sv   0   0   0   0   3   +1.150408088e-01
y_sv   0   0   0   0   2   -1.399903295e-01
y_sv   0   0   0   0   1   +1.277306092e-01
y_sv   0   0   0   0   0   +5.653478210e-03
