# Polynomial metadata: 
# -- Order: 5
# -- Trained on data: 'data/mc/mc_L_production.root'
# -- Input branches: { x_q1 y_q1 dxdz_q1 dydz_q1 dpp_q1 }
# -- Time created: Mon Jan 12 10:07:24 2026

poly-DoF 5
is-RHRS 0
dpp_sv   5   0   0   0   0   +2.444661115e+06
dpp_sv   4   1   0   0   0   +1.332178140e+06
dpp_sv   4   0   1   0   0   -3.506129222e+07
dpp_sv   4   0   0   1   0   -2.578831877e+06
dpp_sv   4   0   0   0   1   +1.219920489e+05
dpp_sv   4   0   0   0   0   +1.250243045e+04
dpp_sv   3   2   0   0   0   +1.081522205e+06
dpp_sv   3   1   1   0   0   -1.414326187e+07
dpp_sv   3   1   0   1   0   -3.022766252e+06
dpp_sv   3   1   0   0   1   +1.227987478e+06
dpp_sv   3   1   0   0   0   +7.063440919e+04
dpp_sv   3   0   2   0   0   +2.000014872e+08
dpp_sv   3   0   1   1   0   +2.730006072e+07
dpp_sv   3   0   1   0   1   -1.658258439e+06
dpp_sv   3   0   1   0   0   -1.110874937e+05
dpp_sv   3   0   0   2   0   +1.110989672e+05
dpp_sv   3   0   0   1   1   -2.481540684e+06
dpp_sv   3   0   0   1   0   -1.693718884e+05
dpp_sv   3   0   0   0   2   -4.712397005e+04
dpp_sv   3   0   0   0   1   +1.985600619e+04
dpp_sv   3   0   0   0   0   -4.059337797e+01
dpp_sv   2   3   0   0   0   +5.628283681e+04
dpp_sv   2   2   1   0   0   -8.644961342e+06
dpp_sv   2   2   0   1   0   +1.903559200e+05
dpp_sv   2   2   0   0   1   -3.246913524e+05
dpp_sv   2   2   0   0   0   +1.811809081e+04
dpp_sv   2   1   2   0   0   +5.623725251e+07
dpp_sv   2   1   1   1   0   +2.471376177e+07
dpp_sv   2   1   1   0   1   -1.006021400e+07
dpp_sv   2   1   1   0   0   -5.709232105e+05
dpp_sv   2   1   0   2   0   -1.291110314e+06
dpp_sv   2   1   0   1   1   +1.544983696e+06
dpp_sv   2   1   0   1   0   -8.245339726e+04
dpp_sv   2   1   0   0   2   +7.092154879e+04
dpp_sv   2   1   0   0   1   +1.830921149e+03
dpp_sv   2   1   0   0   0   -1.134774417e+03
dpp_sv   2   0   3   0   0   -5.675326585e+08
dpp_sv   2   0   2   1   0   -1.078412719e+08
dpp_sv   2   0   2   0   1   +8.149071233e+06
dpp_sv   2   0   2   0   0   +3.463894288e+05
dpp_sv   2   0   1   2   0   -2.037534272e+06
dpp_sv   2   0   1   1   1   +2.053346419e+07
dpp_sv   2   0   1   1   0   +1.349893593e+06
dpp_sv   2   0   1   0   2   +4.500161789e+05
dpp_sv   2   0   1   0   1   -1.625301632e+05
dpp_sv   2   0   1   0   0   +4.478899812e+02
dpp_sv   2   0   0   3   0   +1.115979966e+06
dpp_sv   2   0   0   2   1   -2.005316250e+06
dpp_sv   2   0   0   2   0   +8.420295948e+04
dpp_sv   2   0   0   1   2   -1.882569419e+05
dpp_sv   2   0   0   1   1   -1.029625569e+04
dpp_sv   2   0   0   1   0   +2.398443573e+03
dpp_sv   2   0   0   0   3   -6.579169249e+03
dpp_sv   2   0   0   0   2   -2.990698828e+02
dpp_sv   2   0   0   0   1   +4.841038699e+01
dpp_sv   2   0   0   0   0   +1.308225581e+00
dpp_sv   1   4   0   0   0   -3.445887332e+04
dpp_sv   1   3   1   0   0   -3.819945601e+05
dpp_sv   1   3   0   1   0   +3.705332099e+05
dpp_sv   1   3   0   0   1   -1.676932603e+04
dpp_sv   1   3   0   0   0   -8.164798983e+02
dpp_sv   1   2   2   0   0   +2.308918267e+07
dpp_sv   1   2   1   1   0   -1.981102261e+05
dpp_sv   1   2   1   0   1   +1.732469467e+06
dpp_sv   1   2   1   0   0   -9.006301533e+04
dpp_sv   1   2   0   2   0   -1.447454925e+06
dpp_sv   1   2   0   1   1   +1.842021674e+05
dpp_sv   1   2   0   1   0   +1.027499786e+04
dpp_sv   1   2   0   0   2   +6.700731499e+04
dpp_sv   1   2   0   0   1   +1.682566281e+02
dpp_sv   1   2   0   0   0   -6.609162769e+01
dpp_sv   1   1   3   0   0   -9.922879626e+07
dpp_sv   1   1   2   1   0   -6.767918379e+07
dpp_sv   1   1   2   0   1   +2.737046442e+07
dpp_sv   1   1   2   0   0   +1.536785371e+06
dpp_sv   1   1   1   2   0   +4.365459365e+06
dpp_sv   1   1   1   1   1   -8.115531331e+06
dpp_sv   1   1   1   1   0   +3.847268909e+05
dpp_sv   1   1   1   0   2   -3.447568287e+05
dpp_sv   1   1   1   0   1   -1.471612822e+04
dpp_sv   1   1   1   0   0   +6.287264478e+03
dpp_sv   1   1   0   3   0   +2.319527336e+06
dpp_sv   1   1   0   2   1   -7.729079634e+05
dpp_sv   1   1   0   2   0   -3.572364010e+04
dpp_sv   1   1   0   1   2   -3.787457045e+05
dpp_sv   1   1   0   1   1   +2.317558031e+02
dpp_sv   1   1   0   1   0   +3.752382208e+02
dpp_sv   1   1   0   0   3   -1.432690753e+03
dpp_sv   1   1   0   0   2   +1.357912580e+02
dpp_sv   1   1   0   0   1   +1.187653604e+01
dpp_sv   1   1   0   0   0   -5.394644295e-01
dpp_sv   1   0   4   0   0   +8.015038782e+08
dpp_sv   1   0   3   1   0   +1.882144074e+08
dpp_sv   1   0   3   0   1   -1.733970640e+07
dpp_sv   1   0   3   0   0   -4.246273415e+05
dpp_sv   1   0   2   2   0   +8.970433601e+06
dpp_sv   1   0   2   1   1   -5.638030376e+07
dpp_sv   1   0   2   1   0   -3.579929537e+06
dpp_sv   1   0   2   0   2   -1.391546006e+06
dpp_sv   1   0   2   0   1   +4.430307356e+05
dpp_sv   1   0   2   0   0   -1.559876706e+03
dpp_sv   1   0   1   3   0   -3.664466479e+06
dpp_sv   1   0   1   2   1   +1.031868848e+07
dpp_sv   1   0   1   2   0   -3.671667023e+05
dpp_sv   1   0   1   1   2   +9.094334127e+05
dpp_sv   1   0   1   1   1   +6.344375393e+04
dpp_sv   1   0   1   1   0   -1.317727382e+04
dpp_sv   1   0   1   0   3   +4.094011353e+04
dpp_sv   1   0   1   0   2   +1.309821131e+03
dpp_sv   1   0   1   0   1   -2.459951248e+02
dpp_sv   1   0   1   0   0   -7.701472628e+00
dpp_sv   1   0   0   4   0   -1.147026333e+06
dpp_sv   1   0   0   3   1   +9.544101057e+05
dpp_sv   1   0   0   3   0   +3.576520513e+04
dpp_sv   1   0   0   2   2   +5.056268042e+05
dpp_sv   1   0   0   2   1   -2.974226487e+03
dpp_sv   1   0   0   2   0   -5.563435685e+02
dpp_sv   1   0   0   1   3   -2.595747080e+02
dpp_sv   1   0   0   1   2   -9.038955372e+02
dpp_sv   1   0   0   1   1   +2.731036710e+00
dpp_sv   1   0   0   1   0   +1.917645788e+00
dpp_sv   1   0   0   0   4   -2.501320188e+03
dpp_sv   1   0   0   0   3   -3.838394526e+02
dpp_sv   1   0   0   0   2   +8.628765918e-01
dpp_sv   1   0   0   0   1   +2.359299932e-01
dpp_sv   1   0   0   0   0   +4.468898310e-03
dpp_sv   0   5   0   0   0   -5.394667681e+03
dpp_sv   0   4   1   0   0   +9.520289770e+04
dpp_sv   0   4   0   1   0   +6.133826570e+04
dpp_sv   0   4   0   0   1   +4.914223429e+03
dpp_sv   0   4   0   0   0   +2.002542498e+02
dpp_sv   0   3   2   0   0   +6.084293308e+05
dpp_sv   0   3   1   1   0   -1.017220302e+06
dpp_sv   0   3   1   0   1   +4.014452019e+04
dpp_sv   0   3   1   0   0   +2.118280094e+03
dpp_sv   0   3   0   2   0   -2.431546550e+05
dpp_sv   0   3   0   1   1   -5.134350874e+04
dpp_sv   0   3   0   1   0   -2.003786263e+03
dpp_sv   0   3   0   0   2   -1.832393674e+03
dpp_sv   0   3   0   0   1   +6.032816153e+01
dpp_sv   0   3   0   0   0   -1.559571215e+00
dpp_sv   0   2   3   0   0   -2.059953733e+07
dpp_sv   0   2   2   1   0   -6.340086487e+05
dpp_sv   0   2   2   0   1   -2.292984877e+06
dpp_sv   0   2   2   0   0   +1.101433285e+05
dpp_sv   0   2   1   2   0   +3.995024818e+06
dpp_sv   0   2   1   1   1   -4.455336673e+05
dpp_sv   0   2   1   1   0   -2.699385430e+04
dpp_sv   0   2   1   0   2   -1.707908443e+05
dpp_sv   0   2   1   0   1   -4.028418037e+02
dpp_sv   0   2   1   0   0   +1.652816855e+02
dpp_sv   0   2   0   3   0   +4.051328137e+05
dpp_sv   0   2   0   2   1   +2.055698778e+05
dpp_sv   0   2   0   2   0   +7.671953545e+03
dpp_sv   0   2   0   1   2   +2.171628830e+04
dpp_sv   0   2   0   1   1   -7.966636234e+02
dpp_sv   0   2   0   1   0   -8.868991524e+00
dpp_sv   0   2   0   0   3   +3.415505188e+03
dpp_sv   0   2   0   0   2   -1.529605549e+02
dpp_sv   0   2   0   0   1   -1.283972578e+00
dpp_sv   0   2   0   0   0   -7.517578867e-02
dpp_sv   0   1   4   0   0   +6.552808825e+07
dpp_sv   0   1   3   1   0   +6.200221661e+07
dpp_sv   0   1   3   0   1   -2.473668323e+07
dpp_sv   0   1   3   0   0   -1.377449490e+06
dpp_sv   0   1   2   2   0   -3.330806410e+06
dpp_sv   0   1   2   1   1   +1.053596983e+07
dpp_sv   0   1   2   1   0   -4.312454731e+05
dpp_sv   0   1   2   0   2   +4.130786190e+05
dpp_sv   0   1   2   0   1   +2.665031897e+04
dpp_sv   0   1   2   0   0   -8.709393578e+03
dpp_sv   0   1   1   3   0   -6.551880508e+06
dpp_sv   0   1   1   2   1   +1.897172074e+06
dpp_sv   0   1   1   2   0   +9.517688452e+04
dpp_sv   0   1   1   1   2   +9.551037486e+05
dpp_sv   0   1   1   1   1   -8.403778799e+02
dpp_sv   0   1   1   1   0   -9.360686844e+02
dpp_sv   0   1   1   0   3   +2.212831478e+03
dpp_sv   0   1   1   0   2   -2.540836925e+02
dpp_sv   0   1   1   0   1   -2.589197798e+01
dpp_sv   0   1   1   0   0   +1.325316827e+00
dpp_sv   0   1   0   4   0   -2.506265249e+05
dpp_sv   0   1   0   3   1   -3.771533679e+05
dpp_sv   0   1   0   3   0   -1.316994384e+04
dpp_sv   0   1   0   2   2   -7.650484390e+04
dpp_sv   0   1   0   2   1   +2.931377882e+03
dpp_sv   0   1   0   2   0   +6.365641274e+01
dpp_sv   0   1   0   1   3   -2.037450505e+04
dpp_sv   0   1   0   1   2   +9.393008375e+02
dpp_sv   0   1   0   1   1   +6.416381837e+00
dpp_sv   0   1   0   1   0   +1.972132808e-01
dpp_sv   0   1   0   0   4   -1.091876628e+03
dpp_sv   0   1   0   0   3   +7.041050646e+01
dpp_sv   0   1   0   0   2   -6.850041744e-01
dpp_sv   0   1   0   0   1   -4.546936187e-02
dpp_sv   0   1   0   0   0   +6.533341211e-03
dpp_sv   0   0   5   0   0   -4.508575754e+08
dpp_sv   0   0   4   1   0   -1.223033235e+08
dpp_sv   0   0   4   0   1   +1.356652353e+07
dpp_sv   0   0   4   0   0   +1.433955510e+05
dpp_sv   0   0   3   2   0   -1.142303729e+07
dpp_sv   0   0   3   1   1   +5.139864255e+07
dpp_sv   0   0   3   1   0   +3.158356193e+06
dpp_sv   0   0   3   0   2   +1.404567373e+06
dpp_sv   0   0   3   0   1   -4.021742936e+05
dpp_sv   0   0   3   0   0   +1.744381325e+03
dpp_sv   0   0   2   3   0   +2.816378787e+06
dpp_sv   0   0   2   2   1   -1.315472593e+07
dpp_sv   0   0   2   2   0   +3.700069946e+05
dpp_sv   0   0   2   1   2   -1.099434219e+06
dpp_sv   0   0   2   1   1   -9.585536796e+04
dpp_sv   0   0   2   1   0   +1.810107354e+04
dpp_sv   0   0   2   0   3   -6.393401148e+04
dpp_sv   0   0   2   0   2   -1.226915835e+03
dpp_sv   0   0   2   0   1   +3.100890310e+02
dpp_sv   0   0   2   0   0   +1.129580216e+01
dpp_sv   0   0   1   4   0   +3.438142852e+06
dpp_sv   0   0   1   3   1   -2.366330899e+06
dpp_sv   0   0   1   3   0   -9.641594837e+04
dpp_sv   0   0   1   2   2   -1.270090855e+06
dpp_sv   0   0   1   2   1   +8.443660798e+03
dpp_sv   0   0   1   2   0   +1.389950534e+03
dpp_sv   0   0   1   1   3   -2.558291208e+03
dpp_sv   0   0   1   1   2   +2.212544788e+03
dpp_sv   0   0   1   1   1   -1.941727217e+01
dpp_sv   0   0   1   1   0   -4.846153784e+00
dpp_sv   0   0   1   0   4   +5.307598990e+03
dpp_sv   0   0   1   0   3   +1.061148330e+03
dpp_sv   0   0   1   0   2   -1.781911577e+00
dpp_sv   0   0   1   0   1   -6.540629730e-01
dpp_sv   0   0   1   0   0   -1.122784863e-02
dpp_sv   0   0   0   5   0   +2.454682606e+04
dpp_sv   0   0   0   4   1   +2.693615462e+05
dpp_sv   0   0   0   4   0   +8.389454776e+03
dpp_sv   0   0   0   3   2   +8.439181982e+04
dpp_sv   0   0   0   3   1   -3.207720951e+03
dpp_sv   0   0   0   3   0   -8.154606992e+01
dpp_sv   0   0   0   2   3   +2.902062064e+04
dpp_sv   0   0   0   2   2   -1.332101515e+03
dpp_sv   0   0   0   2   1   -6.898808751e+00
dpp_sv   0   0   0   2   0   -3.322894219e-03
dpp_sv   0   0   0   1   4   +2.216508490e+03
dpp_sv   0   0   0   1   3   -1.453139532e+02
dpp_sv   0   0   0   1   2   +2.741733886e+00
dpp_sv   0   0   0   1   1   +9.350455241e-02
dpp_sv   0   0   0   1   0   -1.354115111e-02
dpp_sv   0   0   0   0   5   -9.245048821e+02
dpp_sv   0   0   0   0   4   +4.325685403e+00
dpp_sv   0   0   0   0   3   +1.472144113e+00
dpp_sv   0   0   0   0   2   -1.283593250e-02
dpp_sv   0   0   0   0   1   +9.993972293e-01
dpp_sv   0   0   0   0   0   -4.717057192e-04
dxdz_sv   5   0   0   0   0   -7.366615710e+05
dxdz_sv   4   1   0   0   0   -2.052620012e+05
dxdz_sv   4   0   1   0   0   +9.378178519e+06
dxdz_sv   4   0   0   1   0   +7.210369201e+05
dxdz_sv   4   0   0   0   1   -2.014589444e+04
dxdz_sv   4   0   0   0   0   -1.198416597e+03
dxdz_sv   3   2   0   0   0   +2.674973107e+04
dxdz_sv   3   1   1   0   0   +2.400354707e+06
dxdz_sv   3   1   0   1   0   +5.871330042e+05
dxdz_sv   3   1   0   0   1   +1.143248460e+05
dxdz_sv   3   1   0   0   0   +7.617135060e+02
dxdz_sv   3   0   2   0   0   -4.727198260e+07
dxdz_sv   3   0   1   1   0   -8.477571135e+06
dxdz_sv   3   0   1   0   1   +2.478149910e+05
dxdz_sv   3   0   1   0   0   +1.190784173e+04
dxdz_sv   3   0   0   2   0   -1.597337741e+06
dxdz_sv   3   0   0   1   1   -4.614024058e+05
dxdz_sv   3   0   0   1   0   +1.047255853e+04
dxdz_sv   3   0   0   0   2   +2.786607351e+03
dxdz_sv   3   0   0   0   1   -4.201447043e+03
dxdz_sv   3   0   0   0   0   +1.666649972e+03
dxdz_sv   2   3   0   0   0   +1.431755174e+05
dxdz_sv   2   2   1   0   0   -6.129265131e+04
dxdz_sv   2   2   0   1   0   -1.110614139e+06
dxdz_sv   2   2   0   0   1   -1.624502791e+05
dxdz_sv   2   2   0   0   0   +4.272215380e+03
dxdz_sv   2   1   2   0   0   -1.030652541e+07
dxdz_sv   2   1   1   1   0   -5.177671150e+06
dxdz_sv   2   1   1   0   1   -1.006815121e+06
dxdz_sv   2   1   1   0   0   -1.439178860e+04
dxdz_sv   2   1   0   2   0   +3.279999016e+06
dxdz_sv   2   1   0   1   1   +7.701338770e+05
dxdz_sv   2   1   0   1   0   -1.899070481e+04
dxdz_sv   2   1   0   0   2   +5.179162312e+04
dxdz_sv   2   1   0   0   1   -2.040232670e+03
dxdz_sv   2   1   0   0   0   -1.087881476e+02
dxdz_sv   2   0   3   0   0   +1.178442934e+08
dxdz_sv   2   0   2   1   0   +3.662148789e+07
dxdz_sv   2   0   2   0   1   -1.146447816e+06
dxdz_sv   2   0   2   0   0   -4.526188114e+04
dxdz_sv   2   0   1   2   0   +1.349138386e+07
dxdz_sv   2   0   1   1   1   +3.844898730e+06
dxdz_sv   2   0   1   1   0   -9.569852482e+03
dxdz_sv   2   0   1   0   2   -2.548131569e+04
dxdz_sv   2   0   1   0   1   +4.337673221e+04
dxdz_sv   2   0   1   0   0   -1.416791579e+04
dxdz_sv   2   0   0   3   0   -3.553043293e+06
dxdz_sv   2   0   0   2   1   -9.942313003e+05
dxdz_sv   2   0   0   2   0   +1.922567031e+04
dxdz_sv   2   0   0   1   2   -1.179403585e+05
dxdz_sv   2   0   0   1   1   +5.935460991e+03
dxdz_sv   2   0   0   1   0   +2.861629464e+02
dxdz_sv   2   0   0   0   3   -4.951400746e+03
dxdz_sv   2   0   0   0   2   -4.129758564e+02
dxdz_sv   2   0   0   0   1   +5.111901662e+01
dxdz_sv   2   0   0   0   0   +1.011448935e+00
dxdz_sv   1   4   0   0   0   -3.892708107e+04
dxdz_sv   1   3   1   0   0   -7.743759292e+05
dxdz_sv   1   3   0   1   0   +1.046811063e+05
dxdz_sv   1   3   0   0   1   +1.902221119e+04
dxdz_sv   1   3   0   0   0   -1.796718037e+03
dxdz_sv   1   2   2   0   0   -2.123383720e+05
dxdz_sv   1   2   1   1   0   +5.968624755e+06
dxdz_sv   1   2   1   0   1   +8.583848691e+05
dxdz_sv   1   2   1   0   0   -2.291815050e+04
dxdz_sv   1   2   0   2   0   -1.123768259e+04
dxdz_sv   1   2   0   1   1   -9.220059311e+04
dxdz_sv   1   2   0   1   0   +1.243915326e+04
dxdz_sv   1   2   0   0   2   -9.530452095e+03
dxdz_sv   1   2   0   0   1   +5.602500514e+02
dxdz_sv   1   2   0   0   0   +9.816466418e+01
dxdz_sv   1   1   3   0   0   +1.934747023e+07
dxdz_sv   1   1   2   1   0   +1.472244585e+07
dxdz_sv   1   1   2   0   1   +2.869541810e+06
dxdz_sv   1   1   2   0   0   +6.741949178e+04
dxdz_sv   1   1   1   2   0   -1.745363934e+07
dxdz_sv   1   1   1   1   1   -4.043244179e+06
dxdz_sv   1   1   1   1   0   +1.032273493e+05
dxdz_sv   1   1   1   0   2   -2.627293043e+05
dxdz_sv   1   1   1   0   1   +1.044409456e+04
dxdz_sv   1   1   1   0   0   +5.591331705e+02
dxdz_sv   1   1   0   3   0   +4.851824514e+04
dxdz_sv   1   1   0   2   1   +1.949888859e+05
dxdz_sv   1   1   0   2   0   -3.160415455e+04
dxdz_sv   1   1   0   1   2   +3.853070194e+04
dxdz_sv   1   1   0   1   1   -3.995319077e+03
dxdz_sv   1   1   0   1   0   -2.229422764e+02
dxdz_sv   1   1   0   0   3   -4.341716868e+02
dxdz_sv   1   1   0   0   2   +8.102202247e+00
dxdz_sv   1   1   0   0   1   +2.533595833e+00
dxdz_sv   1   1   0   0   0   -2.950854386e+00
dxdz_sv   1   0   4   0   0   -1.451401082e+08
dxdz_sv   1   0   3   1   0   -6.920717529e+07
dxdz_sv   1   0   3   0   1   +2.345428200e+06
dxdz_sv   1   0   3   0   0   +7.835015585e+04
dxdz_sv   1   0   2   2   0   -3.677329901e+07
dxdz_sv   1   0   2   1   1   -1.035108595e+07
dxdz_sv   1   0   2   1   0   -1.957959087e+05
dxdz_sv   1   0   2   0   2   +9.676315093e+04
dxdz_sv   1   0   2   0   1   -1.437921289e+05
dxdz_sv   1   0   2   0   0   +3.999903101e+04
dxdz_sv   1   0   1   3   0   +1.871467346e+07
dxdz_sv   1   0   1   2   1   +5.196357307e+06
dxdz_sv   1   0   1   2   0   -1.077813034e+05
dxdz_sv   1   0   1   1   2   +5.810200002e+05
dxdz_sv   1   0   1   1   1   -3.003537205e+04
dxdz_sv   1   0   1   1   0   -1.443910771e+03
dxdz_sv   1   0   1   0   3   +2.243500200e+04
dxdz_sv   1   0   1   0   2   +2.575598246e+03
dxdz_sv   1   0   1   0   1   -2.724026613e+02
dxdz_sv   1   0   1   0   0   -5.481620694e+00
dxdz_sv   1   0   0   4   0   -1.972989126e+05
dxdz_sv   1   0   0   3   1   -1.317493626e+05
dxdz_sv   1   0   0   3   0   +3.032762541e+04
dxdz_sv   1   0   0   2   2   -3.397108937e+04
dxdz_sv   1   0   0   2   1   +7.421097289e+03
dxdz_sv   1   0   0   2   0   +4.257113723e+01
dxdz_sv   1   0   0   1   3   +2.751210323e+03
dxdz_sv   1   0   0   1   2   +4.124915888e+02
dxdz_sv   1   0   0   1   1   -3.670943640e+01
dxdz_sv   1   0   0   1   0   +2.409015393e+00
dxdz_sv   1   0   0   0   4   +4.379486616e+02
dxdz_sv   1   0   0   0   3   +3.592518220e+01
dxdz_sv   1   0   0   0   2   -4.745803566e+00
dxdz_sv   1   0   0   0   1   -1.082956428e-02
dxdz_sv   1   0   0   0   0   +1.535482558e-02
dxdz_sv   0   5   0   0   0   +4.904247783e+03
dxdz_sv   0   4   1   0   0   +8.373957463e+04
dxdz_sv   0   4   0   1   0   -5.911236215e+04
dxdz_sv   0   4   0   0   1   -4.938210371e+03
dxdz_sv   0   4   0   0   0   +1.542037960e+02
dxdz_sv   0   3   2   0   0   +1.042874435e+06
dxdz_sv   0   3   1   1   0   -1.753552664e+05
dxdz_sv   0   3   1   0   1   -4.058317662e+04
dxdz_sv   0   3   1   0   0   +4.493739080e+03
dxdz_sv   0   3   0   2   0   +2.841388030e+05
dxdz_sv   0   3   0   1   1   +4.412674689e+04
dxdz_sv   0   3   0   1   0   -1.522177587e+03
dxdz_sv   0   3   0   0   2   +1.300116544e+03
dxdz_sv   0   3   0   0   1   -8.016523064e+01
dxdz_sv   0   3   0   0   0   -1.628970523e+00
dxdz_sv   0   2   3   0   0   +5.030761054e+05
dxdz_sv   0   2   2   1   0   -7.986238680e+06
dxdz_sv   0   2   2   0   1   -1.129834957e+06
dxdz_sv   0   2   2   0   0   +3.057608752e+04
dxdz_sv   0   2   1   2   0   -1.464677334e+05
dxdz_sv   0   2   1   1   1   +1.913029205e+05
dxdz_sv   0   2   1   1   0   -3.319434203e+04
dxdz_sv   0   2   1   0   2   +2.185534103e+04
dxdz_sv   0   2   1   0   1   -1.497314416e+03
dxdz_sv   0   2   1   0   0   -1.984886164e+02
dxdz_sv   0   2   0   3   0   -6.779458322e+05
dxdz_sv   0   2   0   2   1   -1.451409088e+05
dxdz_sv   0   2   0   2   0   +5.412758132e+03
dxdz_sv   0   2   0   1   2   -7.587114441e+03
dxdz_sv   0   2   0   1   1   +4.463811957e+02
dxdz_sv   0   2   0   1   0   +1.324481804e+01
dxdz_sv   0   2   0   0   3   +5.995850309e+00
dxdz_sv   0   2   0   0   2   -5.778663296e+00
dxdz_sv   0   2   0   0   1   +2.750454795e+00
dxdz_sv   0   2   0   0   0   -5.264304001e-02
dxdz_sv   0   1   4   0   0   -1.344192567e+07
dxdz_sv   0   1   3   1   0   -1.359702116e+07
dxdz_sv   0   1   3   0   1   -2.663632088e+06
dxdz_sv   0   1   3   0   0   -9.019633065e+04
dxdz_sv   0   1   2   2   0   +2.312962484e+07
dxdz_sv   0   1   2   1   1   +5.280896248e+06
dxdz_sv   0   1   2   1   0   -1.390969179e+05
dxdz_sv   0   1   2   0   2   +3.304054791e+05
dxdz_sv   0   1   2   0   1   -1.318799746e+04
dxdz_sv   0   1   2   0   0   -7.178873319e+02
dxdz_sv   0   1   1   3   0   -6.644298996e+04
dxdz_sv   0   1   1   2   1   -4.309367261e+05
dxdz_sv   0   1   1   2   0   +8.709943034e+04
dxdz_sv   0   1   1   1   2   -8.679195071e+04
dxdz_sv   0   1   1   1   1   +1.074005206e+04
dxdz_sv   0   1   1   1   0   +4.171810859e+02
dxdz_sv   0   1   1   0   3   +1.534604088e+03
dxdz_sv   0   1   1   0   2   -6.491544601e+01
dxdz_sv   0   1   1   0   1   -8.356125365e+00
dxdz_sv   0   1   1   0   0   +3.189321606e+00
dxdz_sv   0   1   0   4   0   +7.882284447e+05
dxdz_sv   0   1   0   3   1   +2.068413450e+05
dxdz_sv   0   1   0   3   0   -7.839266176e+03
dxdz_sv   0   1   0   2   2   +1.405579252e+04
dxdz_sv   0   1   0   2   1   -6.277186273e+02
dxdz_sv   0   1   0   2   0   -3.476467042e+01
dxdz_sv   0   1   0   1   3   -9.858249130e+02
dxdz_sv   0   1   0   1   2   +1.134827702e+02
dxdz_sv   0   1   0   1   1   -1.330389572e+01
dxdz_sv   0   1   0   1   0   +9.786549441e-02
dxdz_sv   0   1   0   0   4   -5.260496356e+02
dxdz_sv   0   1   0   0   3   +2.192854130e+01
dxdz_sv   0   1   0   0   2   -4.771842412e-01
dxdz_sv   0   1   0   0   1   -3.282398157e-03
dxdz_sv   0   1   0   0   0   +1.015948470e-03
dxdz_sv   0   0   5   0   0   +7.055548241e+07
dxdz_sv   0   0   4   1   0   +4.843625876e+07
dxdz_sv   0   0   4   0   1   -1.782367292e+06
dxdz_sv   0   0   4   0   0   -5.229879181e+04
dxdz_sv   0   0   3   2   0   +3.237774941e+07
dxdz_sv   0   0   3   1   1   +9.008213286e+06
dxdz_sv   0   0   3   1   0   +3.904043185e+05
dxdz_sv   0   0   3   0   2   -1.296234771e+05
dxdz_sv   0   0   3   0   1   +1.547159441e+05
dxdz_sv   0   0   3   0   0   -3.755946953e+04
dxdz_sv   0   0   2   3   0   -2.456215125e+07
dxdz_sv   0   0   2   2   1   -6.745762295e+06
dxdz_sv   0   0   2   2   0   +1.488447865e+05
dxdz_sv   0   0   2   1   2   -7.035806648e+05
dxdz_sv   0   0   2   1   1   +3.732742108e+04
dxdz_sv   0   0   2   1   0   +1.816061016e+03
dxdz_sv   0   0   2   0   3   -2.412081022e+04
dxdz_sv   0   0   2   0   2   -3.983295436e+03
dxdz_sv   0   0   2   0   1   +3.637147164e+02
dxdz_sv   0   0   2   0   0   +7.464756706e+00
dxdz_sv   0   0   1   4   0   +6.255456301e+05
dxdz_sv   0   0   1   3   1   +3.458414636e+05
dxdz_sv   0   0   1   3   0   -8.450666388e+04
dxdz_sv   0   0   1   2   2   +8.337889531e+04
dxdz_sv   0   0   1   2   1   -2.008274360e+04
dxdz_sv   0   0   1   2   0   -1.997542974e+00
dxdz_sv   0   0   1   1   3   -6.463065610e+03
dxdz_sv   0   0   1   1   2   -1.048367853e+03
dxdz_sv   0   0   1   1   1   +9.368580249e+01
dxdz_sv   0   0   1   1   0   -1.465703422e+00
dxdz_sv   0   0   1   0   4   -1.078899902e+03
dxdz_sv   0   0   1   0   3   -9.671184542e+01
dxdz_sv   0   0   1   0   2   +1.162177364e+01
dxdz_sv   0   0   1   0   1   +2.340999013e-01
dxdz_sv   0   0   1   0   0   +9.737163197e-01
dxdz_sv   0   0   0   5   0   -3.421968556e+05
dxdz_sv   0   0   0   4   1   -1.025052731e+05
dxdz_sv   0   0   0   4   0   +3.516261426e+03
dxdz_sv   0   0   0   3   2   -7.662605049e+03
dxdz_sv   0   0   0   3   1   -1.726232686e+01
dxdz_sv   0   0   0   3   0   +2.830670266e+01
dxdz_sv   0   0   0   2   3   +2.146242279e+03
dxdz_sv   0   0   0   2   2   -2.557239894e+02
dxdz_sv   0   0   0   2   1   +1.552086562e+01
dxdz_sv   0   0   0   2   0   +1.358142223e-01
dxdz_sv   0   0   0   1   4   +1.104752643e+03
dxdz_sv   0   0   0   1   3   -6.409888275e+01
dxdz_sv   0   0   0   1   2   +1.682525530e+00
dxdz_sv   0   0   0   1   1   +3.497344710e-02
dxdz_sv   0   0   0   1   0   -2.661444288e-03
dxdz_sv   0   0   0   0   5   +2.841868863e+01
dxdz_sv   0   0   0   0   4   -5.147038981e+00
dxdz_sv   0   0   0   0   3   +8.505071970e-02
dxdz_sv   0   0   0   0   2   +9.117258592e-03
dxdz_sv   0   0   0   0   1   -3.851657677e-04
dxdz_sv   0   0   0   0   0   -8.091519680e-06
dydz_sv   5   0   0   0   0   -6.927330060e+05
dydz_sv   4   1   0   0   0   -1.137057027e+06
dydz_sv   4   0   1   0   0   +9.528381473e+06
dydz_sv   4   0   0   1   0   +3.253021559e+06
dydz_sv   4   0   0   0   1   +1.473242625e+05
dydz_sv   4   0   0   0   0   -1.608681354e+04
dydz_sv   3   2   0   0   0   -6.596683054e+04
dydz_sv   3   1   1   0   0   +1.238916166e+07
dydz_sv   3   1   0   1   0   +1.376568018e+05
dydz_sv   3   1   0   0   1   +6.191729009e+03
dydz_sv   3   1   0   0   0   -1.614036556e+04
dydz_sv   3   0   2   0   0   -5.220742865e+07
dydz_sv   3   0   1   1   0   -3.537695142e+07
dydz_sv   3   0   1   0   1   -1.737214221e+06
dydz_sv   3   0   1   0   0   +1.949914574e+05
dydz_sv   3   0   0   2   0   +4.383885787e+05
dydz_sv   3   0   0   1   1   +8.773647241e+04
dydz_sv   3   0   0   1   0   +3.773707768e+04
dydz_sv   3   0   0   0   2   +3.735683952e+04
dydz_sv   3   0   0   0   1   +5.300191952e+03
dydz_sv   3   0   0   0   0   +1.501790340e+02
dydz_sv   2   3   0   0   0   -8.723987737e+05
dydz_sv   2   2   1   0   0   +4.193373027e+05
dydz_sv   2   2   0   1   0   +4.199395859e+06
dydz_sv   2   2   0   0   1   +2.787253302e+05
dydz_sv   2   2   0   0   0   -5.795260071e+04
dydz_sv   2   1   2   0   0   -5.068430767e+07
dydz_sv   2   1   1   1   0   -9.665574188e+05
dydz_sv   2   1   1   0   1   -8.542172084e+04
dydz_sv   2   1   1   0   0   +1.266023519e+05
dydz_sv   2   1   0   2   0   -6.269255702e+06
dydz_sv   2   1   0   1   1   -9.153657101e+05
dydz_sv   2   1   0   1   0   +2.452911773e+05
dydz_sv   2   1   0   0   2   +1.042617160e+04
dydz_sv   2   1   0   0   1   +1.274004562e+04
dydz_sv   2   1   0   0   0   +6.609203226e+02
dydz_sv   2   0   3   0   0   +1.424187395e+08
dydz_sv   2   0   2   1   0   +1.444604991e+08
dydz_sv   2   0   2   0   1   +7.669935190e+06
dydz_sv   2   0   2   0   0   -8.751338571e+05
dydz_sv   2   0   1   2   0   -3.330668769e+06
dydz_sv   2   0   1   1   1   -5.136754398e+05
dydz_sv   2   0   1   1   0   -2.817141426e+05
dydz_sv   2   0   1   0   2   -2.960829064e+05
dydz_sv   2   0   1   0   1   -4.167855027e+04
dydz_sv   2   0   1   0   0   -1.214155292e+03
dydz_sv   2   0   0   3   0   +2.590459217e+06
dydz_sv   2   0   0   2   1   +7.068163617e+05
dydz_sv   2   0   0   2   0   -2.424304699e+05
dydz_sv   2   0   0   1   2   -2.366687641e+04
dydz_sv   2   0   0   1   1   -2.226131461e+04
dydz_sv   2   0   0   1   0   -7.773928211e+02
dydz_sv   2   0   0   0   3   -4.044481797e+03
dydz_sv   2   0   0   0   2   -2.519886202e+01
dydz_sv   2   0   0   0   1   +1.495905871e+01
dydz_sv   2   0   0   0   0   +9.103397104e-01
dydz_sv   1   4   0   0   0   +1.935419496e+04
dydz_sv   1   3   1   0   0   +4.377594738e+06
dydz_sv   1   3   0   1   0   -2.003430126e+05
dydz_sv   1   3   0   0   1   -2.879213057e+04
dydz_sv   1   3   0   0   0   +1.284407786e+03
dydz_sv   1   2   2   0   0   -8.362041727e+05
dydz_sv   1   2   1   1   0   -2.175803637e+07
dydz_sv   1   2   1   0   1   -1.459123411e+06
dydz_sv   1   2   1   0   0   +3.036860482e+05
dydz_sv   1   2   0   2   0   +7.381983338e+05
dydz_sv   1   2   0   1   1   +2.415185584e+05
dydz_sv   1   2   0   1   0   -1.022153452e+04
dydz_sv   1   2   0   0   2   +9.279628843e+03
dydz_sv   1   2   0   0   1   -1.003326632e+03
dydz_sv   1   2   0   0   0   +1.415951645e+01
dydz_sv   1   1   3   0   0   +9.230892277e+07
dydz_sv   1   1   2   1   0   +2.208520210e+06
dydz_sv   1   1   2   0   1   +3.224821204e+05
dydz_sv   1   1   2   0   0   -3.304107806e+05
dydz_sv   1   1   1   2   0   +3.439718738e+07
dydz_sv   1   1   1   1   1   +4.942500352e+06
dydz_sv   1   1   1   1   0   -1.275388185e+06
dydz_sv   1   1   1   0   2   -5.879076748e+04
dydz_sv   1   1   1   0   1   -6.437454422e+04
dydz_sv   1   1   1   0   0   -3.440844657e+03
dydz_sv   1   1   0   3   0   -1.184098176e+06
dydz_sv   1   1   0   2   1   -6.550541377e+05
dydz_sv   1   1   0   2   0   +2.620139942e+04
dydz_sv   1   1   0   1   2   -4.589545544e+04
dydz_sv   1   1   0   1   1   +4.847669520e+03
dydz_sv   1   1   0   1   0   -7.844052230e+01
dydz_sv   1   1   0   0   3   +4.162105796e+02
dydz_sv   1   1   0   0   2   +1.850276505e+02
dydz_sv   1   1   0   0   1   +9.328359340e-01
dydz_sv   1   1   0   0   0   -5.110994269e-02
dydz_sv   1   0   4   0   0   -1.934060974e+08
dydz_sv   1   0   3   1   0   -2.626299915e+08
dydz_sv   1   0   3   0   1   -1.501723152e+07
dydz_sv   1   0   3   0   0   +1.728243862e+06
dydz_sv   1   0   2   2   0   +8.580870456e+06
dydz_sv   1   0   2   1   1   +8.871511393e+05
dydz_sv   1   0   2   1   0   +6.945307502e+05
dydz_sv   1   0   2   0   2   +7.800369981e+05
dydz_sv   1   0   2   0   1   +1.091914363e+05
dydz_sv   1   0   2   0   0   +3.284922798e+03
dydz_sv   1   0   1   3   0   -1.585784227e+07
dydz_sv   1   0   1   2   1   -3.849390081e+06
dydz_sv   1   0   1   2   0   +1.253802887e+06
dydz_sv   1   0   1   1   2   +1.564403722e+05
dydz_sv   1   0   1   1   1   +1.120240354e+05
dydz_sv   1   0   1   1   0   +4.065729020e+03
dydz_sv   1   0   1   0   3   +2.214559666e+04
dydz_sv   1   0   1   0   2   -7.881557173e+01
dydz_sv   1   0   1   0   1   -9.856088642e+01
dydz_sv   1   0   1   0   0   -8.789728168e+00
dydz_sv   1   0   0   4   0   +6.728007342e+05
dydz_sv   1   0   0   3   1   +5.702641504e+05
dydz_sv   1   0   0   3   0   -2.108123554e+04
dydz_sv   1   0   0   2   2   +5.168470332e+04
dydz_sv   1   0   0   2   1   -5.691484499e+03
dydz_sv   1   0   0   2   0   +1.374754099e+02
dydz_sv   1   0   0   1   3   -3.687762662e+03
dydz_sv   1   0   0   1   2   -4.002337917e+02
dydz_sv   1   0   0   1   1   +3.985829253e+00
dydz_sv   1   0   0   1   0   -5.258582934e-02
dydz_sv   1   0   0   0   4   +1.864516712e+03
dydz_sv   1   0   0   0   3   -5.874698689e+01
dydz_sv   1   0   0   0   2   -2.768224027e+00
dydz_sv   1   0   0   0   1   +1.956488407e-02
dydz_sv   1   0   0   0   0   -3.628549096e-03
dydz_sv   0   5   0   0   0   +4.566512595e+04
dydz_sv   0   4   1   0   0   -5.727194636e+04
dydz_sv   0   4   0   1   0   -4.655634998e+05
dydz_sv   0   4   0   0   1   -3.680220012e+04
dydz_sv   0   4   0   0   0   -1.882736002e+03
dydz_sv   0   3   2   0   0   -5.559764689e+06
dydz_sv   0   3   1   1   0   +5.821113617e+05
dydz_sv   0   3   1   0   1   +7.904524349e+04
dydz_sv   0   3   1   0   0   -3.407589980e+03
dydz_sv   0   3   0   2   0   +2.024239622e+06
dydz_sv   0   3   0   1   1   +3.105348190e+05
dydz_sv   0   3   0   1   0   +1.068773346e+04
dydz_sv   0   3   0   0   2   +1.087205531e+04
dydz_sv   0   3   0   0   1   +8.370089229e+02
dydz_sv   0   3   0   0   0   +4.935472710e+01
dydz_sv   0   2   3   0   0   +5.006604695e+05
dydz_sv   0   2   2   1   0   +2.856574356e+07
dydz_sv   0   2   2   0   1   +1.933434748e+06
dydz_sv   0   2   2   0   0   -3.983653364e+05
dydz_sv   0   2   1   2   0   -2.114108671e+06
dydz_sv   0   2   1   1   1   -6.493882289e+05
dydz_sv   0   2   1   1   0   +2.666009511e+04
dydz_sv   0   2   1   0   2   -2.285699247e+04
dydz_sv   0   2   1   0   1   +2.572736593e+03
dydz_sv   0   2   1   0   0   -3.174998036e+01
dydz_sv   0   2   0   3   0   -4.485352735e+06
dydz_sv   0   2   0   2   1   -9.688075674e+05
dydz_sv   0   2   0   2   0   -2.133506461e+04
dydz_sv   0   2   0   1   2   -6.219946986e+04
dydz_sv   0   2   0   1   1   -4.419664947e+03
dydz_sv   0   2   0   1   0   -3.345076039e+02
dydz_sv   0   2   0   0   3   -9.217415367e+02
dydz_sv   0   2   0   0   2   -2.195464778e+02
dydz_sv   0   2   0   0   1   -1.729879955e+01
dydz_sv   0   2   0   0   0   +3.382734340e+00
dydz_sv   0   1   4   0   0   -6.315804361e+07
dydz_sv   0   1   3   1   0   -1.630618921e+06
dydz_sv   0   1   3   0   1   -3.709588426e+05
dydz_sv   0   1   3   0   0   +2.868978379e+05
dydz_sv   0   1   2   2   0   -4.749999984e+07
dydz_sv   0   1   2   1   1   -6.694021590e+06
dydz_sv   0   1   2   1   0   +1.653959393e+06
dydz_sv   0   1   2   0   2   +8.252691742e+04
dydz_sv   0   1   2   0   1   +8.053310029e+04
dydz_sv   0   1   2   0   0   +4.583076312e+03
dydz_sv   0   1   1   3   0   +3.346138941e+06
dydz_sv   0   1   1   2   1   +1.728213868e+06
dydz_sv   0   1   1   2   0   -6.747742454e+04
dydz_sv   0   1   1   1   2   +1.094369497e+05
dydz_sv   0   1   1   1   1   -1.212266424e+04
dydz_sv   0   1   1   1   0   +1.780474527e+02
dydz_sv   0   1   1   0   3   -1.362636862e+03
dydz_sv   0   1   1   0   2   -4.142075398e+02
dydz_sv   0   1   1   0   1   -5.494575476e+00
dydz_sv   0   1   1   0   0   +1.661333788e-01
dydz_sv   0   1   0   4   0   +4.890372643e+06
dydz_sv   0   1   0   3   1   +1.266965988e+06
dydz_sv   0   1   0   3   0   +1.839510537e+04
dydz_sv   0   1   0   2   2   +9.830235537e+04
dydz_sv   0   1   0   2   1   +8.981591266e+03
dydz_sv   0   1   0   2   0   +6.839145975e+02
dydz_sv   0   1   0   1   3   +7.117320357e+02
dydz_sv   0   1   0   1   2   +1.158682645e+03
dydz_sv   0   1   0   1   1   +6.679305183e+01
dydz_sv   0   1   0   1   0   -9.996037178e+00
dydz_sv   0   1   0   0   4   -8.252304171e+02
dydz_sv   0   1   0   0   3   +3.643229527e+01
dydz_sv   0   1   0   0   2   +2.017435669e+00
dydz_sv   0   1   0   0   1   -5.333336805e-01
dydz_sv   0   1   0   0   0   -6.535423319e-02
dydz_sv   0   0   5   0   0   +1.045856944e+08
dydz_sv   0   0   4   1   0   +1.793764213e+08
dydz_sv   0   0   4   0   1   +1.099090471e+07
dydz_sv   0   0   4   0   0   -1.268789641e+06
dydz_sv   0   0   3   2   0   -7.507794700e+06
dydz_sv   0   0   3   1   1   -3.718089963e+05
dydz_sv   0   0   3   1   0   -5.644607787e+05
dydz_sv   0   0   3   0   2   -6.827619429e+05
dydz_sv   0   0   3   0   1   -9.533377780e+04
dydz_sv   0   0   3   0   0   -2.974709169e+03
dydz_sv   0   0   2   3   0   +2.371576047e+07
dydz_sv   0   0   2   2   1   +5.197062127e+06
dydz_sv   0   0   2   2   0   -1.612852227e+06
dydz_sv   0   0   2   1   2   -2.499257647e+05
dydz_sv   0   0   2   1   1   -1.390716351e+05
dydz_sv   0   0   2   1   0   -5.463859692e+03
dydz_sv   0   0   2   0   3   -3.009082224e+04
dydz_sv   0   0   2   0   2   +4.308262568e+02
dydz_sv   0   0   2   0   1   +1.533213111e+02
dydz_sv   0   0   2   0   0   +1.323375868e+01
dydz_sv   0   0   1   4   0   -1.866685583e+06
dydz_sv   0   0   1   3   1   -1.472639266e+06
dydz_sv   0   0   1   3   0   +5.348223185e+04
dydz_sv   0   0   1   2   2   -1.174458853e+05
dydz_sv   0   0   1   2   1   +1.379022650e+04
dydz_sv   0   0   1   2   0   -3.314004836e+02
dydz_sv   0   0   1   1   3   +9.910968132e+03
dydz_sv   0   0   1   1   2   +8.099946108e+02
dydz_sv   0   0   1   1   1   -4.755223538e+00
dydz_sv   0   0   1   1   0   +1.594272577e-01
dydz_sv   0   0   1   0   4   -5.035629394e+03
dydz_sv   0   0   1   0   3   +1.454750966e+02
dydz_sv   0   0   1   0   2   +7.980570057e+00
dydz_sv   0   0   1   0   1   -3.576802255e-02
dydz_sv   0   0   1   0   0   +9.142369070e-03
dydz_sv   0   0   0   5   0   -2.053474157e+06
dydz_sv   0   0   0   4   1   -5.576128054e+05
dydz_sv   0   0   0   4   0   -7.141614910e+03
dydz_sv   0   0   0   3   2   -3.068292894e+04
dydz_sv   0   0   0   3   1   -7.198709465e+03
dydz_sv   0   0   0   3   0   -4.111689112e+02
dydz_sv   0   0   0   2   3   +3.511886559e+03
dydz_sv   0   0   0   2   2   -1.617830004e+03
dydz_sv   0   0   0   2   1   -5.263460279e+01
dydz_sv   0   0   0   2   0   +7.978292342e+00
dydz_sv   0   0   0   1   4   +1.912703982e+03
dydz_sv   0   0   0   1   3   -1.165880683e+02
dydz_sv   0   0   0   1   2   -2.032223229e+00
dydz_sv   0   0   0   1   1   +9.021125814e-01
dydz_sv   0   0   0   1   0   +1.081439841e+00
dydz_sv   0   0   0   0   5   +2.205574745e+02
dydz_sv   0   0   0   0   4   +2.534065610e+00
dydz_sv   0   0   0   0   3   +1.145168718e-02
dydz_sv   0   0   0   0   2   -1.185816089e-01
dydz_sv   0   0   0   0   1   +1.362467587e-01
dydz_sv   0   0   0   0   0   -7.073443482e-03
x_sv   5   0   0   0   0   +2.121400284e+05
x_sv   4   1   0   0   0   +2.827669623e+05
x_sv   4   0   1   0   0   -2.714579154e+06
x_sv   4   0   0   1   0   -7.418858842e+05
x_sv   4   0   0   0   1   -7.228009394e+04
x_sv   4   0   0   0   0   +5.898326793e+03
x_sv   3   2   0   0   0   +5.188770096e+05
x_sv   3   1   1   0   0   -3.139797905e+06
x_sv   3   1   0   1   0   -2.276296215e+06
x_sv   3   1   0   0   1   -2.627078363e+05
x_sv   3   1   0   0   0   +7.461434079e+03
x_sv   3   0   2   0   0   +1.361294396e+07
x_sv   3   0   1   1   0   +8.369394128e+06
x_sv   3   0   1   0   1   +7.908121082e+05
x_sv   3   0   1   0   0   -6.623206450e+04
x_sv   3   0   0   2   0   +2.599234232e+06
x_sv   3   0   0   1   1   +5.662829142e+05
x_sv   3   0   0   1   0   -2.565395950e+04
x_sv   3   0   0   0   2   +6.828751027e+03
x_sv   3   0   0   0   1   -2.986356527e+03
x_sv   3   0   0   0   0   -1.010023892e+03
x_sv   2   3   0   0   0   -1.371796428e+05
x_sv   2   2   1   0   0   -4.007650584e+06
x_sv   2   2   0   1   0   +1.066715090e+06
x_sv   2   2   0   0   1   +1.244522429e+05
x_sv   2   2   0   0   0   -7.487404819e+02
x_sv   2   1   2   0   0   +1.303115672e+07
x_sv   2   1   1   1   0   +1.759478388e+07
x_sv   2   1   1   0   1   +2.120962765e+06
x_sv   2   1   1   0   0   -5.209461016e+04
x_sv   2   1   0   2   0   -2.951030321e+06
x_sv   2   1   0   1   1   -6.143551279e+05
x_sv   2   1   0   1   0   +4.714332686e+03
x_sv   2   1   0   0   2   -3.148054790e+04
x_sv   2   1   0   0   1   +3.252278941e+02
x_sv   2   1   0   0   0   +8.129221073e+01
x_sv   2   0   3   0   0   -3.336388676e+07
x_sv   2   0   2   1   0   -3.524487419e+07
x_sv   2   0   2   0   1   -3.242306001e+06
x_sv   2   0   2   0   0   +2.789197565e+05
x_sv   2   0   1   2   0   -2.036824931e+07
x_sv   2   0   1   1   1   -4.613171556e+06
x_sv   2   0   1   1   0   +1.513559537e+05
x_sv   2   0   1   0   2   -5.988851493e+04
x_sv   2   0   1   0   1   +1.773473749e+04
x_sv   2   0   1   0   0   +8.507728964e+03
x_sv   2   0   0   3   0   +2.883144378e+06
x_sv   2   0   0   2   1   +8.123764936e+05
x_sv   2   0   0   2   0   -6.459298965e+03
x_sv   2   0   0   1   2   +7.396290582e+04
x_sv   2   0   0   1   1   -1.786699673e+03
x_sv   2   0   0   1   0   -2.154032955e+02
x_sv   2   0   0   0   3   +3.214646997e+03
x_sv   2   0   0   0   2   +1.205068809e+02
x_sv   2   0   0   0   1   -3.005009281e+01
x_sv   2   0   0   0   0   -7.257801289e-01
x_sv   1   4   0   0   0   -1.806587114e+03
x_sv   1   3   1   0   0   +7.185999476e+05
x_sv   1   3   0   1   0   +1.694968607e+04
x_sv   1   3   0   0   1   -2.701442454e+03
x_sv   1   3   0   0   0   +6.909255458e+02
x_sv   1   2   2   0   0   +1.030020104e+07
x_sv   1   2   1   1   0   -5.528859417e+06
x_sv   1   2   1   0   1   -6.410481102e+05
x_sv   1   2   1   0   0   +3.395929309e+03
x_sv   1   2   0   2   0   -4.872538593e+04
x_sv   1   2   0   1   1   +2.462068024e+03
x_sv   1   2   0   1   0   -8.894020351e+02
x_sv   1   2   0   0   2   -1.280919324e+03
x_sv   1   2   0   0   1   +3.099436842e+02
x_sv   1   2   0   0   0   -5.493161138e+01
x_sv   1   1   3   0   0   -2.396874464e+07
x_sv   1   1   2   1   0   -4.513895668e+07
x_sv   1   1   2   0   1   -5.678503000e+06
x_sv   1   1   2   0   0   +1.144274360e+05
x_sv   1   1   1   2   0   +1.517669234e+07
x_sv   1   1   1   1   1   +3.132805897e+06
x_sv   1   1   1   1   0   -2.190952991e+04
x_sv   1   1   1   0   2   +1.567346770e+05
x_sv   1   1   1   0   1   -1.163933301e+03
x_sv   1   1   1   0   0   -4.318103356e+02
x_sv   1   1   0   3   0   +3.646840313e+04
x_sv   1   1   0   2   1   +4.467752976e+04
x_sv   1   1   0   2   0   -4.526407348e+03
x_sv   1   1   0   1   2   +1.625493431e+04
x_sv   1   1   0   1   1   -1.958215991e+03
x_sv   1   1   0   1   0   +2.426675636e+02
x_sv   1   1   0   0   3   +2.228950840e+03
x_sv   1   1   0   0   2   -1.372969528e+02
x_sv   1   1   0   0   1   +1.071547266e+01
x_sv   1   1   0   0   0   +1.670668987e+00
x_sv   1   0   4   0   0   +3.981077527e+07
x_sv   1   0   3   1   0   +6.570830515e+07
x_sv   1   0   3   0   1   +5.906053998e+06
x_sv   1   0   3   0   0   -5.220272206e+05
x_sv   1   0   2   2   0   +5.259325240e+07
x_sv   1   0   2   1   1   +1.235349335e+07
x_sv   1   0   2   1   0   -2.478256784e+05
x_sv   1   0   2   0   2   +1.635187528e+05
x_sv   1   0   2   0   1   -2.977490536e+04
x_sv   1   0   2   0   0   -2.382051670e+04
x_sv   1   0   1   3   0   -1.475434934e+07
x_sv   1   0   1   2   1   -4.126454640e+06
x_sv   1   0   1   2   0   +3.062021915e+04
x_sv   1   0   1   1   2   -3.613294707e+05
x_sv   1   0   1   1   1   +7.931964976e+03
x_sv   1   0   1   1   0   +1.120190928e+03
x_sv   1   0   1   0   3   -1.520032392e+04
x_sv   1   0   1   0   2   -8.064917505e+02
x_sv   1   0   1   0   1   +1.593852416e+02
x_sv   1   0   1   0   0   +4.022713724e+00
x_sv   1   0   0   4   0   +2.754452829e+03
x_sv   1   0   0   3   1   -8.289717157e+04
x_sv   1   0   0   3   0   +6.464123892e+03
x_sv   1   0   0   2   2   -3.095945447e+04
x_sv   1   0   0   2   1   +2.383188570e+03
x_sv   1   0   0   2   0   -2.826504015e+02
x_sv   1   0   0   1   3   -5.564001386e+03
x_sv   1   0   0   1   2   +2.484549349e+02
x_sv   1   0   0   1   1   -3.264558110e+01
x_sv   1   0   0   1   0   -1.290689914e-01
x_sv   1   0   0   0   4   -4.959295066e+01
x_sv   1   0   0   0   3   +3.540915358e+00
x_sv   1   0   0   0   2   -3.657856302e-01
x_sv   1   0   0   0   1   +1.017109617e-01
x_sv   1   0   0   0   0   +1.015724534e+00
x_sv   0   5   0   0   0   -2.222339397e+03
x_sv   0   4   1   0   0   +4.370323130e+03
x_sv   0   4   0   1   0   +2.931450399e+04
x_sv   0   4   0   0   1   +2.519099283e+03
x_sv   0   4   0   0   0   -1.014010129e+02
x_sv   0   3   2   0   0   -9.393454675e+05
x_sv   0   3   1   1   0   -3.409434282e+04
x_sv   0   3   1   0   1   +6.163727317e+03
x_sv   0   3   1   0   0   -1.226340679e+03
x_sv   0   3   0   2   0   -1.527618239e+05
x_sv   0   3   0   1   1   -2.480969214e+04
x_sv   0   3   0   1   0   +1.006834154e+03
x_sv   0   3   0   0   2   -6.450209047e+02
x_sv   0   3   0   0   1   +6.778822700e+01
x_sv   0   3   0   0   0   +8.247944448e-01
x_sv   0   2   3   0   0   -8.803595935e+06
x_sv   0   2   2   1   0   +7.146063478e+06
x_sv   0   2   2   0   1   +8.232805871e+05
x_sv   0   2   2   0   0   -3.652656226e+03
x_sv   0   2   1   2   0   +9.439466349e+04
x_sv   0   2   1   1   1   +4.458399228e+03
x_sv   0   2   1   1   0   +5.024273456e+01
x_sv   0   2   1   0   2   +4.378285289e+03
x_sv   0   2   1   0   1   -9.740607144e+02
x_sv   0   2   1   0   0   +1.184419677e+02
x_sv   0   2   0   3   0   +3.929275753e+05
x_sv   0   2   0   2   1   +8.978566702e+04
x_sv   0   2   0   2   0   -3.621782627e+03
x_sv   0   2   0   1   2   +3.965054800e+03
x_sv   0   2   0   1   1   -4.121389363e+02
x_sv   0   2   0   1   0   -7.904558898e+00
x_sv   0   2   0   0   3   -1.234468677e+02
x_sv   0   2   0   0   2   +4.053227760e+00
x_sv   0   2   0   0   1   -1.479263618e+00
x_sv   0   2   0   0   0   +2.692087825e-02
x_sv   0   1   4   0   0   +1.649204408e+07
x_sv   0   1   3   1   0   +3.839437952e+07
x_sv   0   1   3   0   1   +5.040647912e+06
x_sv   0   1   3   0   0   -7.755146401e+04
x_sv   0   1   2   2   0   -1.945652308e+07
x_sv   0   1   2   1   1   -3.979390561e+06
x_sv   0   1   2   1   0   +2.447974815e+04
x_sv   0   1   2   0   2   -1.936347986e+05
x_sv   0   1   2   0   1   +7.460216900e+02
x_sv   0   1   2   0   0   +5.732976405e+02
x_sv   0   1   1   3   0   -6.616602336e+04
x_sv   0   1   1   2   1   -1.538265751e+05
x_sv   0   1   1   2   0   +1.559656207e+04
x_sv   0   1   1   1   2   -4.839212812e+04
x_sv   0   1   1   1   1   +5.942459123e+03
x_sv   0   1   1   1   0   -5.585473377e+02
x_sv   0   1   1   0   3   -5.981890924e+03
x_sv   0   1   1   0   2   +4.092316668e+02
x_sv   0   1   1   0   1   -2.967994860e+01
x_sv   0   1   1   0   0   -4.572145329e-01
x_sv   0   1   0   4   0   -4.923375750e+05
x_sv   0   1   0   3   1   -1.405341938e+05
x_sv   0   1   0   3   0   +5.440711117e+03
x_sv   0   1   0   2   2   -7.299522603e+03
x_sv   0   1   0   2   1   +7.419644468e+02
x_sv   0   1   0   2   0   +2.377436076e+01
x_sv   0   1   0   1   3   +1.067440653e+03
x_sv   0   1   0   1   2   -6.751637987e+01
x_sv   0   1   0   1   1   +7.832962224e+00
x_sv   0   1   0   1   0   -9.483842522e-02
x_sv   0   1   0   0   4   +1.829973898e+02
x_sv   0   1   0   0   3   -1.036949449e+01
x_sv   0   1   0   0   2   +3.243978671e-01
x_sv   0   1   0   0   1   -7.826955458e-03
x_sv   0   1   0   0   0   -4.114544320e-04
x_sv   0   0   5   0   0   -1.838525715e+07
x_sv   0   0   4   1   0   -4.578635156e+07
x_sv   0   0   4   0   1   -4.034288475e+06
x_sv   0   0   4   0   0   +3.663373714e+05
x_sv   0   0   3   2   0   -4.464892940e+07
x_sv   0   0   3   1   1   -1.086834582e+07
x_sv   0   0   3   1   0   +7.205444976e+04
x_sv   0   0   3   0   2   -1.393826586e+05
x_sv   0   0   3   0   1   +9.877813316e+03
x_sv   0   0   3   0   0   +2.220220061e+04
x_sv   0   0   2   3   0   +1.882359917e+07
x_sv   0   0   2   2   1   +5.219598258e+06
x_sv   0   0   2   2   0   -3.527593025e+04
x_sv   0   0   2   1   2   +4.365209611e+05
x_sv   0   0   2   1   1   -8.346405986e+03
x_sv   0   0   2   1   0   -1.452808387e+03
x_sv   0   0   2   0   3   +1.756031567e+04
x_sv   0   0   2   0   2   +1.301847721e+03
x_sv   0   0   2   0   1   -2.111100284e+02
x_sv   0   0   2   0   0   -5.587073032e+00
x_sv   0   0   1   4   0   -2.211254418e+04
x_sv   0   0   1   3   1   +2.412291976e+05
x_sv   0   0   1   3   0   -1.947877157e+04
x_sv   0   0   1   2   2   +8.500959464e+04
x_sv   0   0   1   2   1   -7.324427521e+03
x_sv   0   0   1   2   0   +7.006075163e+02
x_sv   0   0   1   1   3   +1.428489403e+04
x_sv   0   0   1   1   2   -7.611382629e+02
x_sv   0   0   1   1   1   +9.025424900e+01
x_sv   0   0   1   1   0   -2.263875485e+00
x_sv   0   0   1   0   4   +1.228234522e+02
x_sv   0   0   1   0   3   -9.927479835e+00
x_sv   0   0   1   0   2   +1.436798050e+00
x_sv   0   0   1   0   1   -3.451854972e-01
x_sv   0   0   1   0   0   -1.991018995e+00
x_sv   0   0   0   5   0   +2.338676322e+05
x_sv   0   0   0   4   1   +7.711075463e+04
x_sv   0   0   0   4   0   -2.714166211e+03
x_sv   0   0   0   3   2   +3.440160312e+03
x_sv   0   0   0   3   1   -3.086919374e+02
x_sv   0   0   0   3   0   -2.253306060e+01
x_sv   0   0   0   2   3   -1.832099682e+03
x_sv   0   0   0   2   2   +1.433420808e+02
x_sv   0   0   0   2   1   -9.914717480e+00
x_sv   0   0   0   2   0   +4.014556474e-02
x_sv   0   0   0   1   4   -5.013049125e+02
x_sv   0   0   0   1   3   +3.187311453e+01
x_sv   0   0   0   1   2   -9.417922696e-01
x_sv   0   0   0   1   1   +9.496771832e-03
x_sv   0   0   0   1   0   +1.118926828e-03
x_sv   0   0   0   0   5   -4.989665631e+01
x_sv   0   0   0   0   4   +2.117815014e+00
x_sv   0   0   0   0   3   +2.217825785e-02
x_sv   0   0   0   0   2   -2.067320592e-03
x_sv   0   0   0   0   1   +1.382260380e-04
x_sv   0   0   0   0   0   +1.305409655e-03
y_sv   5   0   0   0   0   +4.668401089e+05
y_sv   4   1   0   0   0   +1.706982919e+05
y_sv   4   0   1   0   0   -6.333414959e+06
y_sv   4   0   0   1   0   -7.150179214e+05
y_sv   4   0   0   0   1   -9.426425637e+04
y_sv   4   0   0   0   0   +1.084889241e+03
y_sv   3   2   0   0   0   -1.249954598e+05
y_sv   3   1   1   0   0   -1.490860253e+06
y_sv   3   1   0   1   0   +3.903113976e+05
y_sv   3   1   0   0   1   +1.821706985e+05
y_sv   3   1   0   0   0   +5.759590876e+03
y_sv   3   0   2   0   0   +3.414190235e+07
y_sv   3   0   1   1   0   +7.137327461e+06
y_sv   3   0   1   0   1   +1.061618348e+06
y_sv   3   0   1   0   0   -1.654542958e+04
y_sv   3   0   0   2   0   -5.321203063e+05
y_sv   3   0   0   1   1   -3.065992333e+05
y_sv   3   0   0   1   0   -9.667058083e+03
y_sv   3   0   0   0   2   -3.395348242e+04
y_sv   3   0   0   0   1   +4.315598104e+03
y_sv   3   0   0   0   0   -3.350594721e+01
y_sv   2   3   0   0   0   -7.243866263e+04
y_sv   2   2   1   0   0   +9.914166132e+05
y_sv   2   2   0   1   0   +5.410780037e+05
y_sv   2   2   0   0   1   +2.239793374e+04
y_sv   2   2   0   0   0   +9.332556988e+03
y_sv   2   1   2   0   0   +4.685898756e+06
y_sv   2   1   1   1   0   -2.897475426e+06
y_sv   2   1   1   0   1   -1.459288123e+06
y_sv   2   1   1   0   0   -4.660868050e+04
y_sv   2   1   0   2   0   -1.304889305e+06
y_sv   2   1   0   1   1   -1.020429322e+05
y_sv   2   1   0   1   0   -3.596818134e+04
y_sv   2   1   0   0   2   -3.518962457e+04
y_sv   2   1   0   0   1   -1.217601776e+03
y_sv   2   1   0   0   0   -3.814442901e+02
y_sv   2   0   3   0   0   -9.140049650e+07
y_sv   2   0   2   1   0   -2.674646757e+07
y_sv   2   0   2   0   1   -4.490957925e+06
y_sv   2   0   2   0   0   +8.574285003e+04
y_sv   2   0   1   2   0   +3.907485250e+06
y_sv   2   0   1   1   1   +2.490256033e+06
y_sv   2   0   1   1   0   +6.963722877e+04
y_sv   2   0   1   0   2   +2.926889047e+05
y_sv   2   0   1   0   1   -3.575502085e+04
y_sv   2   0   1   0   0   +3.014000391e+02
y_sv   2   0   0   3   0   +1.095816242e+06
y_sv   2   0   0   2   1   +1.500151941e+05
y_sv   2   0   0   2   0   +3.122305761e+04
y_sv   2   0   0   1   2   +8.754490345e+04
y_sv   2   0   0   1   1   +3.846016004e+02
y_sv   2   0   0   1   0   +6.555214434e+02
y_sv   2   0   0   0   3   +3.216425537e+03
y_sv   2   0   0   0   2   +1.488949583e+02
y_sv   2   0   0   0   1   +8.271332647e+00
y_sv   2   0   0   0   0   +1.647345586e+00
y_sv   1   4   0   0   0   -4.527246609e+04
y_sv   1   3   1   0   0   +3.113041474e+05
y_sv   1   3   0   1   0   +4.452719045e+05
y_sv   1   3   0   0   1   +3.811386360e+04
y_sv   1   3   0   0   0   -7.454039322e+02
y_sv   1   2   2   0   0   -2.599698418e+06
y_sv   1   2   1   1   0   -2.200210744e+06
y_sv   1   2   1   0   1   -6.413853304e+04
y_sv   1   2   1   0   0   -4.689227464e+04
y_sv   1   2   0   2   0   -1.636648798e+06
y_sv   1   2   0   1   1   -2.787618506e+05
y_sv   1   2   0   1   0   +5.615627257e+03
y_sv   1   2   0   0   2   +9.112180097e+02
y_sv   1   2   0   0   1   +3.925282809e+02
y_sv   1   2   0   0   0   +9.639440047e+00
y_sv   1   1   3   0   0   -6.161211546e+06
y_sv   1   1   2   1   0   +7.039799664e+06
y_sv   1   1   2   0   1   +3.883251775e+06
y_sv   1   1   2   0   0   +1.255328699e+05
y_sv   1   1   1   2   0   +5.064504776e+06
y_sv   1   1   1   1   1   +2.858352313e+05
y_sv   1   1   1   1   0   +1.736683532e+05
y_sv   1   1   1   0   2   +1.803382922e+05
y_sv   1   1   1   0   1   +5.009448681e+03
y_sv   1   1   1   0   0   +2.076556680e+03
y_sv   1   1   0   3   0   +2.692436212e+06
y_sv   1   1   0   2   1   +6.709288378e+05
y_sv   1   1   0   2   0   -1.413121005e+04
y_sv   1   1   0   1   2   -1.187772356e+04
y_sv   1   1   0   1   1   -1.564741532e+03
y_sv   1   1   0   1   0   -4.169083346e+01
y_sv   1   1   0   0   3   -3.134056636e+03
y_sv   1   1   0   0   2   -1.059359358e+00
y_sv   1   1   0   0   1   -6.847790597e+00
y_sv   1   1   0   0   0   +6.485983129e-02
y_sv   1   0   4   0   0   +1.214818437e+08
y_sv   1   0   3   1   0   +4.465493571e+07
y_sv   1   0   3   0   1   +8.448308926e+06
y_sv   1   0   3   0   0   -1.875904991e+05
y_sv   1   0   2   2   0   -9.453119777e+06
y_sv   1   0   2   1   1   -6.728286528e+06
y_sv   1   0   2   1   0   -1.633426003e+05
y_sv   1   0   2   0   2   -8.355227340e+05
y_sv   1   0   2   0   1   +9.867895975e+04
y_sv   1   0   2   0   0   -9.102672809e+02
y_sv   1   0   1   3   0   -4.293557154e+06
y_sv   1   0   1   2   1   -5.834068258e+05
y_sv   1   0   1   2   0   -1.419785445e+05
y_sv   1   0   1   1   2   -4.570926271e+05
y_sv   1   0   1   1   1   +1.187881801e+03
y_sv   1   0   1   1   0   -3.577152140e+03
y_sv   1   0   1   0   3   -1.580151648e+04
y_sv   1   0   1   0   2   -7.758850845e+02
y_sv   1   0   1   0   1   -3.922978618e+01
y_sv   1   0   1   0   0   -5.555513072e+00
y_sv   1   0   0   4   0   -1.656201288e+06
y_sv   1   0   0   3   1   -5.394702431e+05
y_sv   1   0   0   3   0   +1.112815347e+04
y_sv   1   0   0   2   2   +2.578092755e+04
y_sv   1   0   0   2   1   +1.208901907e+03
y_sv   1   0   0   2   0   +2.804462502e+01
y_sv   1   0   0   1   3   +8.708155427e+03
y_sv   1   0   0   1   2   -4.671774784e+01
y_sv   1   0   0   1   1   +2.065734452e+01
y_sv   1   0   0   1   0   +3.360309698e-02
y_sv   1   0   0   0   4   -2.608963546e+02
y_sv   1   0   0   0   3   -7.157329695e+00
y_sv   1   0   0   0   2   -1.066932643e-01
y_sv   1   0   0   0   1   -2.911009606e-02
y_sv   1   0   0   0   0   +1.853319589e-03
y_sv   0   5   0   0   0   +3.950230689e+03
y_sv   0   4   1   0   0   +1.182205794e+05
y_sv   0   4   0   1   0   -1.439841065e+04
y_sv   0   4   0   0   1   +2.241753478e+03
y_sv   0   4   0   0   0   -5.780241282e+02
y_sv   0   3   2   0   0   -3.338169894e+05
y_sv   0   3   1   1   0   -1.149276159e+06
y_sv   0   3   1   0   1   -9.700274416e+04
y_sv   0   3   1   0   0   +1.791784952e+03
y_sv   0   3   0   2   0   -2.189566863e+04
y_sv   0   3   0   1   1   -2.865441096e+04
y_sv   0   3   0   1   0   +4.155501210e+03
y_sv   0   3   0   0   2   -1.451288442e+03
y_sv   0   3   0   0   1   +2.965950111e+02
y_sv   0   3   0   0   0   +5.784349273e+00
y_sv   0   2   3   0   0   +2.253334025e+06
y_sv   0   2   2   1   0   +2.200473925e+06
y_sv   0   2   2   0   1   +2.617074566e+04
y_sv   0   2   2   0   0   +5.951394805e+04
y_sv   0   2   1   2   0   +4.174749953e+06
y_sv   0   2   1   1   1   +6.988404749e+05
y_sv   0   2   1   1   0   -1.314046406e+04
y_sv   0   2   1   0   2   -3.886832840e+03
y_sv   0   2   1   0   1   -8.410792922e+02
y_sv   0   2   1   0   0   -2.973933396e+01
y_sv   0   2   0   3   0   +2.112017186e+05
y_sv   0   2   0   2   1   +1.350607662e+05
y_sv   0   2   0   2   0   -1.301905509e+04
y_sv   0   2   0   1   2   +1.319540076e+04
y_sv   0   2   0   1   1   -2.230835588e+03
y_sv   0   2   0   1   0   -3.388565001e+01
y_sv   0   2   0   0   3   +4.023383480e+02
y_sv   0   2   0   0   2   -1.047094289e+02
y_sv   0   2   0   0   1   -1.118672333e+00
y_sv   0   2   0   0   0   -8.308352671e-01
y_sv   0   1   4   0   0   +2.743891449e+06
y_sv   0   1   3   1   0   -5.577658999e+06
y_sv   0   1   3   0   1   -3.432696354e+06
y_sv   0   1   3   0   0   -1.125211997e+05
y_sv   0   1   2   2   0   -4.829355855e+06
y_sv   0   1   2   1   1   -1.348859318e+05
y_sv   0   1   2   1   0   -2.062705010e+05
y_sv   0   1   2   0   2   -2.341752825e+05
y_sv   0   1   2   0   1   -4.386785918e+03
y_sv   0   1   2   0   0   -2.871657318e+03
y_sv   0   1   1   3   0   -6.785751397e+06
y_sv   0   1   1   2   1   -1.649649107e+06
y_sv   0   1   1   2   0   +3.221996402e+04
y_sv   0   1   1   1   2   +4.005956928e+04
y_sv   0   1   1   1   1   +2.898556442e+03
y_sv   0   1   1   1   0   +1.299103394e+02
y_sv   0   1   1   0   3   +8.285850813e+03
y_sv   0   1   1   0   2   -5.665880911e+01
y_sv   0   1   1   0   1   +1.993221857e+01
y_sv   0   1   1   0   0   -1.436473546e-01
y_sv   0   1   0   4   0   -4.303010984e+05
y_sv   0   1   0   3   1   -2.732326669e+05
y_sv   0   1   0   3   0   +2.053308021e+04
y_sv   0   1   0   2   2   -3.734599657e+04
y_sv   0   1   0   2   1   +5.902693314e+03
y_sv   0   1   0   2   0   +4.970682463e+01
y_sv   0   1   0   1   3   -2.190966787e+03
y_sv   0   1   0   1   2   +5.475517180e+02
y_sv   0   1   0   1   1   +9.597199919e-01
y_sv   0   1   0   1   0   +6.999260911e-01
y_sv   0   1   0   0   4   +1.815036719e+02
y_sv   0   1   0   0   3   +1.912612784e+01
y_sv   0   1   0   0   2   -5.392744383e-01
y_sv   0   1   0   0   1   -8.562388520e-02
y_sv   0   1   0   0   0   +1.042967722e+00
y_sv   0   0   5   0   0   -6.410948682e+07
y_sv   0   0   4   1   0   -2.806155718e+07
y_sv   0   0   4   0   1   -5.955931274e+06
y_sv   0   0   4   0   0   +1.488067846e+05
y_sv   0   0   3   2   0   +7.526446938e+06
y_sv   0   0   3   1   1   +6.047156244e+06
y_sv   0   0   3   1   0   +1.236502005e+05
y_sv   0   0   3   0   2   +7.900610995e+05
y_sv   0   0   3   0   1   -9.071371691e+04
y_sv   0   0   3   0   0   +9.206264300e+02
y_sv   0   0   2   3   0   +4.262417704e+06
y_sv   0   0   2   2   1   +6.196114338e+05
y_sv   0   0   2   2   0   +1.529325570e+05
y_sv   0   0   2   1   2   +6.030247013e+05
y_sv   0   0   2   1   1   -6.600666345e+03
y_sv   0   0   2   1   0   +4.924257881e+03
y_sv   0   0   2   0   3   +1.931258858e+04
y_sv   0   0   2   0   2   +9.973710548e+02
y_sv   0   0   2   0   1   +4.384170540e+01
y_sv   0   0   2   0   0   +6.225909192e+00
y_sv   0   0   1   4   0   +4.105929533e+06
y_sv   0   0   1   3   1   +1.287607349e+06
y_sv   0   0   1   3   0   -2.415442426e+04
y_sv   0   0   1   2   2   -8.259925626e+04
y_sv   0   0   1   2   1   -1.193098723e+03
y_sv   0   0   1   2   0   -9.353970086e+01
y_sv   0   0   1   1   3   -2.314715830e+04
y_sv   0   0   1   1   2   +3.206876465e+02
y_sv   0   0   1   1   1   -5.842253340e+01
y_sv   0   0   1   1   0   -2.343565584e-01
y_sv   0   0   1   0   4   +6.418948121e+02
y_sv   0   0   1   0   3   +2.367957762e+01
y_sv   0   0   1   0   2   +4.423503693e-01
y_sv   0   0   1   0   1   +6.145508079e-02
y_sv   0   0   1   0   0   -4.925275141e-03
y_sv   0   0   0   5   0   +2.875173829e+05
y_sv   0   0   0   4   1   +1.922146283e+05
y_sv   0   0   0   4   0   -1.319159094e+04
y_sv   0   0   0   3   2   +3.136175344e+04
y_sv   0   0   0   3   1   -5.340290733e+03
y_sv   0   0   0   3   0   -7.023144966e+00
y_sv   0   0   0   2   3   +2.408145502e+03
y_sv   0   0   0   2   2   -7.155021839e+02
y_sv   0   0   0   2   1   +1.040203416e+01
y_sv   0   0   0   2   0   +4.658814217e-01
y_sv   0   0   0   1   4   -4.675458742e+02
y_sv   0   0   0   1   3   -4.344316636e+01
y_sv   0   0   0   1   2   +2.602158555e+00
y_sv   0   0   0   1   1   +1.833443481e-01
y_sv   0   0   0   1   0   -1.952556460e+00
y_sv   0   0   0   0   5   -3.447526798e+01
y_sv   0   0   0   0   4   -1.272439497e+00
y_sv   0   0   0   0   3   -5.597769345e-03
y_sv   0   0   0   0   2   +1.355557149e-01
y_sv   0   0   0   0   1   -1.278567148e-01
y_sv   0   0   0   0   0   -8.361150776e-03
