# Polynomial metadata: 
# -- Order: 5
# -- Trained on data: 'data/mc/mc_R_production.root'
# -- Input branches: { x_sv y_sv dxdz_sv dydz_sv dpp_sv }
# -- Time created: Mon Jan 12 10:06:32 2026

poly-DoF 5
is-RHRS 1
dpp_q1   5   0   0   0   0   -5.765336650e+06
dpp_q1   4   1   0   0   0   -1.480203532e+05
dpp_q1   4   0   1   0   0   +2.128517347e+07
dpp_q1   4   0   0   1   0   -1.806067063e+06
dpp_q1   4   0   0   0   1   +1.077415794e+05
dpp_q1   4   0   0   0   0   +8.553280768e+04
dpp_q1   3   2   0   0   0   +9.813139713e+05
dpp_q1   3   1   1   0   0   +9.017531250e+05
dpp_q1   3   1   0   1   0   -2.060531688e+06
dpp_q1   3   1   0   0   1   -6.901810710e+04
dpp_q1   3   1   0   0   0   -2.246385932e+04
dpp_q1   3   0   2   0   0   -3.001641019e+07
dpp_q1   3   0   1   1   0   +5.492610957e+06
dpp_q1   3   0   1   0   1   -2.828684998e+05
dpp_q1   3   0   1   0   0   -2.594218399e+05
dpp_q1   3   0   0   2   0   +2.071267113e+06
dpp_q1   3   0   0   1   1   +6.073481055e+05
dpp_q1   3   0   0   1   0   +2.610641875e+04
dpp_q1   3   0   0   0   2   -2.862756793e+04
dpp_q1   3   0   0   0   1   -1.071199159e+04
dpp_q1   3   0   0   0   0   -9.237143882e+02
dpp_q1   2   3   0   0   0   +3.043267711e+04
dpp_q1   2   2   1   0   0   -2.095464273e+06
dpp_q1   2   2   0   1   0   +2.979972417e+05
dpp_q1   2   2   0   0   1   +4.517295801e+03
dpp_q1   2   2   0   0   0   -1.054161754e+04
dpp_q1   2   1   2   0   0   -1.342853895e+06
dpp_q1   2   1   1   1   0   +4.634209592e+06
dpp_q1   2   1   1   0   1   -3.811885201e+04
dpp_q1   2   1   1   0   0   +5.736136634e+04
dpp_q1   2   1   0   2   0   +9.010914909e+04
dpp_q1   2   1   0   1   1   +1.270769176e+05
dpp_q1   2   1   0   1   0   +7.930244867e+03
dpp_q1   2   1   0   0   2   +1.702577306e+04
dpp_q1   2   1   0   0   1   -4.412543106e+02
dpp_q1   2   1   0   0   0   +2.224358566e+01
dpp_q1   2   0   3   0   0   +1.992952813e+07
dpp_q1   2   0   2   1   0   -6.134171845e+06
dpp_q1   2   0   2   0   1   +2.761453162e+05
dpp_q1   2   0   2   0   0   +2.817547845e+05
dpp_q1   2   0   1   2   0   -5.011578645e+06
dpp_q1   2   0   1   1   1   -1.414186516e+06
dpp_q1   2   0   1   1   0   -6.711277560e+04
dpp_q1   2   0   1   0   2   +3.002760902e+04
dpp_q1   2   0   1   0   1   +2.546850141e+04
dpp_q1   2   0   1   0   0   +2.191001178e+03
dpp_q1   2   0   0   3   0   +1.703893708e+05
dpp_q1   2   0   0   2   1   +4.498363577e+04
dpp_q1   2   0   0   2   0   -2.107926630e+04
dpp_q1   2   0   0   1   2   +2.422223036e+04
dpp_q1   2   0   0   1   1   -7.507718211e+03
dpp_q1   2   0   0   1   0   -1.433274069e+02
dpp_q1   2   0   0   0   3   +7.390422430e+03
dpp_q1   2   0   0   0   2   -8.699004091e+02
dpp_q1   2   0   0   0   1   +7.733642525e+00
dpp_q1   2   0   0   0   0   +6.977013668e+00
dpp_q1   1   4   0   0   0   -4.741609470e+04
dpp_q1   1   3   1   0   0   -7.429454918e+04
dpp_q1   1   3   0   1   0   +2.280895685e+05
dpp_q1   1   3   0   0   1   -3.576366288e+03
dpp_q1   1   3   0   0   0   +2.390805011e+03
dpp_q1   1   2   2   0   0   +1.467120760e+06
dpp_q1   1   2   1   1   0   -3.384292565e+05
dpp_q1   1   2   1   0   1   +1.555884016e+03
dpp_q1   1   2   1   0   0   +1.603962213e+04
dpp_q1   1   2   0   2   0   -3.645841023e+05
dpp_q1   1   2   0   1   1   -4.246208317e+04
dpp_q1   1   2   0   1   0   -7.408669227e+03
dpp_q1   1   2   0   0   2   +3.602802581e+03
dpp_q1   1   2   0   0   1   -3.234299238e+02
dpp_q1   1   2   0   0   0   +3.958987520e+01
dpp_q1   1   1   3   0   0   +6.857528785e+05
dpp_q1   1   1   2   1   0   -3.387380102e+06
dpp_q1   1   1   2   0   1   +1.812166422e+05
dpp_q1   1   1   2   0   0   -4.741441481e+04
dpp_q1   1   1   1   2   0   -3.129274329e+05
dpp_q1   1   1   1   1   1   -2.737108168e+05
dpp_q1   1   1   1   1   0   -1.299634634e+04
dpp_q1   1   1   1   0   2   -2.944901358e+04
dpp_q1   1   1   1   0   1   +1.071434979e+03
dpp_q1   1   1   1   0   0   -6.550288641e+01
dpp_q1   1   1   0   3   0   +2.970994236e+05
dpp_q1   1   1   0   2   1   +6.493314931e+04
dpp_q1   1   1   0   2   0   +4.094380295e+03
dpp_q1   1   1   0   1   2   -8.447329411e+03
dpp_q1   1   1   0   1   1   -1.721522597e+02
dpp_q1   1   1   0   1   0   -7.111973631e+01
dpp_q1   1   1   0   0   3   -3.118541874e+03
dpp_q1   1   1   0   0   2   -4.631470476e+02
dpp_q1   1   1   0   0   1   +8.112834868e+00
dpp_q1   1   1   0   0   0   +1.806947030e-02
dpp_q1   1   0   4   0   0   -6.100872493e+06
dpp_q1   1   0   3   1   0   +3.045826941e+06
dpp_q1   1   0   3   0   1   -1.056583539e+05
dpp_q1   1   0   3   0   0   -1.275032929e+05
dpp_q1   1   0   2   2   0   +3.985718198e+06
dpp_q1   1   0   2   1   1   +1.116625363e+06
dpp_q1   1   0   2   1   0   +5.589329200e+04
dpp_q1   1   0   2   0   2   +2.355821372e+04
dpp_q1   1   0   2   0   1   -2.022372354e+04
dpp_q1   1   0   2   0   0   -1.667500475e+03
dpp_q1   1   0   1   3   0   -9.607849677e+04
dpp_q1   1   0   1   2   1   +1.258695287e+04
dpp_q1   1   0   1   2   0   +3.370796402e+04
dpp_q1   1   0   1   1   2   -2.035176360e+04
dpp_q1   1   0   1   1   1   +1.233519958e+04
dpp_q1   1   0   1   1   0   +1.734661391e+02
dpp_q1   1   0   1   0   3   -5.475177186e+03
dpp_q1   1   0   1   0   2   +1.648709286e+03
dpp_q1   1   0   1   0   1   -3.690513435e+01
dpp_q1   1   0   1   0   0   -1.160919193e+01
dpp_q1   1   0   0   4   0   -8.071036710e+04
dpp_q1   1   0   0   3   1   -1.492119207e+04
dpp_q1   1   0   0   3   0   -1.214667189e+03
dpp_q1   1   0   0   2   2   +1.430345261e+04
dpp_q1   1   0   0   2   1   -3.071940327e+01
dpp_q1   1   0   0   2   0   +4.722123408e+01
dpp_q1   1   0   0   1   3   +3.024380380e+03
dpp_q1   1   0   0   1   2   +1.094473756e+02
dpp_q1   1   0   0   1   1   -1.456283201e+00
dpp_q1   1   0   0   1   0   +4.385961932e-01
dpp_q1   1   0   0   0   4   +4.554195165e+03
dpp_q1   1   0   0   0   3   +2.479243774e+00
dpp_q1   1   0   0   0   2   -1.065134363e+01
dpp_q1   1   0   0   0   1   +9.929116475e-02
dpp_q1   1   0   0   0   0   -7.313663598e-03
dpp_q1   0   5   0   0   0   +1.147183587e+04
dpp_q1   0   4   1   0   0   +3.867452724e+04
dpp_q1   0   4   0   1   0   +1.049723552e+04
dpp_q1   0   4   0   0   1   +9.085229934e+03
dpp_q1   0   4   0   0   0   -1.492213241e+02
dpp_q1   0   3   2   0   0   +3.057696523e+04
dpp_q1   0   3   1   1   0   -1.686779770e+05
dpp_q1   0   3   1   0   1   +6.268387087e+03
dpp_q1   0   3   1   0   0   -1.929142006e+03
dpp_q1   0   3   0   2   0   -3.881808875e+04
dpp_q1   0   3   0   1   1   -1.206074252e+04
dpp_q1   0   3   0   1   0   -1.183109456e+03
dpp_q1   0   3   0   0   2   -3.480175946e+01
dpp_q1   0   3   0   0   1   -1.206356894e+02
dpp_q1   0   3   0   0   0   -1.384973615e+01
dpp_q1   0   2   3   0   0   -3.308131471e+05
dpp_q1   0   2   2   1   0   +9.321487370e+04
dpp_q1   0   2   2   0   1   -5.762873101e+03
dpp_q1   0   2   2   0   0   -6.105144136e+03
dpp_q1   0   2   1   2   0   +2.790118401e+05
dpp_q1   0   2   1   1   1   +2.565337414e+04
dpp_q1   0   2   1   1   0   +5.578138716e+03
dpp_q1   0   2   1   0   2   -1.842629782e+03
dpp_q1   0   2   1   0   1   +1.741110718e+02
dpp_q1   0   2   1   0   0   -2.886395652e+01
dpp_q1   0   2   0   3   0   +5.744554396e+04
dpp_q1   0   2   0   2   1   -8.905857916e+03
dpp_q1   0   2   0   2   0   +1.672280059e+03
dpp_q1   0   2   0   1   2   -7.575493892e+03
dpp_q1   0   2   0   1   1   -7.049114361e+00
dpp_q1   0   2   0   1   0   +6.449538490e+00
dpp_q1   0   2   0   0   3   -5.244053101e+02
dpp_q1   0   2   0   0   2   +2.822729796e+01
dpp_q1   0   2   0   0   1   -4.648564297e+00
dpp_q1   0   2   0   0   0   +7.153007716e-02
dpp_q1   0   1   4   0   0   -9.292834125e+04
dpp_q1   0   1   3   1   0   +8.077735322e+05
dpp_q1   0   1   3   0   1   -8.201897106e+04
dpp_q1   0   1   3   0   0   +1.232583438e+04
dpp_q1   0   1   2   2   0   +1.536116821e+05
dpp_q1   0   1   2   1   1   +1.233061186e+05
dpp_q1   0   1   2   1   0   +6.033108175e+03
dpp_q1   0   1   2   0   2   +1.357949127e+04
dpp_q1   0   1   2   0   1   -2.514563878e+02
dpp_q1   0   1   2   0   0   +4.198004436e+01
dpp_q1   0   1   1   3   0   -1.942184726e+05
dpp_q1   0   1   1   2   1   -2.914792831e+04
dpp_q1   0   1   1   2   0   -3.811500462e+03
dpp_q1   0   1   1   1   2   +8.703089730e+03
dpp_q1   0   1   1   1   1   +2.216466864e+02
dpp_q1   0   1   1   1   0   +3.886353325e+01
dpp_q1   0   1   1   0   3   +1.443874707e+03
dpp_q1   0   1   1   0   2   +3.880023359e+02
dpp_q1   0   1   1   0   1   -8.473140074e+00
dpp_q1   0   1   1   0   0   +3.074286297e-01
dpp_q1   0   1   0   4   0   -7.378956643e+04
dpp_q1   0   1   0   3   1   -2.184306445e+04
dpp_q1   0   1   0   3   0   -3.783567936e+02
dpp_q1   0   1   0   2   2   -1.534147291e+04
dpp_q1   0   1   0   2   1   +7.453574652e+02
dpp_q1   0   1   0   2   0   +2.075471497e+01
dpp_q1   0   1   0   1   3   -5.010841473e+03
dpp_q1   0   1   0   1   2   +1.804724945e+02
dpp_q1   0   1   0   1   1   +1.512042592e+01
dpp_q1   0   1   0   1   0   -1.840734027e-02
dpp_q1   0   1   0   0   4   -8.923582882e+02
dpp_q1   0   1   0   0   3   +4.517725301e+01
dpp_q1   0   1   0   0   2   +3.544970682e+00
dpp_q1   0   1   0   0   1   -1.305055178e-01
dpp_q1   0   1   0   0   0   -8.712577903e-05
dpp_q1   0   0   5   0   0   +6.720329517e+05
dpp_q1   0   0   4   1   0   -6.068714723e+05
dpp_q1   0   0   4   0   1   -2.688121961e+03
dpp_q1   0   0   4   0   0   +1.958249535e+04
dpp_q1   0   0   3   2   0   -1.027615010e+06
dpp_q1   0   0   3   1   1   -2.983423549e+05
dpp_q1   0   0   3   1   0   -1.525804429e+04
dpp_q1   0   0   3   0   2   -2.374663986e+04
dpp_q1   0   0   3   0   1   +5.325131567e+03
dpp_q1   0   0   3   0   0   +3.930677262e+02
dpp_q1   0   0   2   3   0   -7.066017005e+04
dpp_q1   0   0   2   2   1   -6.818926416e+04
dpp_q1   0   0   2   2   0   -1.282462549e+04
dpp_q1   0   0   2   1   2   -1.052960240e+04
dpp_q1   0   0   2   1   1   -4.755237823e+03
dpp_q1   0   0   2   1   0   -1.383485901e+01
dpp_q1   0   0   2   0   3   -3.025768496e+03
dpp_q1   0   0   2   0   2   -7.464675304e+02
dpp_q1   0   0   2   0   1   +4.103837176e+01
dpp_q1   0   0   2   0   0   +4.702302201e+00
dpp_q1   0   0   1   4   0   +6.076492756e+04
dpp_q1   0   0   1   3   1   +7.491165905e+03
dpp_q1   0   0   1   3   0   +5.937088683e+02
dpp_q1   0   0   1   2   2   -1.210283579e+04
dpp_q1   0   0   1   2   1   -2.374752630e+02
dpp_q1   0   0   1   2   0   -3.955309598e+01
dpp_q1   0   0   1   1   3   -2.742892302e+03
dpp_q1   0   0   1   1   2   -1.731869696e+02
dpp_q1   0   0   1   1   1   +1.269961599e+00
dpp_q1   0   0   1   1   0   -1.439707009e-01
dpp_q1   0   0   1   0   4   -4.731152499e+03
dpp_q1   0   0   1   0   3   -1.723797046e+01
dpp_q1   0   0   1   0   2   +1.006585543e+01
dpp_q1   0   0   1   0   1   -2.599454111e-02
dpp_q1   0   0   1   0   0   +9.121380557e-03
dpp_q1   0   0   0   5   0   -5.153046630e+04
dpp_q1   0   0   0   4   1   -4.406913542e+04
dpp_q1   0   0   0   4   0   +1.874869475e+03
dpp_q1   0   0   0   3   2   -1.442681676e+04
dpp_q1   0   0   0   3   1   +7.580696303e+02
dpp_q1   0   0   0   3   0   +4.170280754e+01
dpp_q1   0   0   0   2   3   -3.968622604e+03
dpp_q1   0   0   0   2   2   +2.371908344e+02
dpp_q1   0   0   0   2   1   +2.477216330e+01
dpp_q1   0   0   0   2   0   -8.757525763e-01
dpp_q1   0   0   0   1   4   -7.328740879e+02
dpp_q1   0   0   0   1   3   +4.337920848e+01
dpp_q1   0   0   0   1   2   +7.973133068e+00
dpp_q1   0   0   0   1   1   -2.500186969e-01
dpp_q1   0   0   0   1   0   -1.042983619e-02
dpp_q1   0   0   0   0   5   -7.955269618e+02
dpp_q1   0   0   0   0   4   -2.872983749e+00
dpp_q1   0   0   0   0   3   +2.969158593e+00
dpp_q1   0   0   0   0   2   -1.929455484e-02
dpp_q1   0   0   0   0   1   +9.956951807e-01
dpp_q1   0   0   0   0   0   +4.856716709e-04
dxdz_q1   5   0   0   0   0   +1.988503843e+06
dxdz_q1   4   1   0   0   0   +9.103523416e+05
dxdz_q1   4   0   1   0   0   -6.307955179e+06
dxdz_q1   4   0   0   1   0   +4.257009955e+05
dxdz_q1   4   0   0   0   1   +1.379372209e+05
dxdz_q1   4   0   0   0   0   -5.039153238e+04
dxdz_q1   3   2   0   0   0   -4.445203457e+05
dxdz_q1   3   1   1   0   0   -3.067264237e+06
dxdz_q1   3   1   0   1   0   +4.879908172e+05
dxdz_q1   3   1   0   0   1   -1.374546100e+05
dxdz_q1   3   1   0   0   0   +3.182530618e+04
dxdz_q1   3   0   2   0   0   +6.943584439e+06
dxdz_q1   3   0   1   1   0   -8.989591231e+05
dxdz_q1   3   0   1   0   1   -3.002397361e+05
dxdz_q1   3   0   1   0   0   +1.400425515e+05
dxdz_q1   3   0   0   2   0   -1.076463629e+06
dxdz_q1   3   0   0   1   1   -7.444207793e+04
dxdz_q1   3   0   0   1   0   -3.970878895e+04
dxdz_q1   3   0   0   0   2   +4.633915986e+04
dxdz_q1   3   0   0   0   1   +4.233435307e+03
dxdz_q1   3   0   0   0   0   +1.230165280e+03
dxdz_q1   2   3   0   0   0   -1.404268615e+05
dxdz_q1   2   2   1   0   0   +1.188360291e+06
dxdz_q1   2   2   0   1   0   +8.998435940e+04
dxdz_q1   2   2   0   0   1   +8.377512426e+03
dxdz_q1   2   2   0   0   0   +8.019700704e+03
dxdz_q1   2   1   2   0   0   +3.391303608e+06
dxdz_q1   2   1   1   1   0   -1.571182897e+06
dxdz_q1   2   1   1   0   1   +3.687251045e+05
dxdz_q1   2   1   1   0   0   -4.798461133e+04
dxdz_q1   2   1   0   2   0   -1.168679472e+05
dxdz_q1   2   1   0   1   1   -5.107370444e+04
dxdz_q1   2   1   0   1   0   -5.598458207e+03
dxdz_q1   2   1   0   0   2   +1.413231567e+04
dxdz_q1   2   1   0   0   1   +3.982708611e+03
dxdz_q1   2   1   0   0   0   -1.659555989e+02
dxdz_q1   2   0   3   0   0   -2.839147612e+06
dxdz_q1   2   0   2   1   0   +6.327827401e+05
dxdz_q1   2   0   2   0   1   +1.570354334e+05
dxdz_q1   2   0   2   0   0   -1.329940051e+05
dxdz_q1   2   0   1   2   0   +2.600550345e+06
dxdz_q1   2   0   1   1   1   +1.445590472e+05
dxdz_q1   2   0   1   1   0   +9.413326973e+04
dxdz_q1   2   0   1   0   2   -1.023221340e+05
dxdz_q1   2   0   1   0   1   -1.236132527e+04
dxdz_q1   2   0   1   0   0   -2.892338697e+03
dxdz_q1   2   0   0   3   0   -1.510152855e+05
dxdz_q1   2   0   0   2   1   -6.459960689e+04
dxdz_q1   2   0   0   2   0   +1.056115642e+04
dxdz_q1   2   0   0   1   2   -9.376535893e+03
dxdz_q1   2   0   0   1   1   +7.296953515e+01
dxdz_q1   2   0   0   1   0   +2.366587366e+02
dxdz_q1   2   0   0   0   3   -8.233363847e+03
dxdz_q1   2   0   0   0   2   -3.207500293e+01
dxdz_q1   2   0   0   0   1   -1.444719605e+00
dxdz_q1   2   0   0   0   0   -6.380374526e+00
dxdz_q1   1   4   0   0   0   -3.025511438e+03
dxdz_q1   1   3   1   0   0   +2.015577984e+05
dxdz_q1   1   3   0   1   0   -3.451066524e+04
dxdz_q1   1   3   0   0   1   +6.947200315e+03
dxdz_q1   1   3   0   0   0   +1.336136351e+03
dxdz_q1   1   2   2   0   0   -6.656144772e+05
dxdz_q1   1   2   1   1   0   -1.763727898e+05
dxdz_q1   1   2   1   0   1   +1.796762712e+04
dxdz_q1   1   2   1   0   0   -1.678406687e+04
dxdz_q1   1   2   0   2   0   +9.906826446e+04
dxdz_q1   1   2   0   1   1   -1.927924693e+04
dxdz_q1   1   2   0   1   0   +2.736428659e+03
dxdz_q1   1   2   0   0   2   -3.492772695e+03
dxdz_q1   1   2   0   0   1   -3.776163020e+02
dxdz_q1   1   2   0   0   0   -7.981827428e+01
dxdz_q1   1   1   3   0   0   -1.345762196e+06
dxdz_q1   1   1   2   1   0   +1.368257699e+06
dxdz_q1   1   1   2   0   1   -3.366225723e+05
dxdz_q1   1   1   2   0   0   +1.415507917e+04
dxdz_q1   1   1   1   2   0   +3.492487762e+05
dxdz_q1   1   1   1   1   1   +5.754005673e+04
dxdz_q1   1   1   1   1   0   +1.242548595e+04
dxdz_q1   1   1   1   0   2   -2.148727887e+04
dxdz_q1   1   1   1   0   1   -6.645383117e+03
dxdz_q1   1   1   1   0   0   +2.448447944e+02
dxdz_q1   1   1   0   3   0   -3.132384201e+05
dxdz_q1   1   1   0   2   1   +8.192520828e+03
dxdz_q1   1   1   0   2   0   -9.330692695e+02
dxdz_q1   1   1   0   1   2   +1.458291961e+03
dxdz_q1   1   1   0   1   1   +3.237772264e+02
dxdz_q1   1   1   0   1   0   +3.673999419e+01
dxdz_q1   1   1   0   0   3   -1.628385417e+03
dxdz_q1   1   1   0   0   2   +4.218563868e+01
dxdz_q1   1   1   0   0   1   -7.041286525e+00
dxdz_q1   1   1   0   0   0   -3.084431744e+00
dxdz_q1   1   0   4   0   0   +1.186950066e+05
dxdz_q1   1   0   3   1   0   -1.535952369e+05
dxdz_q1   1   0   3   0   1   +3.272661629e+04
dxdz_q1   1   0   3   0   0   +4.580600390e+04
dxdz_q1   1   0   2   2   0   -1.946499715e+06
dxdz_q1   1   0   2   1   1   -5.415846590e+04
dxdz_q1   1   0   2   1   0   -7.038662103e+04
dxdz_q1   1   0   2   0   2   +7.245739930e+04
dxdz_q1   1   0   2   0   1   +1.166764125e+04
dxdz_q1   1   0   2   0   0   +2.219422318e+03
dxdz_q1   1   0   1   3   0   +2.341425923e+05
dxdz_q1   1   0   1   2   1   +1.141752204e+05
dxdz_q1   1   0   1   2   0   -2.038907036e+04
dxdz_q1   1   0   1   1   2   +8.568343607e+03
dxdz_q1   1   0   1   1   1   -1.603303897e+02
dxdz_q1   1   0   1   1   0   -4.142953543e+02
dxdz_q1   1   0   1   0   3   +1.720313509e+04
dxdz_q1   1   0   1   0   2   +1.432864874e+02
dxdz_q1   1   0   1   0   1   +9.661850990e+00
dxdz_q1   1   0   1   0   0   +1.157514683e+01
dxdz_q1   1   0   0   4   0   +7.013788625e+04
dxdz_q1   1   0   0   3   1   +2.868528515e+04
dxdz_q1   1   0   0   3   0   +3.814986436e+03
dxdz_q1   1   0   0   2   2   -2.369930507e+03
dxdz_q1   1   0   0   2   1   -1.955733816e+02
dxdz_q1   1   0   0   2   0   -7.633316336e+01
dxdz_q1   1   0   0   1   3   -2.087065883e+03
dxdz_q1   1   0   0   1   2   -1.032134142e+02
dxdz_q1   1   0   0   1   1   -5.683972898e+00
dxdz_q1   1   0   0   1   0   -2.967151270e+00
dxdz_q1   1   0   0   0   4   +2.385558796e+03
dxdz_q1   1   0   0   0   3   +3.541607792e+01
dxdz_q1   1   0   0   0   2   -2.843733006e+00
dxdz_q1   1   0   0   0   1   -8.521241520e-02
dxdz_q1   1   0   0   0   0   +2.229536903e-02
dxdz_q1   0   5   0   0   0   +1.827989453e+03
dxdz_q1   0   4   1   0   0   +7.633306987e+04
dxdz_q1   0   4   0   1   0   -7.671941426e+03
dxdz_q1   0   4   0   0   1   +1.327430525e+03
dxdz_q1   0   4   0   0   0   -1.658045378e+02
dxdz_q1   0   3   2   0   0   -7.323445880e+04
dxdz_q1   0   3   1   1   0   +6.331639332e+04
dxdz_q1   0   3   1   0   1   -6.741394136e+03
dxdz_q1   0   3   1   0   0   -1.995513353e+03
dxdz_q1   0   3   0   2   0   +1.677321179e+04
dxdz_q1   0   3   0   1   1   -2.431214596e+03
dxdz_q1   0   3   0   1   0   +3.117260206e+02
dxdz_q1   0   3   0   0   2   -9.401161158e+02
dxdz_q1   0   3   0   0   1   -3.471491312e+01
dxdz_q1   0   3   0   0   0   -3.289877513e+00
dxdz_q1   0   2   3   0   0   -2.962947600e+02
dxdz_q1   0   2   2   1   0   +8.679344888e+04
dxdz_q1   0   2   2   0   1   -1.795787371e+04
dxdz_q1   0   2   2   0   0   +8.052543413e+03
dxdz_q1   0   2   1   2   0   -9.689971849e+04
dxdz_q1   0   2   1   1   1   +1.692131936e+04
dxdz_q1   0   2   1   1   0   -5.658760723e+03
dxdz_q1   0   2   1   0   2   +1.319910088e+03
dxdz_q1   0   2   1   0   1   +2.168708610e+02
dxdz_q1   0   2   1   0   0   -2.988673447e+01
dxdz_q1   0   2   0   3   0   -7.799966495e+03
dxdz_q1   0   2   0   2   1   +4.979863185e+03
dxdz_q1   0   2   0   2   0   -2.842305141e+02
dxdz_q1   0   2   0   1   2   +1.740046504e+03
dxdz_q1   0   2   0   1   1   +5.934129802e+01
dxdz_q1   0   2   0   1   0   -1.062298972e-01
dxdz_q1   0   2   0   0   3   +8.477889235e+02
dxdz_q1   0   2   0   0   2   +2.091668012e+01
dxdz_q1   0   2   0   0   1   -1.674963757e+00
dxdz_q1   0   2   0   0   0   +1.427748711e-01
dxdz_q1   0   1   4   0   0   +1.066424758e+05
dxdz_q1   0   1   3   1   0   -3.640988736e+05
dxdz_q1   0   1   3   0   1   +1.009197344e+05
dxdz_q1   0   1   3   0   0   +6.090913097e+03
dxdz_q1   0   1   2   2   0   -1.919256756e+05
dxdz_q1   0   1   2   1   1   -1.361078300e+04
dxdz_q1   0   1   2   1   0   -6.627730843e+03
dxdz_q1   0   1   2   0   2   +7.858947982e+03
dxdz_q1   0   1   2   0   1   +2.724727852e+03
dxdz_q1   0   1   2   0   0   -9.536304875e+01
dxdz_q1   0   1   1   3   0   +2.616056543e+05
dxdz_q1   0   1   1   2   1   -6.155723855e+03
dxdz_q1   0   1   1   2   0   +7.681345063e+02
dxdz_q1   0   1   1   1   2   -1.250630188e+03
dxdz_q1   0   1   1   1   1   -9.302918799e+01
dxdz_q1   0   1   1   1   0   -1.341518678e+01
dxdz_q1   0   1   1   0   3   +1.059160929e+03
dxdz_q1   0   1   1   0   2   -3.847909981e+01
dxdz_q1   0   1   1   0   1   +1.247073381e+01
dxdz_q1   0   1   1   0   0   -2.103981538e+00
dxdz_q1   0   1   0   4   0   +4.807165494e+01
dxdz_q1   0   1   0   3   1   -3.126113431e+03
dxdz_q1   0   1   0   3   0   +2.228183663e+02
dxdz_q1   0   1   0   2   2   -4.015528111e+02
dxdz_q1   0   1   0   2   1   -7.809171075e+01
dxdz_q1   0   1   0   2   0   -7.261585916e+00
dxdz_q1   0   1   0   1   3   +8.544946798e+02
dxdz_q1   0   1   0   1   2   -2.704692458e+01
dxdz_q1   0   1   0   1   1   -5.876452921e-01
dxdz_q1   0   1   0   1   0   -3.123890918e-02
dxdz_q1   0   1   0   0   4   +2.564793319e+02
dxdz_q1   0   1   0   0   3   +6.093503336e+00
dxdz_q1   0   1   0   0   2   -4.246121153e-02
dxdz_q1   0   1   0   0   1   +1.565357378e-02
dxdz_q1   0   1   0   0   0   +6.128659964e-03
dxdz_q1   0   0   5   0   0   +8.364053398e+04
dxdz_q1   0   0   4   1   0   +6.307786476e+03
dxdz_q1   0   0   4   0   1   -2.749851815e+04
dxdz_q1   0   0   4   0   0   -2.642391532e+03
dxdz_q1   0   0   3   2   0   +4.174688313e+05
dxdz_q1   0   0   3   1   1   -1.740740891e+04
dxdz_q1   0   0   3   1   0   +1.834442667e+04
dxdz_q1   0   0   3   0   2   -1.692743466e+04
dxdz_q1   0   0   3   0   1   -3.569895171e+03
dxdz_q1   0   0   3   0   0   -5.095117563e+02
dxdz_q1   0   0   2   3   0   -8.885235172e+04
dxdz_q1   0   0   2   2   1   -4.522590865e+04
dxdz_q1   0   0   2   2   0   +9.353046352e+03
dxdz_q1   0   0   2   1   2   -5.497646759e+02
dxdz_q1   0   0   2   1   1   +2.357449196e+01
dxdz_q1   0   0   2   1   0   +1.785986363e+02
dxdz_q1   0   0   2   0   3   -8.463148189e+03
dxdz_q1   0   0   2   0   2   -8.781121738e+01
dxdz_q1   0   0   2   0   1   -9.214946753e+00
dxdz_q1   0   0   2   0   0   -5.176971926e+00
dxdz_q1   0   0   1   4   0   -6.625899758e+04
dxdz_q1   0   0   1   3   1   -2.898472644e+04
dxdz_q1   0   0   1   3   0   -3.680568172e+03
dxdz_q1   0   0   1   2   2   +7.333462843e+02
dxdz_q1   0   0   1   2   1   +7.935237111e+01
dxdz_q1   0   0   1   2   0   +8.452404520e+01
dxdz_q1   0   0   1   1   3   +9.224636717e+02
dxdz_q1   0   0   1   1   2   +9.336044508e+01
dxdz_q1   0   0   1   1   1   +1.513387378e+01
dxdz_q1   0   0   1   1   0   -1.655236748e+00
dxdz_q1   0   0   1   0   4   -2.226318013e+03
dxdz_q1   0   0   1   0   3   -2.689550825e+01
dxdz_q1   0   0   1   0   2   +3.904771504e+00
dxdz_q1   0   0   1   0   1   -1.425339416e-01
dxdz_q1   0   0   1   0   0   +1.015548752e+00
dxdz_q1   0   0   0   5   0   -7.109121370e+03
dxdz_q1   0   0   0   4   1   -4.973018913e+03
dxdz_q1   0   0   0   4   0   +9.740593460e+01
dxdz_q1   0   0   0   3   2   +1.106754984e+03
dxdz_q1   0   0   0   3   1   +8.270656491e+01
dxdz_q1   0   0   0   3   0   +4.398775682e+00
dxdz_q1   0   0   0   2   3   +8.537324697e+02
dxdz_q1   0   0   0   2   2   +1.399191665e+01
dxdz_q1   0   0   0   2   1   +8.506200769e-01
dxdz_q1   0   0   0   2   0   +3.120894112e-02
dxdz_q1   0   0   0   1   4   -4.333192993e+02
dxdz_q1   0   0   0   1   3   -1.898348839e+01
dxdz_q1   0   0   0   1   2   -1.195060297e-01
dxdz_q1   0   0   0   1   1   -2.538038816e-03
dxdz_q1   0   0   0   1   0   +6.292631510e-04
dxdz_q1   0   0   0   0   5   -2.262957937e+02
dxdz_q1   0   0   0   0   4   -1.597551922e+00
dxdz_q1   0   0   0   0   3   +1.700025013e-01
dxdz_q1   0   0   0   0   2   -2.762407440e-03
dxdz_q1   0   0   0   0   1   +4.576815496e-04
dxdz_q1   0   0   0   0   0   -3.960297640e-06
dydz_q1   5   0   0   0   0   -5.481414044e+05
dydz_q1   4   1   0   0   0   -4.120194156e+05
dydz_q1   4   0   1   0   0   +2.716226211e+06
dydz_q1   4   0   0   1   0   -1.530828987e+06
dydz_q1   4   0   0   0   1   +1.490476349e+05
dydz_q1   4   0   0   0   0   +5.494499733e+04
dydz_q1   3   2   0   0   0   +2.981433822e+05
dydz_q1   3   1   1   0   0   +2.124976935e+06
dydz_q1   3   1   0   1   0   +1.019107276e+05
dydz_q1   3   1   0   0   1   +1.850298505e+04
dydz_q1   3   1   0   0   0   +7.603458059e+03
dydz_q1   3   0   2   0   0   -5.138497478e+06
dydz_q1   3   0   1   1   0   +4.366176573e+06
dydz_q1   3   0   1   0   1   -3.906799762e+05
dydz_q1   3   0   1   0   0   -1.856299044e+05
dydz_q1   3   0   0   2   0   +2.648656492e+04
dydz_q1   3   0   0   1   1   +1.438904354e+05
dydz_q1   3   0   0   1   0   -3.781661635e+03
dydz_q1   3   0   0   0   2   +2.689410708e+04
dydz_q1   3   0   0   0   1   -1.737966539e+03
dydz_q1   3   0   0   0   0   -3.274203503e+02
dydz_q1   2   3   0   0   0   -2.598368290e+05
dydz_q1   2   2   1   0   0   -7.571019450e+05
dydz_q1   2   2   0   1   0   +5.412879789e+05
dydz_q1   2   2   0   0   1   -3.254682903e+04
dydz_q1   2   2   0   0   0   -1.876606450e+04
dydz_q1   2   1   2   0   0   -3.433087201e+06
dydz_q1   2   1   1   1   0   -2.701025038e+05
dydz_q1   2   1   1   0   1   -7.518946091e+04
dydz_q1   2   1   1   0   0   -2.161508100e+04
dydz_q1   2   1   0   2   0   -4.455242953e+05
dydz_q1   2   1   0   1   1   +5.391451260e+04
dydz_q1   2   1   0   1   0   -2.622682098e+04
dydz_q1   2   1   0   0   2   +1.005384399e+04
dydz_q1   2   1   0   0   1   +2.439516596e+03
dydz_q1   2   1   0   0   0   +2.963909484e+02
dydz_q1   2   0   3   0   0   +4.637205797e+06
dydz_q1   2   0   2   1   0   -4.434466251e+06
dydz_q1   2   0   2   0   1   +3.482751510e+05
dydz_q1   2   0   2   0   0   +2.341015687e+05
dydz_q1   2   0   1   2   0   -5.530321426e+04
dydz_q1   2   0   1   1   1   -3.592245717e+05
dydz_q1   2   0   1   1   0   +1.124372341e+04
dydz_q1   2   0   1   0   2   -7.608986305e+04
dydz_q1   2   0   1   0   1   +3.983810361e+03
dydz_q1   2   0   1   0   0   +8.935056149e+02
dydz_q1   2   0   0   3   0   +3.003206068e+05
dydz_q1   2   0   0   2   1   -4.587262739e+04
dydz_q1   2   0   0   2   0   -1.507976798e+04
dydz_q1   2   0   0   1   2   +1.440844921e+04
dydz_q1   2   0   0   1   1   -1.582767011e+03
dydz_q1   2   0   0   1   0   +2.483345968e+02
dydz_q1   2   0   0   0   3   -8.160755362e+03
dydz_q1   2   0   0   0   2   -8.490268843e+02
dydz_q1   2   0   0   0   1   -1.335464073e+00
dydz_q1   2   0   0   0   0   +6.402676388e+00
dydz_q1   1   4   0   0   0   -4.356344522e+04
dydz_q1   1   3   1   0   0   -8.025823339e+02
dydz_q1   1   3   0   1   0   +4.491155599e+04
dydz_q1   1   3   0   0   1   -6.348141100e+03
dydz_q1   1   3   0   0   0   +4.719704969e+02
dydz_q1   1   2   2   0   0   +5.909549755e+05
dydz_q1   1   2   1   1   0   -7.704135595e+05
dydz_q1   1   2   1   0   1   +7.864900925e+04
dydz_q1   1   2   1   0   0   +3.692662821e+04
dydz_q1   1   2   0   2   0   -7.393654497e+03
dydz_q1   1   2   0   1   1   -2.769958038e+04
dydz_q1   1   2   0   1   0   -9.667308720e+01
dydz_q1   1   2   0   0   2   +4.227733242e+03
dydz_q1   1   2   0   0   1   +2.246381525e+02
dydz_q1   1   2   0   0   0   +6.180215821e+01
dydz_q1   1   1   3   0   0   +2.249291548e+06
dydz_q1   1   1   2   1   0   +2.567067931e+05
dydz_q1   1   1   2   0   1   +8.229703690e+04
dydz_q1   1   1   2   0   0   +1.949231252e+04
dydz_q1   1   1   1   2   0   +4.341064376e+05
dydz_q1   1   1   1   1   1   -9.263988550e+04
dydz_q1   1   1   1   1   0   +4.307460078e+04
dydz_q1   1   1   1   0   2   -2.680323505e+04
dydz_q1   1   1   1   0   1   -4.635505547e+03
dydz_q1   1   1   1   0   0   -4.488392250e+02
dydz_q1   1   1   0   3   0   -5.988156904e+04
dydz_q1   1   1   0   2   1   +2.138344166e+04
dydz_q1   1   1   0   2   0   +2.542686410e+02
dydz_q1   1   1   0   1   2   +4.974112695e+03
dydz_q1   1   1   0   1   1   +2.998953766e+02
dydz_q1   1   1   0   1   0   +4.947997542e+01
dydz_q1   1   1   0   0   3   -4.387611405e+03
dydz_q1   1   1   0   0   2   -1.423827142e+02
dydz_q1   1   1   0   0   1   +3.837676648e+00
dydz_q1   1   1   0   0   0   -4.249693206e-01
dydz_q1   1   0   4   0   0   -1.977324050e+06
dydz_q1   1   0   3   1   0   +1.867910095e+06
dydz_q1   1   0   3   0   1   -1.145874616e+05
dydz_q1   1   0   3   0   0   -1.280284654e+05
dydz_q1   1   0   2   2   0   +7.625222934e+04
dydz_q1   1   0   2   1   1   +3.051307083e+05
dydz_q1   1   0   2   1   0   -1.122285644e+04
dydz_q1   1   0   2   0   2   +7.165385541e+04
dydz_q1   1   0   2   0   1   -3.034197225e+03
dydz_q1   1   0   2   0   0   -8.193883291e+02
dydz_q1   1   0   1   3   0   -2.547457123e+05
dydz_q1   1   0   1   2   1   +9.214605156e+04
dydz_q1   1   0   1   2   0   +2.200636761e+04
dydz_q1   1   0   1   1   2   -1.736528485e+04
dydz_q1   1   0   1   1   1   +2.608251782e+03
dydz_q1   1   0   1   1   0   -5.851547405e+02
dydz_q1   1   0   1   0   3   +1.627157407e+04
dydz_q1   1   0   1   0   2   +1.521631432e+03
dydz_q1   1   0   1   0   1   +2.389392980e+00
dydz_q1   1   0   1   0   0   -1.593926080e+01
dydz_q1   1   0   0   4   0   +4.022224113e+04
dydz_q1   1   0   0   3   1   +8.356640132e+03
dydz_q1   1   0   0   3   0   -1.741079629e+02
dydz_q1   1   0   0   2   2   -6.100057360e+03
dydz_q1   1   0   0   2   1   -2.952454207e+02
dydz_q1   1   0   0   2   0   +1.240824741e+01
dydz_q1   1   0   0   1   3   +1.820006787e+03
dydz_q1   1   0   0   1   2   +2.630011447e+01
dydz_q1   1   0   0   1   1   -5.804143556e+00
dydz_q1   1   0   0   1   0   -7.533353610e-01
dydz_q1   1   0   0   0   4   +3.179038665e+03
dydz_q1   1   0   0   0   3   -8.166477889e+01
dydz_q1   1   0   0   0   2   -4.543846978e+00
dydz_q1   1   0   0   0   1   +1.177628399e-01
dydz_q1   1   0   0   0   0   -8.729033550e-03
dydz_q1   0   5   0   0   0   -6.619803830e+04
dydz_q1   0   4   1   0   0   +2.459439838e+04
dydz_q1   0   4   0   1   0   +2.530199811e+04
dydz_q1   0   4   0   0   1   -1.815423780e+03
dydz_q1   0   4   0   0   0   -1.739837520e+03
dydz_q1   0   3   2   0   0   +2.422261848e+05
dydz_q1   0   3   1   1   0   -1.056465079e+04
dydz_q1   0   3   1   0   1   +8.467416383e+03
dydz_q1   0   3   1   0   0   -9.670952617e+00
dydz_q1   0   3   0   2   0   +1.039095879e+05
dydz_q1   0   3   0   1   1   -6.562141810e+03
dydz_q1   0   3   0   1   0   +1.921799064e+03
dydz_q1   0   3   0   0   2   -1.965138761e+03
dydz_q1   0   3   0   0   1   +6.606962461e+01
dydz_q1   0   3   0   0   0   +6.592158644e+01
dydz_q1   0   2   3   0   0   -1.400551865e+05
dydz_q1   0   2   2   1   0   +2.902616390e+05
dydz_q1   0   2   2   0   1   -4.464426403e+04
dydz_q1   0   2   2   0   0   -2.092399923e+04
dydz_q1   0   2   1   2   0   -1.721127115e+04
dydz_q1   0   2   1   1   1   +2.061772770e+04
dydz_q1   0   2   1   1   0   -1.643468446e+02
dydz_q1   0   2   1   0   2   -3.466624092e+03
dydz_q1   0   2   1   0   1   -2.330824734e+02
dydz_q1   0   2   1   0   0   -5.274859902e+01
dydz_q1   0   2   0   3   0   -2.267256748e+05
dydz_q1   0   2   0   2   1   -2.844093111e+03
dydz_q1   0   2   0   2   0   -4.190274771e+03
dydz_q1   0   2   0   1   2   -6.805247733e+01
dydz_q1   0   2   0   1   1   +2.387658312e+02
dydz_q1   0   2   0   1   0   -1.559834733e+01
dydz_q1   0   2   0   0   3   +1.945982896e+03
dydz_q1   0   2   0   0   2   +6.977076269e+00
dydz_q1   0   2   0   0   1   -1.144671428e+00
dydz_q1   0   2   0   0   0   +3.138374654e+00
dydz_q1   0   1   4   0   0   -5.134469215e+05
dydz_q1   0   1   3   1   0   -7.484092006e+04
dydz_q1   0   1   3   0   1   -2.751184697e+04
dydz_q1   0   1   3   0   0   -5.650536496e+03
dydz_q1   0   1   2   2   0   -5.563620719e+04
dydz_q1   0   1   2   1   1   +3.937154111e+04
dydz_q1   0   1   2   1   0   -2.106747359e+04
dydz_q1   0   1   2   0   2   +1.540394789e+04
dydz_q1   0   1   2   0   1   +2.218678619e+03
dydz_q1   0   1   2   0   0   +9.746030932e+01
dydz_q1   0   1   1   3   0   +7.625373653e+04
dydz_q1   0   1   1   2   1   -1.973298513e+04
dydz_q1   0   1   1   2   0   +4.729985347e+01
dydz_q1   0   1   1   1   2   -6.631363464e+03
dydz_q1   0   1   1   1   1   -2.442917406e+02
dydz_q1   0   1   1   1   0   -5.334006725e+01
dydz_q1   0   1   1   0   3   +1.576205964e+03
dydz_q1   0   1   1   0   2   +1.479922025e+02
dydz_q1   0   1   1   0   1   -3.851726217e-01
dydz_q1   0   1   1   0   0   +3.210016342e-01
dydz_q1   0   1   0   4   0   +5.626853523e+04
dydz_q1   0   1   0   3   1   -2.063358763e+04
dydz_q1   0   1   0   3   0   +5.727244407e+03
dydz_q1   0   1   0   2   2   -6.233003596e+03
dydz_q1   0   1   0   2   1   +1.876094823e+02
dydz_q1   0   1   0   2   0   +2.393115715e+01
dydz_q1   0   1   0   1   3   -2.174245815e+03
dydz_q1   0   1   0   1   2   +2.879002213e+01
dydz_q1   0   1   0   1   1   +2.001389241e+00
dydz_q1   0   1   0   1   0   +1.305941414e+00
dydz_q1   0   1   0   0   4   +2.435340079e+02
dydz_q1   0   1   0   0   3   +6.605336567e+00
dydz_q1   0   1   0   0   2   +9.998464444e-01
dydz_q1   0   1   0   0   1   -2.076488321e-02
dydz_q1   0   1   0   0   0   +6.988582856e-04
dydz_q1   0   0   5   0   0   +3.105018464e+05
dydz_q1   0   0   4   1   0   -2.788519685e+05
dydz_q1   0   0   4   0   1   +5.160517745e+03
dydz_q1   0   0   4   0   0   +2.594102998e+04
dydz_q1   0   0   3   2   0   -4.630824187e+04
dydz_q1   0   0   3   1   1   -8.984613354e+04
dydz_q1   0   0   3   1   0   +3.623443575e+03
dydz_q1   0   0   3   0   2   -2.303224839e+04
dydz_q1   0   0   3   0   1   +7.741479824e+02
dydz_q1   0   0   3   0   0   +2.517141539e+02
dydz_q1   0   0   2   3   0   -9.152140996e+02
dydz_q1   0   0   2   2   1   -4.793947707e+04
dydz_q1   0   0   2   2   0   -8.912923970e+03
dydz_q1   0   0   2   1   2   +3.706799658e+03
dydz_q1   0   0   2   1   1   -1.023042630e+03
dydz_q1   0   0   2   1   0   +3.061233089e+02
dydz_q1   0   0   2   0   3   -8.279264320e+03
dydz_q1   0   0   2   0   2   -6.885457679e+02
dydz_q1   0   0   2   0   1   +5.011981021e+00
dydz_q1   0   0   2   0   0   +5.462914731e+00
dydz_q1   0   0   1   4   0   -4.536716036e+04
dydz_q1   0   0   1   3   1   -1.080300199e+04
dydz_q1   0   0   1   3   0   -1.959645896e+02
dydz_q1   0   0   1   2   2   +3.177354891e+03
dydz_q1   0   0   1   2   1   +2.957402342e+02
dydz_q1   0   0   1   2   0   +3.816795240e+00
dydz_q1   0   0   1   1   3   -4.947286647e+02
dydz_q1   0   0   1   1   2   +1.838632552e+01
dydz_q1   0   0   1   1   1   +6.363526450e+00
dydz_q1   0   0   1   1   0   +8.625546272e-01
dydz_q1   0   0   1   0   4   -3.027209892e+03
dydz_q1   0   0   1   0   3   +5.852447473e+01
dydz_q1   0   0   1   0   2   +4.802419239e+00
dydz_q1   0   0   1   0   1   -9.396558266e-02
dydz_q1   0   0   1   0   0   +1.118792190e-02
dydz_q1   0   0   0   5   0   -2.132854640e+04
dydz_q1   0   0   0   4   1   -1.600755341e+04
dydz_q1   0   0   0   4   0   -9.187660152e+02
dydz_q1   0   0   0   3   2   -3.353027320e+03
dydz_q1   0   0   0   3   1   +3.705525179e+02
dydz_q1   0   0   0   3   0   -5.796581915e+00
dydz_q1   0   0   0   2   3   +5.471715471e+02
dydz_q1   0   0   0   2   2   +6.840231263e+01
dydz_q1   0   0   0   2   1   +7.149225904e+00
dydz_q1   0   0   0   2   0   +1.581136830e+00
dydz_q1   0   0   0   1   4   +1.348539470e+02
dydz_q1   0   0   0   1   3   +5.683856898e+00
dydz_q1   0   0   0   1   2   +6.241792378e-01
dydz_q1   0   0   0   1   1   -1.718201223e-02
dydz_q1   0   0   0   1   0   +1.012745801e+00
dydz_q1   0   0   0   0   5   -4.357204125e+02
dydz_q1   0   0   0   0   4   -3.142887529e+00
dydz_q1   0   0   0   0   3   +8.960132037e-01
dydz_q1   0   0   0   0   2   -1.296444114e-01
dydz_q1   0   0   0   0   1   +1.325239119e-01
dydz_q1   0   0   0   0   0   -7.524066749e-03
x_q1   5   0   0   0   0   +2.198120335e+06
x_q1   4   1   0   0   0   +1.373650608e+06
x_q1   4   0   1   0   0   -6.447654726e+06
x_q1   4   0   0   1   0   +4.927521764e+05
x_q1   4   0   0   0   1   +2.116442103e+05
x_q1   4   0   0   0   0   -6.131573749e+04
x_q1   3   2   0   0   0   -6.400374260e+05
x_q1   3   1   1   0   0   -4.355907249e+06
x_q1   3   1   0   1   0   +3.880489086e+05
x_q1   3   1   0   0   1   -2.060135968e+05
x_q1   3   1   0   0   0   +5.247599726e+04
x_q1   3   0   2   0   0   +5.898582101e+06
x_q1   3   0   1   1   0   -1.066822247e+06
x_q1   3   0   1   0   1   -4.570341329e+05
x_q1   3   0   1   0   0   +1.654205555e+05
x_q1   3   0   0   2   0   -1.254648574e+06
x_q1   3   0   0   1   1   -1.623944223e+04
x_q1   3   0   0   1   0   -6.357231270e+04
x_q1   3   0   0   0   2   +5.398145859e+04
x_q1   3   0   0   0   1   +6.085661888e+03
x_q1   3   0   0   0   0   +1.833399760e+03
x_q1   2   3   0   0   0   -1.540648256e+05
x_q1   2   2   1   0   0   +1.773982805e+06
x_q1   2   2   0   1   0   +1.482972458e+05
x_q1   2   2   0   0   1   +5.782924544e+03
x_q1   2   2   0   0   0   +1.226517396e+04
x_q1   2   1   2   0   0   +4.551352421e+06
x_q1   2   1   1   1   0   -1.684175366e+06
x_q1   2   1   1   0   1   +5.435387015e+05
x_q1   2   1   1   0   0   -7.987626859e+04
x_q1   2   1   0   2   0   -1.129867646e+05
x_q1   2   1   0   1   1   -4.045097901e+04
x_q1   2   1   0   1   0   -9.974459877e+03
x_q1   2   1   0   0   2   +2.013820099e+04
x_q1   2   1   0   0   1   +5.673883197e+03
x_q1   2   1   0   0   0   -3.303980121e+02
x_q1   2   0   3   0   0   -9.818567455e+05
x_q1   2   0   2   1   0   +7.615590146e+05
x_q1   2   0   2   0   1   +2.349846565e+05
x_q1   2   0   2   0   0   -1.467725252e+05
x_q1   2   0   1   2   0   +3.049690092e+06
x_q1   2   0   1   1   1   -6.240420334e+04
x_q1   2   0   1   1   0   +1.514958838e+05
x_q1   2   0   1   0   2   -1.281521622e+05
x_q1   2   0   1   0   1   -1.755554271e+04
x_q1   2   0   1   0   0   -4.306453322e+03
x_q1   2   0   0   3   0   -2.606349206e+05
x_q1   2   0   0   2   1   -9.106969296e+04
x_q1   2   0   0   2   0   +1.488636232e+04
x_q1   2   0   0   1   2   -5.013093851e+03
x_q1   2   0   0   1   1   -7.070853383e+02
x_q1   2   0   0   1   0   +3.873490306e+02
x_q1   2   0   0   0   3   -1.449484494e+04
x_q1   2   0   0   0   2   +8.138746661e+01
x_q1   2   0   0   0   1   +1.891369330e+00
x_q1   2   0   0   0   0   -9.936283732e+00
x_q1   1   4   0   0   0   +4.092955029e+03
x_q1   1   3   1   0   0   +2.309209928e+05
x_q1   1   3   0   1   0   -3.701414673e+04
x_q1   1   3   0   0   1   +9.487629896e+03
x_q1   1   3   0   0   0   +2.729438528e+03
x_q1   1   2   2   0   0   -9.678714056e+05
x_q1   1   2   1   1   0   -2.943155363e+05
x_q1   1   2   1   0   1   +3.016167186e+04
x_q1   1   2   1   0   0   -2.556286365e+04
x_q1   1   2   0   2   0   +1.321115214e+05
x_q1   1   2   0   1   1   -4.429485790e+04
x_q1   1   2   0   1   0   +4.508035239e+03
x_q1   1   2   0   0   2   -2.335094153e+03
x_q1   1   2   0   0   1   -5.987658783e+02
x_q1   1   2   0   0   0   -1.337310045e+02
x_q1   1   1   3   0   0   -1.640285643e+06
x_q1   1   1   2   1   0   +1.690226770e+06
x_q1   1   1   2   0   1   -4.893668034e+05
x_q1   1   1   2   0   0   +2.195780309e+04
x_q1   1   1   1   2   0   +3.935826332e+05
x_q1   1   1   1   1   1   +3.980127076e+04
x_q1   1   1   1   1   0   +2.154890163e+04
x_q1   1   1   1   0   2   -2.685266430e+04
x_q1   1   1   1   0   1   -9.434213176e+03
x_q1   1   1   1   0   0   +4.723906000e+02
x_q1   1   1   0   3   0   -4.723585320e+05
x_q1   1   1   0   2   1   +2.668366532e+04
x_q1   1   1   0   2   0   -1.642279188e+03
x_q1   1   1   0   1   2   +9.677929690e+02
x_q1   1   1   0   1   1   +2.954338028e+02
x_q1   1   1   0   1   0   +3.093656120e+01
x_q1   1   1   0   0   3   -1.323459412e+03
x_q1   1   1   0   0   2   -5.265642726e+01
x_q1   1   1   0   0   1   -1.088232637e+01
x_q1   1   1   0   0   0   -3.806142471e+00
x_q1   1   0   4   0   0   -9.504710861e+05
x_q1   1   0   3   1   0   -1.873546577e+05
x_q1   1   0   3   0   1   +5.376991921e+04
x_q1   1   0   3   0   0   +4.126512744e+04
x_q1   1   0   2   2   0   -2.265804312e+06
x_q1   1   0   2   1   1   +1.695404378e+05
x_q1   1   0   2   1   0   -1.164806531e+05
x_q1   1   0   2   0   2   +9.844716057e+04
x_q1   1   0   2   0   1   +1.651759370e+04
x_q1   1   0   2   0   0   +3.291876184e+03
x_q1   1   0   1   3   0   +4.193871563e+05
x_q1   1   0   1   2   1   +1.658326636e+05
x_q1   1   0   1   2   0   -2.776342845e+04
x_q1   1   0   1   1   2   -1.616883915e+03
x_q1   1   0   1   1   1   +1.069635301e+03
x_q1   1   0   1   1   0   -6.785071138e+02
x_q1   1   0   1   0   3   +2.817999656e+04
x_q1   1   0   1   0   2   -6.131543962e+01
x_q1   1   0   1   0   1   +7.056580272e+00
x_q1   1   0   1   0   0   +1.762612452e+01
x_q1   1   0   0   4   0   +6.847638291e+04
x_q1   1   0   0   3   1   +2.633010458e+04
x_q1   1   0   0   3   0   +6.831111737e+03
x_q1   1   0   0   2   2   -4.993108532e+03
x_q1   1   0   0   2   1   +9.849081293e+00
x_q1   1   0   0   2   0   -1.051225862e+02
x_q1   1   0   0   1   3   -3.372972172e+03
x_q1   1   0   0   1   2   -8.106950434e+01
x_q1   1   0   0   1   1   -2.269964341e+00
x_q1   1   0   0   1   0   -2.924343934e+00
x_q1   1   0   0   0   4   +3.037284112e+03
x_q1   1   0   0   0   3   +2.195469529e+01
x_q1   1   0   0   0   2   -4.068537173e+00
x_q1   1   0   0   0   1   -3.083197166e-02
x_q1   1   0   0   0   0   +9.994938239e-01
x_q1   0   5   0   0   0   +1.233144272e+03
x_q1   0   4   1   0   0   +1.279368011e+05
x_q1   0   4   0   1   0   -7.583446378e+03
x_q1   0   4   0   0   1   +2.225354677e+03
x_q1   0   4   0   0   0   -1.827641689e+02
x_q1   0   3   2   0   0   -8.756406634e+04
x_q1   0   3   1   1   0   +9.731309430e+04
x_q1   0   3   1   0   1   -9.988652823e+03
x_q1   0   3   1   0   0   -3.323202308e+03
x_q1   0   3   0   2   0   +1.743620994e+04
x_q1   0   3   0   1   1   -5.817037049e+03
x_q1   0   3   0   1   0   +3.520229210e+02
x_q1   0   3   0   0   2   -1.410865510e+03
x_q1   0   3   0   0   1   -6.545921890e+01
x_q1   0   3   0   0   0   -5.845822099e+00
x_q1   0   2   3   0   0   -3.471316749e+04
x_q1   0   2   2   1   0   +1.424372313e+05
x_q1   0   2   2   0   1   -2.602370529e+04
x_q1   0   2   2   0   0   +1.221836405e+04
x_q1   0   2   1   2   0   -1.444420372e+05
x_q1   0   2   1   1   1   +3.476896509e+04
x_q1   0   2   1   1   0   -8.794514964e+03
x_q1   0   2   1   0   2   +1.131154107e+02
x_q1   0   2   1   0   1   +3.661164662e+02
x_q1   0   2   1   0   0   -5.924492009e+01
x_q1   0   2   0   3   0   -9.261681922e+03
x_q1   0   2   0   2   1   +1.003003759e+04
x_q1   0   2   0   2   0   -2.040566517e+02
x_q1   0   2   0   1   2   +3.001097555e+03
x_q1   0   2   0   1   1   +1.893176457e+02
x_q1   0   2   0   1   0   -1.486410226e+00
x_q1   0   2   0   0   3   +1.341974644e+03
x_q1   0   2   0   0   2   +3.413804728e+01
x_q1   0   2   0   0   1   -2.268638272e+00
x_q1   0   2   0   0   0   +1.757251110e-01
x_q1   0   1   4   0   0   +7.000549845e+04
x_q1   0   1   3   1   0   -4.993042401e+05
x_q1   0   1   3   0   1   +1.459753156e+05
x_q1   0   1   3   0   0   +1.047642527e+04
x_q1   0   1   2   2   0   -2.374131285e+05
x_q1   0   1   2   1   1   -8.465357802e+03
x_q1   0   1   2   1   0   -1.103421281e+04
x_q1   0   1   2   0   2   +8.021163005e+03
x_q1   0   1   2   0   1   +3.871581963e+03
x_q1   0   1   2   0   0   -1.713907405e+02
x_q1   0   1   1   3   0   +4.148499212e+05
x_q1   0   1   1   2   1   -1.620170483e+04
x_q1   0   1   1   2   0   +1.871359647e+03
x_q1   0   1   1   1   2   -1.012958426e+03
x_q1   0   1   1   1   1   +3.146538519e+01
x_q1   0   1   1   1   0   -3.653612003e+01
x_q1   0   1   1   0   3   +8.280892772e+02
x_q1   0   1   1   0   2   +2.796033729e+01
x_q1   0   1   1   0   1   +1.536799504e+01
x_q1   0   1   1   0   0   -1.573101965e+00
x_q1   0   1   0   4   0   -7.263387080e+03
x_q1   0   1   0   3   1   -9.128862604e+03
x_q1   0   1   0   3   0   +5.365079425e+02
x_q1   0   1   0   2   2   -1.122894650e+03
x_q1   0   1   0   2   1   -1.405052189e+02
x_q1   0   1   0   2   0   -5.588335075e+00
x_q1   0   1   0   1   3   +6.136991173e+02
x_q1   0   1   0   1   2   -5.418563857e+01
x_q1   0   1   0   1   1   +4.490666933e-01
x_q1   0   1   0   1   0   -9.090579278e-02
x_q1   0   1   0   0   4   +4.232919660e+02
x_q1   0   1   0   0   3   +8.099398641e+00
x_q1   0   1   0   0   2   -1.619727663e-01
x_q1   0   1   0   0   1   +1.729952906e-02
x_q1   0   1   0   0   0   +8.509047840e-03
x_q1   0   0   5   0   0   +2.700699097e+05
x_q1   0   0   4   1   0   +3.134637374e+03
x_q1   0   0   4   0   1   -4.375878114e+04
x_q1   0   0   4   0   0   +1.344689444e+03
x_q1   0   0   3   2   0   +4.762684734e+05
x_q1   0   0   3   1   1   -9.213989035e+04
x_q1   0   0   3   1   0   +3.079923503e+04
x_q1   0   0   3   0   2   -2.454408550e+04
x_q1   0   0   3   0   1   -5.077702585e+03
x_q1   0   0   3   0   0   -7.622579743e+02
x_q1   0   0   2   3   0   -1.755448827e+05
x_q1   0   0   2   2   1   -7.029488495e+04
x_q1   0   0   2   2   0   +1.274685655e+04
x_q1   0   0   2   1   2   +5.184510830e+03
x_q1   0   0   2   1   1   -4.249688939e+02
x_q1   0   0   2   1   0   +3.016610850e+02
x_q1   0   0   2   0   3   -1.339776631e+04
x_q1   0   0   2   0   2   +4.649213735e+00
x_q1   0   0   2   0   1   -9.466488165e+00
x_q1   0   0   2   0   0   -7.849719555e+00
x_q1   0   0   1   4   0   -6.443933319e+04
x_q1   0   0   1   3   1   -2.534347794e+04
x_q1   0   0   1   3   0   -6.471186466e+03
x_q1   0   0   1   2   2   +4.251720061e+03
x_q1   0   0   1   2   1   -1.517427318e+02
x_q1   0   0   1   2   0   +8.720191299e+01
x_q1   0   0   1   1   3   +2.656676733e+03
x_q1   0   0   1   1   2   +8.336643473e+01
x_q1   0   0   1   1   1   +6.827225437e+00
x_q1   0   0   1   1   0   +1.513748640e-01
x_q1   0   0   1   0   4   -2.750670535e+03
x_q1   0   0   1   0   3   -1.840236536e+01
x_q1   0   0   1   0   2   +4.204408895e+00
x_q1   0   0   1   0   1   -4.377906154e-02
x_q1   0   0   1   0   0   +1.960241588e+00
x_q1   0   0   0   5   0   -1.071882124e+04
x_q1   0   0   0   4   1   -7.922602454e+03
x_q1   0   0   0   4   0   +2.302293691e+02
x_q1   0   0   0   3   2   +8.988137587e+02
x_q1   0   0   0   3   1   +1.812213530e+02
x_q1   0   0   0   3   0   +5.374613827e+00
x_q1   0   0   0   2   3   +1.190980337e+03
x_q1   0   0   0   2   2   +3.207748430e+01
x_q1   0   0   0   2   1   +2.110224588e+00
x_q1   0   0   0   2   0   -5.573113708e-02
x_q1   0   0   0   1   4   -5.581590830e+02
x_q1   0   0   0   1   3   -1.469242329e+01
x_q1   0   0   0   1   2   -3.916696408e-02
x_q1   0   0   0   1   1   -3.748195681e-02
x_q1   0   0   0   1   0   -1.086816964e-03
x_q1   0   0   0   0   5   -2.582213737e+02
x_q1   0   0   0   0   4   -2.165408274e+00
x_q1   0   0   0   0   3   +2.226222730e-01
x_q1   0   0   0   0   2   -2.684554720e-03
x_q1   0   0   0   0   1   +3.309163276e-04
x_q1   0   0   0   0   0   -1.051041177e-03
y_q1   5   0   0   0   0   -6.278661891e+05
y_q1   4   1   0   0   0   -9.290787870e+05
y_q1   4   0   1   0   0   +3.570258413e+06
y_q1   4   0   0   1   0   -2.645791102e+06
y_q1   4   0   0   0   1   +3.269117803e+05
y_q1   4   0   0   0   0   +1.046600019e+05
y_q1   3   2   0   0   0   +5.327406320e+05
y_q1   3   1   1   0   0   +4.449976981e+06
y_q1   3   1   0   1   0   +2.581739455e+05
y_q1   3   1   0   0   1   +2.303354913e+04
y_q1   3   1   0   0   0   +1.621366705e+04
y_q1   3   0   2   0   0   -7.371254303e+06
y_q1   3   0   1   1   0   +7.514011421e+06
y_q1   3   0   1   0   1   -9.014308025e+05
y_q1   3   0   1   0   0   -3.522160258e+05
y_q1   3   0   0   2   0   -9.998668275e+04
y_q1   3   0   0   1   1   +2.016618063e+05
y_q1   3   0   0   1   0   -6.543707480e+03
y_q1   3   0   0   0   2   +5.031455555e+04
y_q1   3   0   0   0   1   -2.441552603e+03
y_q1   3   0   0   0   0   -5.870310268e+02
y_q1   2   3   0   0   0   -5.046867013e+05
y_q1   2   2   1   0   0   -1.313455404e+06
y_q1   2   2   0   1   0   +9.925829488e+05
y_q1   2   2   0   0   1   -7.928614467e+04
y_q1   2   2   0   0   0   -3.303899737e+04
y_q1   2   1   2   0   0   -6.938120485e+06
y_q1   2   1   1   1   0   -6.599880683e+05
y_q1   2   1   1   0   1   -1.030849931e+05
y_q1   2   1   1   0   0   -4.424895295e+04
y_q1   2   1   0   2   0   -8.020670055e+05
y_q1   2   1   0   1   1   +1.036172524e+05
y_q1   2   1   0   1   0   -4.111168441e+04
y_q1   2   1   0   0   2   +1.732293852e+04
y_q1   2   1   0   0   1   +4.178399042e+03
y_q1   2   1   0   0   0   +5.682524767e+02
y_q1   2   0   3   0   0   +7.055908569e+06
y_q1   2   0   2   1   0   -7.616573029e+06
y_q1   2   0   2   0   1   +8.552076964e+05
y_q1   2   0   2   0   0   +4.410047087e+05
y_q1   2   0   1   2   0   +1.971149916e+05
y_q1   2   0   1   1   1   -5.204597388e+05
y_q1   2   0   1   1   0   +2.027443510e+04
y_q1   2   0   1   0   2   -1.383216455e+05
y_q1   2   0   1   0   1   +5.606853596e+03
y_q1   2   0   1   0   0   +1.589865182e+03
y_q1   2   0   0   3   0   +4.076179302e+05
y_q1   2   0   0   2   1   -1.211014201e+05
y_q1   2   0   0   2   0   -2.175536560e+04
y_q1   2   0   0   1   2   +9.719385102e+03
y_q1   2   0   0   1   1   -1.476271084e+03
y_q1   2   0   0   1   0   +4.067779531e+02
y_q1   2   0   0   0   3   -1.706984251e+04
y_q1   2   0   0   0   2   -1.120804003e+03
y_q1   2   0   0   0   1   +1.701035834e+01
y_q1   2   0   0   0   0   +1.095345537e+01
y_q1   1   4   0   0   0   -7.889367975e+04
y_q1   1   3   1   0   0   +6.065910334e+04
y_q1   1   3   0   1   0   +9.087506179e+04
y_q1   1   3   0   0   1   -9.258398682e+03
y_q1   1   3   0   0   0   +1.057230205e+03
y_q1   1   2   2   0   0   +1.013046647e+06
y_q1   1   2   1   1   0   -1.319484371e+06
y_q1   1   2   1   0   1   +1.591797116e+05
y_q1   1   2   1   0   0   +6.658062190e+04
y_q1   1   2   0   2   0   -2.028831186e+04
y_q1   1   2   0   1   1   -4.814036054e+04
y_q1   1   2   0   1   0   -4.898884862e+02
y_q1   1   2   0   0   2   +7.024764681e+03
y_q1   1   2   0   0   1   +3.668657691e+02
y_q1   1   2   0   0   0   +1.052065708e+02
y_q1   1   1   3   0   0   +4.443981892e+06
y_q1   1   1   2   1   0   +5.641526822e+05
y_q1   1   1   2   0   1   +1.173530474e+05
y_q1   1   1   2   0   0   +3.864581475e+04
y_q1   1   1   1   2   0   +8.081536289e+05
y_q1   1   1   1   1   1   -1.597397020e+05
y_q1   1   1   1   1   0   +6.722463164e+04
y_q1   1   1   1   0   2   -4.141763239e+04
y_q1   1   1   1   0   1   -7.869805693e+03
y_q1   1   1   1   0   0   -8.712919270e+02
y_q1   1   1   0   3   0   -1.262101310e+05
y_q1   1   1   0   2   1   +4.005888582e+04
y_q1   1   1   0   2   0   +7.679577121e+02
y_q1   1   1   0   1   2   +1.372448672e+04
y_q1   1   1   0   1   1   +4.514269387e+02
y_q1   1   1   0   1   0   +7.943634561e+01
y_q1   1   1   0   0   3   -7.510285319e+03
y_q1   1   1   0   0   2   -2.328916920e+02
y_q1   1   1   0   0   1   +6.625367246e+00
y_q1   1   1   0   0   0   -9.288200254e-01
y_q1   1   0   4   0   0   -3.134591862e+06
y_q1   1   0   3   1   0   +3.229168892e+06
y_q1   1   0   3   0   1   -3.114908936e+05
y_q1   1   0   3   0   0   -2.404158151e+05
y_q1   1   0   2   2   0   -6.292872794e+04
y_q1   1   0   2   1   1   +4.573897061e+05
y_q1   1   0   2   1   0   -2.004756831e+04
y_q1   1   0   2   0   2   +1.266237808e+05
y_q1   1   0   2   0   1   -4.294386853e+03
y_q1   1   0   2   0   0   -1.444615338e+03
y_q1   1   0   1   3   0   -2.993231675e+05
y_q1   1   0   1   2   1   +2.111946557e+05
y_q1   1   0   1   2   0   +3.286445523e+04
y_q1   1   0   1   1   2   -1.180415149e+04
y_q1   1   0   1   1   1   +2.574392057e+03
y_q1   1   0   1   1   0   -9.507814474e+02
y_q1   1   0   1   0   3   +3.217240569e+04
y_q1   1   0   1   0   2   +2.048675857e+03
y_q1   1   0   1   0   1   -2.598108475e+01
y_q1   1   0   1   0   0   -2.457345326e+01
y_q1   1   0   0   4   0   +7.111137298e+04
y_q1   1   0   0   3   1   +1.615383874e+04
y_q1   1   0   0   3   0   +4.253196772e+02
y_q1   1   0   0   2   2   -1.014715786e+04
y_q1   1   0   0   2   1   -4.650576422e+02
y_q1   1   0   0   2   0   +1.240275979e+01
y_q1   1   0   0   1   3   +3.298058982e+03
y_q1   1   0   0   1   2   +8.335436353e+00
y_q1   1   0   0   1   1   -1.214369965e+01
y_q1   1   0   0   1   0   -1.410114739e+00
y_q1   1   0   0   0   4   +5.247559666e+03
y_q1   1   0   0   0   3   -1.180945705e+02
y_q1   1   0   0   0   2   -8.100452180e+00
y_q1   1   0   0   0   1   +1.718014473e-01
y_q1   1   0   0   0   0   -1.454384431e-02
y_q1   0   5   0   0   0   -1.273607815e+05
y_q1   0   4   1   0   0   +4.464498255e+04
y_q1   0   4   0   1   0   +6.232878812e+04
y_q1   0   4   0   0   1   -4.802925567e+03
y_q1   0   4   0   0   0   -3.322581444e+03
y_q1   0   3   2   0   0   +4.115084300e+05
y_q1   0   3   1   1   0   -2.793461918e+04
y_q1   0   3   1   0   1   +1.276572377e+04
y_q1   0   3   1   0   0   -1.385024778e+02
y_q1   0   3   0   2   0   +1.923192752e+05
y_q1   0   3   0   1   1   -1.098531796e+04
y_q1   0   3   0   1   0   +3.479294619e+03
y_q1   0   3   0   0   2   -3.500029006e+03
y_q1   0   3   0   0   1   +1.061811858e+02
y_q1   0   3   0   0   0   +1.237891934e+02
y_q1   0   2   3   0   0   -2.409151718e+05
y_q1   0   2   2   1   0   +4.462162630e+05
y_q1   0   2   2   0   1   -8.134293980e+04
y_q1   0   2   2   0   0   -3.713442239e+04
y_q1   0   2   1   2   0   -2.762105396e+04
y_q1   0   2   1   1   1   +3.600062419e+04
y_q1   0   2   1   1   0   -2.092027914e+02
y_q1   0   2   1   0   2   -5.461860399e+03
y_q1   0   2   1   0   1   -3.602891568e+02
y_q1   0   2   1   0   0   -9.272057506e+01
y_q1   0   2   0   3   0   -4.322232129e+05
y_q1   0   2   0   2   1   -6.081846404e+02
y_q1   0   2   0   2   0   -8.778996523e+03
y_q1   0   2   0   1   2   +1.603584577e+03
y_q1   0   2   0   1   1   +4.814122624e+02
y_q1   0   2   0   1   0   -4.325366871e+01
y_q1   0   2   0   0   3   +3.455042902e+03
y_q1   0   2   0   0   2   +1.399832622e+01
y_q1   0   2   0   0   1   +7.023393352e-01
y_q1   0   2   0   0   0   +4.921971357e+00
y_q1   0   1   4   0   0   -9.967044096e+05
y_q1   0   1   3   1   0   -1.484458883e+05
y_q1   0   1   3   0   1   -4.077708972e+04
y_q1   0   1   3   0   0   -1.084397461e+04
y_q1   0   1   2   2   0   -1.193350845e+05
y_q1   0   1   2   1   1   +6.142915244e+04
y_q1   0   1   2   1   0   -3.121381322e+04
y_q1   0   1   2   0   2   +2.276573981e+04
y_q1   0   1   2   0   1   +3.717853282e+03
y_q1   0   1   2   0   0   +2.167090380e+02
y_q1   0   1   1   3   0   +1.481933732e+05
y_q1   0   1   1   2   1   -3.641281154e+04
y_q1   0   1   1   2   0   +5.577597695e+01
y_q1   0   1   1   1   2   -1.511552544e+04
y_q1   0   1   1   1   1   -3.916750595e+02
y_q1   0   1   1   1   0   -8.354875640e+01
y_q1   0   1   1   0   3   +2.769637697e+03
y_q1   0   1   1   0   2   +2.288957406e+02
y_q1   0   1   1   0   1   -5.809099981e-01
y_q1   0   1   1   0   0   +6.826435446e-01
y_q1   0   1   0   4   0   +1.117275580e+05
y_q1   0   1   0   3   1   -3.144320915e+04
y_q1   0   1   0   3   0   +1.061658737e+04
y_q1   0   1   0   2   2   -9.433571573e+03
y_q1   0   1   0   2   1   +1.263565912e+02
y_q1   0   1   0   2   0   +6.910508780e+01
y_q1   0   1   0   1   3   -2.901350875e+03
y_q1   0   1   0   1   2   -2.146469158e+00
y_q1   0   1   0   1   1   +4.004019582e+00
y_q1   0   1   0   1   0   +1.737428912e-02
y_q1   0   1   0   0   4   +4.881801028e+02
y_q1   0   1   0   0   3   +4.567739702e+00
y_q1   0   1   0   0   2   +1.554458825e+00
y_q1   0   1   0   0   1   -9.108682812e-02
y_q1   0   1   0   0   0   +9.892441474e-01
y_q1   0   0   5   0   0   +5.065229917e+05
y_q1   0   0   4   1   0   -4.857357892e+05
y_q1   0   0   4   0   1   +2.775208432e+04
y_q1   0   0   4   0   0   +4.836532743e+04
y_q1   0   0   3   2   0   -3.701886153e+04
y_q1   0   0   3   1   1   -1.380108872e+05
y_q1   0   0   3   1   0   +6.286747632e+03
y_q1   0   0   3   0   2   -3.916574917e+04
y_q1   0   0   3   0   1   +1.106899472e+03
y_q1   0   0   3   0   0   +4.407152370e+02
y_q1   0   0   2   3   0   -3.402819851e+04
y_q1   0   0   2   2   1   -9.264166328e+04
y_q1   0   0   2   2   0   -1.324142920e+04
y_q1   0   0   2   1   2   +3.321840144e+03
y_q1   0   0   2   1   1   -1.044062897e+03
y_q1   0   0   2   1   0   +4.940544383e+02
y_q1   0   0   2   0   3   -1.494803818e+04
y_q1   0   0   2   0   2   -9.466179488e+02
y_q1   0   0   2   0   1   +1.564009561e+01
y_q1   0   0   2   0   0   +9.575673648e+00
y_q1   0   0   1   4   0   -7.921251443e+04
y_q1   0   0   1   3   1   -1.909789904e+04
y_q1   0   0   1   3   0   -8.781642649e+02
y_q1   0   0   1   2   2   +6.246810399e+03
y_q1   0   0   1   2   1   +4.762016102e+02
y_q1   0   0   1   2   0   +9.610400621e+00
y_q1   0   0   1   1   3   -9.519669447e+02
y_q1   0   0   1   1   2   +5.859640034e+01
y_q1   0   0   1   1   1   +1.161930713e+01
y_q1   0   0   1   1   0   +1.510310062e+00
y_q1   0   0   1   0   4   -4.872179643e+03
y_q1   0   0   1   0   3   +8.658682686e+01
y_q1   0   0   1   0   2   +7.848006194e+00
y_q1   0   0   1   0   1   -1.394242086e-01
y_q1   0   0   1   0   0   +1.630231559e-02
y_q1   0   0   0   5   0   -1.992613931e+04
y_q1   0   0   0   4   1   -1.907987796e+04
y_q1   0   0   0   4   0   -2.294255391e+03
y_q1   0   0   0   3   2   -2.837053521e+03
y_q1   0   0   0   3   1   +4.607971311e+02
y_q1   0   0   0   3   0   -1.859341352e+01
y_q1   0   0   0   2   3   +1.589607904e+03
y_q1   0   0   0   2   2   +8.195981984e+01
y_q1   0   0   0   2   1   +1.028115845e+01
y_q1   0   0   0   2   0   +1.709230077e+00
y_q1   0   0   0   1   4   +2.608720486e+02
y_q1   0   0   0   1   3   -2.663727321e+00
y_q1   0   0   0   1   2   +1.829796512e-01
y_q1   0   0   0   1   1   -4.284290106e-02
y_q1   0   0   0   1   0   +1.932684964e+00
y_q1   0   0   0   0   5   -5.134582999e+02
y_q1   0   0   0   0   4   -3.976123466e+00
y_q1   0   0   0   0   3   +6.700418416e-01
y_q1   0   0   0   0   2   -1.194069600e-01
y_q1   0   0   0   0   1   +1.272778227e-01
y_q1   0   0   0   0   0   -1.975975787e-02
