# Polynomial metadata: 
# -- Order: 5
# -- Trained on data: 'data/mc/mc_L_production.root'
# -- Input branches: { x_sv y_sv dxdz_sv dydz_sv dpp_sv }
# -- Time created: Mon Jan 12 10:07:20 2026

poly-DoF 5
is-RHRS 0
dxdz_fp   5   0   0   0   0   +1.672879173e+06
dxdz_fp   4   1   0   0   0   +1.954754235e+05
dxdz_fp   4   0   1   0   0   -6.053621050e+06
dxdz_fp   4   0   0   1   0   -2.840521003e+05
dxdz_fp   4   0   0   0   1   -1.853448156e+05
dxdz_fp   4   0   0   0   0   -1.941013530e+04
dxdz_fp   3   2   0   0   0   -1.401926499e+05
dxdz_fp   3   1   1   0   0   -5.517029720e+05
dxdz_fp   3   1   0   1   0   +4.293073305e+05
dxdz_fp   3   1   0   0   1   -8.738852716e+02
dxdz_fp   3   1   0   0   0   -1.489581145e+04
dxdz_fp   3   0   2   0   0   +8.376825218e+06
dxdz_fp   3   0   1   1   0   +8.392980318e+05
dxdz_fp   3   0   1   0   1   +5.411050005e+05
dxdz_fp   3   0   1   0   0   +5.528298775e+04
dxdz_fp   3   0   0   2   0   -1.778876797e+05
dxdz_fp   3   0   0   1   1   -1.402608188e+04
dxdz_fp   3   0   0   1   0   +7.037030279e+01
dxdz_fp   3   0   0   0   2   +1.327660901e+03
dxdz_fp   3   0   0   0   1   -1.179573140e+03
dxdz_fp   3   0   0   0   0   -5.796510347e+02
dxdz_fp   2   3   0   0   0   -4.425143669e+04
dxdz_fp   2   2   1   0   0   +2.773317105e+05
dxdz_fp   2   2   0   1   0   +1.042443653e+05
dxdz_fp   2   2   0   0   1   +1.954758275e+04
dxdz_fp   2   2   0   0   0   +2.223321791e+03
dxdz_fp   2   1   2   0   0   +6.164658319e+05
dxdz_fp   2   1   1   1   0   -9.413957527e+05
dxdz_fp   2   1   1   0   1   +4.846991656e+04
dxdz_fp   2   1   1   0   0   +5.706207318e+04
dxdz_fp   2   1   0   2   0   -5.088073345e+04
dxdz_fp   2   1   0   1   1   -2.810093633e+04
dxdz_fp   2   1   0   1   0   +4.379142524e+02
dxdz_fp   2   1   0   0   2   +8.270471603e+02
dxdz_fp   2   1   0   0   1   +4.880625086e+02
dxdz_fp   2   1   0   0   0   +1.190468018e+02
dxdz_fp   2   0   3   0   0   -5.531562539e+06
dxdz_fp   2   0   2   1   0   -8.535744530e+05
dxdz_fp   2   0   2   0   1   -5.794213633e+05
dxdz_fp   2   0   2   0   0   -5.434670714e+04
dxdz_fp   2   0   1   2   0   +2.050587188e+05
dxdz_fp   2   0   1   1   1   +4.934934992e+04
dxdz_fp   2   0   1   1   0   -1.061156336e+04
dxdz_fp   2   0   1   0   2   -5.032545634e+03
dxdz_fp   2   0   1   0   1   +4.049500641e+03
dxdz_fp   2   0   1   0   0   +1.677924482e+03
dxdz_fp   2   0   0   3   0   +1.152659738e+05
dxdz_fp   2   0   0   2   1   -2.247456453e+04
dxdz_fp   2   0   0   2   0   +5.515134057e+03
dxdz_fp   2   0   0   1   2   +2.465413594e+03
dxdz_fp   2   0   0   1   1   -1.947312330e+03
dxdz_fp   2   0   0   1   0   -3.980600509e+01
dxdz_fp   2   0   0   0   3   +1.048570657e+03
dxdz_fp   2   0   0   0   2   +1.849595776e+01
dxdz_fp   2   0   0   0   1   +2.009367693e+01
dxdz_fp   2   0   0   0   0   +9.657853129e-01
dxdz_fp   1   4   0   0   0   +2.925189956e+04
dxdz_fp   1   3   1   0   0   +3.158735291e+04
dxdz_fp   1   3   0   1   0   -5.437919102e+04
dxdz_fp   1   3   0   0   1   -7.085762927e+03
dxdz_fp   1   3   0   0   0   +3.152841334e+03
dxdz_fp   1   2   2   0   0   -4.004786304e+05
dxdz_fp   1   2   1   1   0   -1.582062285e+05
dxdz_fp   1   2   1   0   1   -2.788528342e+04
dxdz_fp   1   2   1   0   0   -4.391558121e+03
dxdz_fp   1   2   0   2   0   +6.979124120e+04
dxdz_fp   1   2   0   1   1   -1.325311423e+04
dxdz_fp   1   2   0   1   0   -2.084139785e+03
dxdz_fp   1   2   0   0   2   +2.238829123e+03
dxdz_fp   1   2   0   0   1   -2.911761418e+02
dxdz_fp   1   2   0   0   0   +4.952089656e+01
dxdz_fp   1   1   3   0   0   -3.447181190e+05
dxdz_fp   1   1   2   1   0   +8.362113526e+05
dxdz_fp   1   1   2   0   1   -8.457335520e+04
dxdz_fp   1   1   2   0   0   -6.343480259e+04
dxdz_fp   1   1   1   2   0   +5.535906870e+03
dxdz_fp   1   1   1   1   1   +6.265001863e+04
dxdz_fp   1   1   1   1   0   -1.540588663e+03
dxdz_fp   1   1   1   0   2   -2.846253744e+03
dxdz_fp   1   1   1   0   1   -1.077072260e+03
dxdz_fp   1   1   1   0   0   -2.376443490e+02
dxdz_fp   1   1   0   3   0   +1.144604838e+05
dxdz_fp   1   1   0   2   1   -1.905682528e+04
dxdz_fp   1   1   0   2   0   +3.001216822e+03
dxdz_fp   1   1   0   1   2   +1.938883178e+03
dxdz_fp   1   1   0   1   1   -4.417955118e+02
dxdz_fp   1   1   0   1   0   -5.292205092e+00
dxdz_fp   1   1   0   0   3   -1.742085495e+03
dxdz_fp   1   1   0   0   2   -1.650183425e+01
dxdz_fp   1   1   0   0   1   +4.086852311e+00
dxdz_fp   1   1   0   0   0   -3.026496845e+00
dxdz_fp   1   0   4   0   0   +1.757422585e+06
dxdz_fp   1   0   3   1   0   +3.591848413e+05
dxdz_fp   1   0   3   0   1   +2.713596001e+05
dxdz_fp   1   0   3   0   0   +2.076782839e+04
dxdz_fp   1   0   2   2   0   -4.209034339e+04
dxdz_fp   1   0   2   1   1   -4.112078077e+04
dxdz_fp   1   0   2   1   0   +1.899036596e+04
dxdz_fp   1   0   2   0   2   +3.869485893e+03
dxdz_fp   1   0   2   0   1   -4.377131480e+03
dxdz_fp   1   0   2   0   0   -1.622824704e+03
dxdz_fp   1   0   1   3   0   -1.346232564e+05
dxdz_fp   1   0   1   2   1   +2.163529181e+04
dxdz_fp   1   0   1   2   0   -7.980665414e+03
dxdz_fp   1   0   1   1   2   -6.144863511e+03
dxdz_fp   1   0   1   1   1   +3.325513166e+03
dxdz_fp   1   0   1   1   0   +7.676631739e+01
dxdz_fp   1   0   1   0   3   -7.124793381e+02
dxdz_fp   1   0   1   0   2   -5.179934858e+01
dxdz_fp   1   0   1   0   1   -3.985358009e+01
dxdz_fp   1   0   1   0   0   -1.809202780e+00
dxdz_fp   1   0   0   4   0   -2.652457725e+03
dxdz_fp   1   0   0   3   1   +6.299333559e+03
dxdz_fp   1   0   0   3   0   +9.237351407e+02
dxdz_fp   1   0   0   2   2   -3.888661015e+03
dxdz_fp   1   0   0   2   1   +1.638151043e+02
dxdz_fp   1   0   0   2   0   -2.775140324e+00
dxdz_fp   1   0   0   1   3   +2.095107934e+03
dxdz_fp   1   0   0   1   2   -4.754108159e+01
dxdz_fp   1   0   0   1   1   +3.297600911e-01
dxdz_fp   1   0   0   1   0   -1.015606437e+00
dxdz_fp   1   0   0   0   4   -6.326930055e+02
dxdz_fp   1   0   0   0   3   +2.452826995e+01
dxdz_fp   1   0   0   0   2   +2.959660107e+00
dxdz_fp   1   0   0   0   1   +1.915900434e-01
dxdz_fp   1   0   0   0   0   +8.603524919e-02
dxdz_fp   0   5   0   0   0   +1.536136437e+03
dxdz_fp   0   4   1   0   0   -7.307069515e+04
dxdz_fp   0   4   0   1   0   -3.003169430e+03
dxdz_fp   0   4   0   0   1   -6.873383085e+02
dxdz_fp   0   4   0   0   0   +2.459251615e+01
dxdz_fp   0   3   2   0   0   +4.618141970e+01
dxdz_fp   0   3   1   1   0   +3.290864848e+04
dxdz_fp   0   3   1   0   1   +5.462003831e+03
dxdz_fp   0   3   1   0   0   -3.676329717e+03
dxdz_fp   0   3   0   2   0   +3.417405787e+03
dxdz_fp   0   3   0   1   1   +8.494403623e+02
dxdz_fp   0   3   0   1   0   -2.561029952e+01
dxdz_fp   0   3   0   0   2   -1.247212017e+02
dxdz_fp   0   3   0   0   1   -1.933605626e+01
dxdz_fp   0   3   0   0   0   -3.422158993e+00
dxdz_fp   0   2   3   0   0   +2.184005595e+05
dxdz_fp   0   2   2   1   0   +5.246409750e+04
dxdz_fp   0   2   2   0   1   +1.239921755e+04
dxdz_fp   0   2   2   0   0   +2.469512751e+03
dxdz_fp   0   2   1   2   0   -4.285209648e+04
dxdz_fp   0   2   1   1   1   +7.324792353e+03
dxdz_fp   0   2   1   1   0   -4.849409588e+02
dxdz_fp   0   2   1   0   2   -7.658493962e+02
dxdz_fp   0   2   1   0   1   +2.585301395e+02
dxdz_fp   0   2   1   0   0   +8.042931815e+00
dxdz_fp   0   2   0   3   0   -1.320542531e+04
dxdz_fp   0   2   0   2   1   -5.347759565e+02
dxdz_fp   0   2   0   2   0   -2.758182368e+01
dxdz_fp   0   2   0   1   2   +9.157336784e+02
dxdz_fp   0   2   0   1   1   +2.646487181e+01
dxdz_fp   0   2   0   1   0   +6.743823034e+00
dxdz_fp   0   2   0   0   3   -3.794407810e+02
dxdz_fp   0   2   0   0   2   +1.171414858e+01
dxdz_fp   0   2   0   0   1   -1.039371327e+00
dxdz_fp   0   2   0   0   0   -3.914943713e-02
dxdz_fp   0   1   4   0   0   +8.320015132e+04
dxdz_fp   0   1   3   1   0   -2.654105379e+05
dxdz_fp   0   1   3   0   1   +3.537039748e+04
dxdz_fp   0   1   3   0   0   +2.369916936e+04
dxdz_fp   0   1   2   2   0   +1.956881584e+04
dxdz_fp   0   1   2   1   1   -3.243721704e+04
dxdz_fp   0   1   2   1   0   +3.792904398e+02
dxdz_fp   0   1   2   0   2   +2.071663256e+03
dxdz_fp   0   1   2   0   1   +6.465647657e+02
dxdz_fp   0   1   2   0   0   +1.094731402e+02
dxdz_fp   0   1   1   3   0   -9.986882848e+04
dxdz_fp   0   1   1   2   1   +8.879519139e+03
dxdz_fp   0   1   1   2   0   -2.269219107e+03
dxdz_fp   0   1   1   1   2   -2.904896979e+02
dxdz_fp   0   1   1   1   1   +1.635135778e+02
dxdz_fp   0   1   1   1   0   -1.523945871e+01
dxdz_fp   0   1   1   0   3   +5.659252513e+02
dxdz_fp   0   1   1   0   2   +1.888065665e+01
dxdz_fp   0   1   1   0   1   -1.513408024e+00
dxdz_fp   0   1   1   0   0   -1.652357974e-01
dxdz_fp   0   1   0   4   0   +1.991906661e+04
dxdz_fp   0   1   0   3   1   -3.876508548e+03
dxdz_fp   0   1   0   3   0   -3.791400841e+02
dxdz_fp   0   1   0   2   2   +1.238675709e+03
dxdz_fp   0   1   0   2   1   -2.579395460e+00
dxdz_fp   0   1   0   2   0   -1.263268411e+01
dxdz_fp   0   1   0   1   3   -5.020204526e+02
dxdz_fp   0   1   0   1   2   +5.376120091e+01
dxdz_fp   0   1   0   1   1   +1.383704422e+00
dxdz_fp   0   1   0   1   0   -7.910027770e-02
dxdz_fp   0   1   0   0   4   -1.990867363e+02
dxdz_fp   0   1   0   0   3   -1.181593439e+01
dxdz_fp   0   1   0   0   2   +2.328314370e-01
dxdz_fp   0   1   0   0   1   +1.406039393e-02
dxdz_fp   0   1   0   0   0   +2.715147870e-03
dxdz_fp   0   0   5   0   0   -2.119597503e+05
dxdz_fp   0   0   4   1   0   -5.980738100e+04
dxdz_fp   0   0   4   0   1   -4.505383050e+04
dxdz_fp   0   0   4   0   0   -2.333703436e+03
dxdz_fp   0   0   3   2   0   +1.096066388e+04
dxdz_fp   0   0   3   1   1   +2.880972442e+03
dxdz_fp   0   0   3   1   0   -6.958286102e+03
dxdz_fp   0   0   3   0   2   +2.321770481e+02
dxdz_fp   0   0   3   0   1   +1.445880181e+03
dxdz_fp   0   0   3   0   0   +4.946587593e+02
dxdz_fp   0   0   2   3   0   +2.511789279e+04
dxdz_fp   0   0   2   2   1   +1.616129165e+03
dxdz_fp   0   0   2   2   0   +2.710085171e+03
dxdz_fp   0   0   2   1   2   +2.825851482e+03
dxdz_fp   0   0   2   1   1   -1.332512169e+03
dxdz_fp   0   0   2   1   0   -3.953160211e+01
dxdz_fp   0   0   2   0   3   -2.521980861e+02
dxdz_fp   0   0   2   0   2   +1.676260111e+01
dxdz_fp   0   0   2   0   1   +1.647115946e+01
dxdz_fp   0   0   2   0   0   +4.609779818e-02
dxdz_fp   0   0   1   4   0   +1.627914736e+04
dxdz_fp   0   0   1   3   1   -1.178531550e+04
dxdz_fp   0   0   1   3   0   -1.056195075e+03
dxdz_fp   0   0   1   2   2   +4.878589184e+03
dxdz_fp   0   0   1   2   1   -2.170246794e+02
dxdz_fp   0   0   1   2   0   -1.095312661e+01
dxdz_fp   0   0   1   1   3   -1.537609195e+03
dxdz_fp   0   0   1   1   2   +5.777304569e+01
dxdz_fp   0   0   1   1   1   +2.353557679e+00
dxdz_fp   0   0   1   1   0   -2.111017593e+00
dxdz_fp   0   0   1   0   4   +8.773939107e+02
dxdz_fp   0   0   1   0   3   -9.104152105e+00
dxdz_fp   0   0   1   0   2   -4.324709550e+00
dxdz_fp   0   0   1   0   1   -7.990124201e-01
dxdz_fp   0   0   1   0   0   -6.077110621e-01
dxdz_fp   0   0   0   5   0   -3.864752369e+03
dxdz_fp   0   0   0   4   1   -1.434640618e+03
dxdz_fp   0   0   0   4   0   +1.434452421e+02
dxdz_fp   0   0   0   3   2   +2.031166819e+03
dxdz_fp   0   0   0   3   1   -4.533442016e+01
dxdz_fp   0   0   0   3   0   -1.117615012e+00
dxdz_fp   0   0   0   2   3   -1.148986142e+03
dxdz_fp   0   0   0   2   2   +3.542617690e+01
dxdz_fp   0   0   0   2   1   +5.286810777e+00
dxdz_fp   0   0   0   2   0   +7.467287786e-02
dxdz_fp   0   0   0   1   4   -1.761026749e+02
dxdz_fp   0   0   0   1   3   -8.894654588e+00
dxdz_fp   0   0   0   1   2   -9.852785536e-01
dxdz_fp   0   0   0   1   1   -2.596212886e-03
dxdz_fp   0   0   0   1   0   +1.362699365e-03
dxdz_fp   0   0   0   0   5   +2.145712952e+02
dxdz_fp   0   0   0   0   4   -4.550333783e+00
dxdz_fp   0   0   0   0   3   +1.288766614e+00
dxdz_fp   0   0   0   0   2   -7.201331308e-01
dxdz_fp   0   0   0   0   1   +5.559243949e-02
dxdz_fp   0   0   0   0   0   -8.985064737e-05
dydz_fp   5   0   0   0   0   -1.661219419e+06
dydz_fp   4   1   0   0   0   +1.734635515e+06
dydz_fp   4   0   1   0   0   +6.341919785e+06
dydz_fp   4   0   0   1   0   +3.407908779e+06
dydz_fp   4   0   0   0   1   -9.167007808e+05
dydz_fp   4   0   0   0   0   +6.767873481e+04
dydz_fp   3   2   0   0   0   +3.061290547e+05
dydz_fp   3   1   1   0   0   -5.495835534e+06
dydz_fp   3   1   0   1   0   -6.409148753e+05
dydz_fp   3   1   0   0   1   +5.005726159e+04
dydz_fp   3   1   0   0   0   -4.628382157e+03
dydz_fp   3   0   2   0   0   -9.138563415e+06
dydz_fp   3   0   1   1   0   -1.081315123e+07
dydz_fp   3   0   1   0   1   +2.922715905e+06
dydz_fp   3   0   1   0   0   -2.165729961e+05
dydz_fp   3   0   0   2   0   +5.685915701e+05
dydz_fp   3   0   0   1   1   -5.812966943e+04
dydz_fp   3   0   0   1   0   -2.131486383e+04
dydz_fp   3   0   0   0   2   +3.793357819e+04
dydz_fp   3   0   0   0   1   +8.534267298e+03
dydz_fp   3   0   0   0   0   -1.215450066e+02
dydz_fp   2   3   0   0   0   +3.110937025e+05
dydz_fp   2   2   1   0   0   -5.710950158e+05
dydz_fp   2   2   0   1   0   -8.553817764e+05
dydz_fp   2   2   0   0   1   +2.078934460e+04
dydz_fp   2   2   0   0   0   -2.366632286e+04
dydz_fp   2   1   2   0   0   +6.321805219e+06
dydz_fp   2   1   1   1   0   +1.475912053e+06
dydz_fp   2   1   1   0   1   -2.149442877e+05
dydz_fp   2   1   1   0   0   -3.809090959e+03
dydz_fp   2   1   0   2   0   +2.057375298e+05
dydz_fp   2   1   0   1   1   +3.277159652e+04
dydz_fp   2   1   0   1   0   -3.039142978e+04
dydz_fp   2   1   0   0   2   -4.851759731e+04
dydz_fp   2   1   0   0   1   +2.784221165e+03
dydz_fp   2   1   0   0   0   -5.210014440e+02
dydz_fp   2   0   3   0   0   +6.137967773e+06
dydz_fp   2   0   2   1   0   +1.225412086e+07
dydz_fp   2   0   2   0   1   -3.362554616e+06
dydz_fp   2   0   2   0   0   +2.507891343e+05
dydz_fp   2   0   1   2   0   -1.204940906e+06
dydz_fp   2   0   1   1   1   +9.416162391e+04
dydz_fp   2   0   1   1   0   +6.753265344e+04
dydz_fp   2   0   1   0   2   -9.948381166e+04
dydz_fp   2   0   1   0   1   -2.296689807e+04
dydz_fp   2   0   1   0   0   +1.397434139e+02
dydz_fp   2   0   0   3   0   -7.643006501e+05
dydz_fp   2   0   0   2   1   +1.895895581e+05
dydz_fp   2   0   0   2   0   -2.814832558e+04
dydz_fp   2   0   0   1   2   -2.652545005e+04
dydz_fp   2   0   0   1   1   +4.531782998e+03
dydz_fp   2   0   0   1   0   +1.922026502e+00
dydz_fp   2   0   0   0   3   +1.318801428e+04
dydz_fp   2   0   0   0   2   +9.226346699e+01
dydz_fp   2   0   0   0   1   -1.042354221e+01
dydz_fp   2   0   0   0   0   +6.687484886e+00
dydz_fp   1   4   0   0   0   -9.114750140e+04
dydz_fp   1   3   1   0   0   -4.909918898e+04
dydz_fp   1   3   0   1   0   +2.360239222e+05
dydz_fp   1   3   0   0   1   -3.355883819e+04
dydz_fp   1   3   0   0   0   -3.610338563e+03
dydz_fp   1   2   2   0   0   +4.331765869e+05
dydz_fp   1   2   1   1   0   +1.262499426e+06
dydz_fp   1   2   1   0   1   -1.193660336e+05
dydz_fp   1   2   1   0   0   +4.682156673e+04
dydz_fp   1   2   0   2   0   -1.796057806e+05
dydz_fp   1   2   0   1   1   +3.149630616e+04
dydz_fp   1   2   0   1   0   +8.786532316e+03
dydz_fp   1   2   0   0   2   -8.047863514e+03
dydz_fp   1   2   0   0   1   -6.329512442e+02
dydz_fp   1   2   0   0   0   +1.022980401e+02
dydz_fp   1   1   3   0   0   -3.073247166e+06
dydz_fp   1   1   2   1   0   -1.349260918e+06
dydz_fp   1   1   2   0   1   +2.761088260e+05
dydz_fp   1   1   2   0   0   +1.577918820e+04
dydz_fp   1   1   1   2   0   -2.151946292e+05
dydz_fp   1   1   1   1   1   -6.118117725e+04
dydz_fp   1   1   1   1   0   +4.810010166e+04
dydz_fp   1   1   1   0   2   +6.670584216e+04
dydz_fp   1   1   1   0   1   -5.808227072e+03
dydz_fp   1   1   1   0   0   +9.199901254e+02
dydz_fp   1   1   0   3   0   +9.095284227e+04
dydz_fp   1   1   0   2   1   +2.196254271e+03
dydz_fp   1   1   0   2   0   -3.189172860e+03
dydz_fp   1   1   0   1   2   +6.237135625e+03
dydz_fp   1   1   0   1   1   +7.233847717e+02
dydz_fp   1   1   0   1   0   +9.042640031e+01
dydz_fp   1   1   0   0   3   -1.368913793e+03
dydz_fp   1   1   0   0   2   +2.562517382e+01
dydz_fp   1   1   0   0   1   -2.562968446e+00
dydz_fp   1   1   0   0   0   +1.864825064e+00
dydz_fp   1   0   4   0   0   -1.910437011e+06
dydz_fp   1   0   3   1   0   -5.818482604e+06
dydz_fp   1   0   3   0   1   +1.653105716e+06
dydz_fp   1   0   3   0   0   -1.202531543e+05
dydz_fp   1   0   2   2   0   +8.211768576e+05
dydz_fp   1   0   2   1   1   -2.368713464e+04
dydz_fp   1   0   2   1   0   -6.659131625e+04
dydz_fp   1   0   2   0   2   +8.321467625e+04
dydz_fp   1   0   2   0   1   +2.019604185e+04
dydz_fp   1   0   2   0   0   +1.071048307e+02
dydz_fp   1   0   1   3   0   +1.001416354e+06
dydz_fp   1   0   1   2   1   -2.848366011e+05
dydz_fp   1   0   1   2   0   +3.991332868e+04
dydz_fp   1   0   1   1   2   +5.191959328e+04
dydz_fp   1   0   1   1   1   -5.818617685e+03
dydz_fp   1   0   1   1   0   +1.742244587e+02
dydz_fp   1   0   1   0   3   -2.150304380e+04
dydz_fp   1   0   1   0   2   -1.362310096e+02
dydz_fp   1   0   1   0   1   -1.414171026e+01
dydz_fp   1   0   1   0   0   -1.781966388e+01
dydz_fp   1   0   0   4   0   -8.544090352e+04
dydz_fp   1   0   0   3   1   +5.725408409e+04
dydz_fp   1   0   0   3   0   +3.266185184e+03
dydz_fp   1   0   0   2   2   -2.222357958e+04
dydz_fp   1   0   0   2   1   -8.148858379e+02
dydz_fp   1   0   0   2   0   +1.704799886e+02
dydz_fp   1   0   0   1   3   +1.612499089e+03
dydz_fp   1   0   0   1   2   -5.310909243e+00
dydz_fp   1   0   0   1   1   -3.945241880e+01
dydz_fp   1   0   0   1   0   -2.288524706e+00
dydz_fp   1   0   0   0   4   -6.156585059e+02
dydz_fp   1   0   0   0   3   -1.588518198e+02
dydz_fp   1   0   0   0   2   +2.982512966e+00
dydz_fp   1   0   0   0   1   +3.830129469e-01
dydz_fp   1   0   0   0   0   -4.368294908e-02
dydz_fp   0   5   0   0   0   +7.599103354e+04
dydz_fp   0   4   1   0   0   +7.306212190e+04
dydz_fp   0   4   0   1   0   -3.090316016e+04
dydz_fp   0   4   0   0   1   -4.283715994e+04
dydz_fp   0   4   0   0   0   -4.157312285e+02
dydz_fp   0   3   2   0   0   -2.321712621e+05
dydz_fp   0   3   1   1   0   -1.901123217e+05
dydz_fp   0   3   1   0   1   +2.950228843e+04
dydz_fp   0   3   1   0   0   +2.200570516e+03
dydz_fp   0   3   0   2   0   -1.239168464e+05
dydz_fp   0   3   0   1   1   +1.423258258e+02
dydz_fp   0   3   0   1   0   +1.525134581e+03
dydz_fp   0   3   0   0   2   +4.149977365e+03
dydz_fp   0   3   0   0   1   -8.207309973e+02
dydz_fp   0   3   0   0   0   -8.047644799e+01
dydz_fp   0   2   3   0   0   -1.475742611e+05
dydz_fp   0   2   2   1   0   -4.851539739e+05
dydz_fp   0   2   2   0   1   +6.978661733e+04
dydz_fp   0   2   2   0   0   -2.739088673e+04
dydz_fp   0   2   1   2   0   +1.201489189e+05
dydz_fp   0   2   1   1   1   -2.569115941e+04
dydz_fp   0   2   1   1   0   -7.433050221e+03
dydz_fp   0   2   1   0   2   +8.944789302e+03
dydz_fp   0   2   1   0   1   +7.778751041e+02
dydz_fp   0   2   1   0   0   -8.913937208e+01
dydz_fp   0   2   0   3   0   +2.287797026e+05
dydz_fp   0   2   0   2   1   -2.692584210e+04
dydz_fp   0   2   0   2   0   -4.740393188e+03
dydz_fp   0   2   0   1   2   -5.033549732e+02
dydz_fp   0   2   0   1   1   -6.332155751e+02
dydz_fp   0   2   0   1   0   +3.977820539e+01
dydz_fp   0   2   0   0   3   -1.076783050e+02
dydz_fp   0   2   0   0   2   +1.167078548e+02
dydz_fp   0   2   0   0   1   +3.619067292e+01
dydz_fp   0   2   0   0   0   +3.233574334e+00
dydz_fp   0   1   4   0   0   +5.245307739e+05
dydz_fp   0   1   3   1   0   +4.312774567e+05
dydz_fp   0   1   3   0   1   -9.906538778e+04
dydz_fp   0   1   3   0   0   -8.730766208e+03
dydz_fp   0   1   2   2   0   +4.195888717e+04
dydz_fp   0   1   2   1   1   -8.027424089e+03
dydz_fp   0   1   2   1   0   -2.375891360e+04
dydz_fp   0   1   2   0   2   -2.082988669e+04
dydz_fp   0   1   2   0   1   +3.124781697e+03
dydz_fp   0   1   2   0   0   -3.266834038e+02
dydz_fp   0   1   1   3   0   -4.011378649e+04
dydz_fp   0   1   1   2   1   +1.934096759e+03
dydz_fp   0   1   1   2   0   +1.507271881e+03
dydz_fp   0   1   1   1   2   -4.910809485e+03
dydz_fp   0   1   1   1   1   -4.601323334e+02
dydz_fp   0   1   1   1   0   -1.940613860e+01
dydz_fp   0   1   1   0   3   +2.885951692e+03
dydz_fp   0   1   1   0   2   +6.613440369e+01
dydz_fp   0   1   1   0   1   -9.157774740e+00
dydz_fp   0   1   1   0   0   +5.680784979e-01
dydz_fp   0   1   0   4   0   +1.060884837e+04
dydz_fp   0   1   0   3   1   -6.289938051e+04
dydz_fp   0   1   0   3   0   +7.214660837e+03
dydz_fp   0   1   0   2   2   +2.054945244e+04
dydz_fp   0   1   0   2   1   -9.753730743e+02
dydz_fp   0   1   0   2   0   -7.156298691e+00
dydz_fp   0   1   0   1   3   -6.109649867e+03
dydz_fp   0   1   0   1   2   +5.638638293e+01
dydz_fp   0   1   0   1   1   +6.401459520e+00
dydz_fp   0   1   0   1   0   +4.174191448e+00
dydz_fp   0   1   0   0   4   +3.635630038e+02
dydz_fp   0   1   0   0   3   -1.067577562e+02
dydz_fp   0   1   0   0   2   +1.395431671e+01
dydz_fp   0   1   0   0   1   -4.903258322e+00
dydz_fp   0   1   0   0   0   +7.296649869e-01
dydz_fp   0   0   5   0   0   +2.187860906e+05
dydz_fp   0   0   4   1   0   +9.638879304e+05
dydz_fp   0   0   4   0   1   -2.891622800e+05
dydz_fp   0   0   4   0   0   +2.009932334e+04
dydz_fp   0   0   3   2   0   -1.875530325e+05
dydz_fp   0   0   3   1   1   -8.207995848e+03
dydz_fp   0   0   3   1   0   +2.141467333e+04
dydz_fp   0   0   3   0   2   -2.168240726e+04
dydz_fp   0   0   3   0   1   -5.949570574e+03
dydz_fp   0   0   3   0   0   -8.138624792e+01
dydz_fp   0   0   2   3   0   -2.583504190e+05
dydz_fp   0   0   2   2   1   +7.314703621e+04
dydz_fp   0   0   2   2   0   -1.426903860e+04
dydz_fp   0   0   2   1   2   -1.948797297e+04
dydz_fp   0   0   2   1   1   +1.072836432e+03
dydz_fp   0   0   2   1   0   -1.272861497e+02
dydz_fp   0   0   2   0   3   +8.080595959e+03
dydz_fp   0   0   2   0   2   +1.737843722e+02
dydz_fp   0   0   2   0   1   +4.351148764e-01
dydz_fp   0   0   2   0   0   +4.780441934e+00
dydz_fp   0   0   1   4   0   +7.857895842e+04
dydz_fp   0   0   1   3   1   -5.674471279e+04
dydz_fp   0   0   1   3   0   -2.417990160e+03
dydz_fp   0   0   1   2   2   +2.195188906e+04
dydz_fp   0   0   1   2   1   +6.350395136e+02
dydz_fp   0   0   1   2   0   -1.073513603e+02
dydz_fp   0   0   1   1   3   -3.676889194e+03
dydz_fp   0   0   1   1   2   +6.793050591e+01
dydz_fp   0   0   1   1   1   +2.202039004e+01
dydz_fp   0   0   1   1   0   +1.057301614e+01
dydz_fp   0   0   1   0   4   -5.046654732e+01
dydz_fp   0   0   1   0   3   +1.248009497e+02
dydz_fp   0   0   1   0   2   +2.667890586e-02
dydz_fp   0   0   1   0   1   -1.306755461e+00
dydz_fp   0   0   1   0   0   +1.150517018e-01
dydz_fp   0   0   0   5   0   +5.753419185e+04
dydz_fp   0   0   0   4   1   -5.181064678e+04
dydz_fp   0   0   0   4   0   +7.495019173e+02
dydz_fp   0   0   0   3   2   +2.150002556e+04
dydz_fp   0   0   0   3   1   -1.674225875e+03
dydz_fp   0   0   0   3   0   +4.946616991e+01
dydz_fp   0   0   0   2   3   -8.989271558e+03
dydz_fp   0   0   0   2   2   +4.986418251e+02
dydz_fp   0   0   0   2   1   +2.019949681e+01
dydz_fp   0   0   0   2   0   +3.245565887e+00
dydz_fp   0   0   0   1   4   +2.058409828e+03
dydz_fp   0   0   0   1   3   -2.563807502e+02
dydz_fp   0   0   0   1   2   +1.644747270e+01
dydz_fp   0   0   0   1   1   -1.257110157e+01
dydz_fp   0   0   0   1   0   -1.064558894e+00
dydz_fp   0   0   0   0   5   -5.696351678e+01
dydz_fp   0   0   0   0   4   +2.917397693e+01
dydz_fp   0   0   0   0   3   -2.457586513e+00
dydz_fp   0   0   0   0   2   +1.038714052e+00
dydz_fp   0   0   0   0   1   +9.658922217e-02
dydz_fp   0   0   0   0   0   -2.064754006e-03
x_fp   5   0   0   0   0   -1.045857736e+07
x_fp   4   1   0   0   0   +2.100002319e+06
x_fp   4   0   1   0   0   +4.339862761e+07
x_fp   4   0   0   1   0   +2.261452292e+07
x_fp   4   0   0   0   1   -9.111288758e+06
x_fp   4   0   0   0   0   +4.650418785e+05
x_fp   3   2   0   0   0   +3.933335308e+06
x_fp   3   1   1   0   0   -1.245727596e+07
x_fp   3   1   0   1   0   -1.961362935e+06
x_fp   3   1   0   0   1   +6.065816635e+05
x_fp   3   1   0   0   0   +4.282938560e+04
x_fp   3   0   2   0   0   -6.689489939e+07
x_fp   3   0   1   1   0   -6.436335261e+07
x_fp   3   0   1   0   1   +2.910503066e+07
x_fp   3   0   1   0   0   -1.445655753e+06
x_fp   3   0   0   2   0   +1.214279907e+06
x_fp   3   0   0   1   1   +6.236177949e+04
x_fp   3   0   0   1   0   -5.469484465e+04
x_fp   3   0   0   0   2   +6.230960644e+05
x_fp   3   0   0   0   1   +5.652733229e+04
x_fp   3   0   0   0   0   -1.317140860e+03
x_fp   2   3   0   0   0   -6.033397667e+05
x_fp   2   2   1   0   0   -7.744609416e+06
x_fp   2   2   0   1   0   -4.567954330e+06
x_fp   2   2   0   0   1   +1.925169038e+06
x_fp   2   2   0   0   0   -1.063696395e+04
x_fp   2   1   2   0   0   +1.955018802e+07
x_fp   2   1   1   1   0   +3.673752590e+06
x_fp   2   1   1   0   1   -1.480502369e+06
x_fp   2   1   1   0   0   -1.915650244e+05
x_fp   2   1   0   2   0   +6.982687137e+05
x_fp   2   1   0   1   1   -3.792206264e+05
x_fp   2   1   0   1   0   -1.753325601e+05
x_fp   2   1   0   0   2   -2.232598387e+05
x_fp   2   1   0   0   1   +2.309796340e+04
x_fp   2   1   0   0   0   +4.759137586e+02
x_fp   2   0   3   0   0   +4.813641299e+07
x_fp   2   0   2   1   0   +6.448523597e+07
x_fp   2   0   2   0   1   -3.289236765e+07
x_fp   2   0   2   0   0   +1.622235779e+06
x_fp   2   0   1   2   0   -5.208886961e+05
x_fp   2   0   1   1   1   -1.105023506e+06
x_fp   2   0   1   1   0   +2.223828153e+05
x_fp   2   0   1   0   2   -1.548224866e+06
x_fp   2   0   1   0   1   -1.432654581e+05
x_fp   2   0   1   0   0   +1.185355310e+03
x_fp   2   0   0   3   0   -3.231618092e+06
x_fp   2   0   0   2   1   +1.757401235e+06
x_fp   2   0   0   2   0   -6.741269227e+04
x_fp   2   0   0   1   2   -2.054850038e+05
x_fp   2   0   0   1   1   +5.172599451e+04
x_fp   2   0   0   1   0   +2.045333174e+01
x_fp   2   0   0   0   3   +1.098999988e+05
x_fp   2   0   0   0   2   -7.557807349e+03
x_fp   2   0   0   0   1   -4.837953257e+02
x_fp   2   0   0   0   0   +1.934527101e+01
x_fp   1   4   0   0   0   -2.546669159e+05
x_fp   1   3   1   0   0   +5.127119424e+05
x_fp   1   3   0   1   0   +8.872442094e+05
x_fp   1   3   0   0   1   +2.011752956e+04
x_fp   1   3   0   0   0   -2.133274180e+04
x_fp   1   2   2   0   0   +5.669251800e+06
x_fp   1   2   1   1   0   +6.823648761e+06
x_fp   1   2   1   0   1   -2.643497105e+06
x_fp   1   2   1   0   0   +1.568885016e+04
x_fp   1   2   0   2   0   -1.006762345e+06
x_fp   1   2   0   1   1   +1.908797296e+04
x_fp   1   2   0   1   0   +5.795177032e+04
x_fp   1   2   0   0   2   -6.486530209e+04
x_fp   1   2   0   0   1   -5.093701986e+03
x_fp   1   2   0   0   0   -3.006094216e+02
x_fp   1   1   3   0   0   -1.137604734e+07
x_fp   1   1   2   1   0   -3.946605362e+06
x_fp   1   1   2   0   1   +1.176548522e+06
x_fp   1   1   2   0   0   +2.203256678e+05
x_fp   1   1   1   2   0   -7.349212278e+05
x_fp   1   1   1   1   1   -1.085266221e+05
x_fp   1   1   1   1   0   +2.887988017e+05
x_fp   1   1   1   0   2   +4.304760473e+05
x_fp   1   1   1   0   1   -5.416682883e+04
x_fp   1   1   1   0   0   -5.105234427e+02
x_fp   1   1   0   3   0   -6.001970114e+05
x_fp   1   1   0   2   1   +8.133103934e+05
x_fp   1   1   0   2   0   -5.289963807e+04
x_fp   1   1   0   1   2   -1.334104643e+05
x_fp   1   1   0   1   1   +1.575360186e+04
x_fp   1   1   0   1   0   +9.617973566e+02
x_fp   1   1   0   0   3   +6.999927005e+03
x_fp   1   1   0   0   2   -1.615925787e+03
x_fp   1   1   0   0   1   -1.351906885e+02
x_fp   1   1   0   0   0   +1.566824391e+01
x_fp   1   0   4   0   0   -1.648761450e+07
x_fp   1   0   3   1   0   -2.655154893e+07
x_fp   1   0   3   0   1   +1.544420879e+07
x_fp   1   0   3   0   0   -7.797685606e+05
x_fp   1   0   2   2   0   -7.604339259e+05
x_fp   1   0   2   1   1   +1.497323926e+06
x_fp   1   0   2   1   0   -2.528365109e+05
x_fp   1   0   2   0   2   +1.176132264e+06
x_fp   1   0   2   0   1   +1.133912149e+05
x_fp   1   0   2   0   0   +1.410840538e+03
x_fp   1   0   1   3   0   +2.903522050e+06
x_fp   1   0   1   2   1   -1.720106444e+06
x_fp   1   0   1   2   0   +5.269720844e+04
x_fp   1   0   1   1   2   +1.844428866e+05
x_fp   1   0   1   1   1   -5.955294186e+04
x_fp   1   0   1   1   0   +6.795454050e+02
x_fp   1   0   1   0   3   -1.526618001e+05
x_fp   1   0   1   0   2   +1.175741254e+04
x_fp   1   0   1   0   1   +5.071978397e+02
x_fp   1   0   1   0   0   -1.089555306e+01
x_fp   1   0   0   4   0   +3.299668420e+05
x_fp   1   0   0   3   1   -1.532595209e+05
x_fp   1   0   0   3   0   +1.936634935e+04
x_fp   1   0   0   2   2   -2.111730098e+05
x_fp   1   0   0   2   1   -1.132417830e+03
x_fp   1   0   0   2   0   -4.583265065e+01
x_fp   1   0   0   1   3   +1.112868126e+05
x_fp   1   0   0   1   2   -4.203611699e+03
x_fp   1   0   0   1   1   -1.054250942e+02
x_fp   1   0   0   1   0   +9.184109950e-01
x_fp   1   0   0   0   4   -1.062785066e+04
x_fp   1   0   0   0   3   -3.992930957e+02
x_fp   1   0   0   0   2   +9.173052885e+01
x_fp   1   0   0   0   1   +8.730795536e-01
x_fp   1   0   0   0   0   -1.919206818e+00
x_fp   0   5   0   0   0   -7.154052317e+04
x_fp   0   4   1   0   0   +3.365701341e+05
x_fp   0   4   0   1   0   -1.158123216e+05
x_fp   0   4   0   0   1   +6.377260924e+04
x_fp   0   4   0   0   0   -1.532464226e+03
x_fp   0   3   2   0   0   -8.863153327e+04
x_fp   0   3   1   1   0   -8.604235418e+05
x_fp   0   3   1   0   1   -4.696331495e+03
x_fp   0   3   1   0   0   +2.185766124e+04
x_fp   0   3   0   2   0   +7.628453584e+04
x_fp   0   3   0   1   1   -8.156289804e+02
x_fp   0   3   0   1   0   -7.726561574e+03
x_fp   0   3   0   0   2   +1.172337492e+04
x_fp   0   3   0   0   1   +1.071183702e+03
x_fp   0   3   0   0   0   +1.228401928e+02
x_fp   0   2   3   0   0   -1.595740599e+06
x_fp   0   2   2   1   0   -2.390572344e+06
x_fp   0   2   2   0   1   +9.340999844e+05
x_fp   0   2   2   0   0   -4.007219164e+03
x_fp   0   2   1   2   0   +9.476698958e+05
x_fp   0   2   1   1   1   -8.243360098e+04
x_fp   0   2   1   1   0   -4.489213739e+04
x_fp   0   2   1   0   2   +7.054074583e+04
x_fp   0   2   1   0   1   +3.912724854e+03
x_fp   0   2   1   0   0   +1.579612594e+02
x_fp   0   2   0   3   0   -1.061094535e+05
x_fp   0   2   0   2   1   -2.211904661e+05
x_fp   0   2   0   2   0   +5.547639433e+03
x_fp   0   2   0   1   2   +6.525782852e+04
x_fp   0   2   0   1   1   +1.762921339e+03
x_fp   0   2   0   1   0   -6.191478231e+01
x_fp   0   2   0   0   3   +4.357125704e+01
x_fp   0   2   0   0   2   +3.356033729e+02
x_fp   0   2   0   0   1   -6.560177552e+01
x_fp   0   2   0   0   0   +3.355404342e+00
x_fp   0   1   4   0   0   +2.332217421e+06
x_fp   0   1   3   1   0   +1.477036512e+06
x_fp   0   1   3   0   1   -2.713777855e+05
x_fp   0   1   3   0   0   -8.836317115e+04
x_fp   0   1   2   2   0   +6.141824003e+05
x_fp   0   1   2   1   1   -2.124987048e+04
x_fp   0   1   2   1   0   -1.044282246e+05
x_fp   0   1   2   0   2   -1.598505536e+05
x_fp   0   1   2   0   1   +2.648322806e+04
x_fp   0   1   2   0   0   -1.795218898e+02
x_fp   0   1   1   3   0   +3.216255247e+05
x_fp   0   1   1   2   1   -5.879301728e+05
x_fp   0   1   1   2   0   +4.238496335e+04
x_fp   0   1   1   1   2   +1.464552102e+05
x_fp   0   1   1   1   1   -1.231843189e+04
x_fp   0   1   1   1   0   -7.034561618e+02
x_fp   0   1   1   0   3   -1.876074705e+03
x_fp   0   1   1   0   2   +1.491250038e+03
x_fp   0   1   1   0   1   +1.788858338e+02
x_fp   0   1   1   0   0   +1.224067179e+00
x_fp   0   1   0   4   0   +4.872594764e+05
x_fp   0   1   0   3   1   -1.720784774e+05
x_fp   0   1   0   3   0   +8.300579204e+03
x_fp   0   1   0   2   2   +1.156388010e+05
x_fp   0   1   0   2   1   -1.165003868e+04
x_fp   0   1   0   2   0   -8.388593957e+01
x_fp   0   1   0   1   3   -4.186000350e+04
x_fp   0   1   0   1   2   +2.570259463e+03
x_fp   0   1   0   1   1   +4.518380816e+01
x_fp   0   1   0   1   0   -1.265207323e+01
x_fp   0   1   0   0   4   +7.547741168e+03
x_fp   0   1   0   0   3   -1.157683888e+02
x_fp   0   1   0   0   2   -2.635651771e+01
x_fp   0   1   0   0   1   +1.489177962e+00
x_fp   0   1   0   0   0   -5.684901765e-02
x_fp   0   0   5   0   0   +1.958868748e+06
x_fp   0   0   4   1   0   +3.984085939e+06
x_fp   0   0   4   0   1   -2.596261864e+06
x_fp   0   0   4   0   0   +1.400736429e+05
x_fp   0   0   3   2   0   +3.598277914e+05
x_fp   0   0   3   1   1   -4.536920684e+05
x_fp   0   0   3   1   0   +8.207459787e+04
x_fp   0   0   3   0   2   -2.303561764e+05
x_fp   0   0   3   0   1   -2.633243163e+04
x_fp   0   0   3   0   0   -9.034330740e+02
x_fp   0   0   2   3   0   +5.289354888e+04
x_fp   0   0   2   2   1   +5.250629954e+04
x_fp   0   0   2   2   0   +4.831543555e+03
x_fp   0   0   2   1   2   +1.818442966e+04
x_fp   0   0   2   1   1   +1.226213272e+04
x_fp   0   0   2   1   0   -1.068947034e+03
x_fp   0   0   2   0   3   +5.240794926e+04
x_fp   0   0   2   0   2   -4.663141470e+03
x_fp   0   0   2   0   1   +5.605133869e+01
x_fp   0   0   2   0   0   -1.856810091e+01
x_fp   0   0   1   4   0   -4.431258652e+05
x_fp   0   0   1   3   1   +2.724317357e+05
x_fp   0   0   1   3   0   -1.389758529e+04
x_fp   0   0   1   2   2   +1.643838547e+05
x_fp   0   0   1   2   1   +3.281219880e+03
x_fp   0   0   1   2   0   +3.636232582e+02
x_fp   0   0   1   1   3   -1.105447248e+05
x_fp   0   0   1   1   2   +3.359212108e+03
x_fp   0   0   1   1   1   +1.561657476e+01
x_fp   0   0   1   1   0   +1.645162304e+01
x_fp   0   0   1   0   4   +8.262313403e+03
x_fp   0   0   1   0   3   +3.422570602e+02
x_fp   0   0   1   0   2   -1.578091249e+02
x_fp   0   0   1   0   1   +1.288143319e+01
x_fp   0   0   1   0   0   +1.344014913e+00
x_fp   0   0   0   5   0   +4.773604795e+05
x_fp   0   0   0   4   1   -4.038142242e+05
x_fp   0   0   0   4   0   +1.287100711e+04
x_fp   0   0   0   3   2   +1.412538790e+05
x_fp   0   0   0   3   1   -6.485812258e+03
x_fp   0   0   0   3   0   -4.104471422e+02
x_fp   0   0   0   2   3   -3.705216692e+04
x_fp   0   0   0   2   2   +3.658681595e+03
x_fp   0   0   0   2   1   +3.399616231e+02
x_fp   0   0   0   2   0   -1.088584808e+01
x_fp   0   0   0   1   4   -4.409739364e+02
x_fp   0   0   0   1   3   -7.857437024e+02
x_fp   0   0   0   1   2   -6.264413975e+01
x_fp   0   0   0   1   1   +3.612874953e+00
x_fp   0   0   0   1   0   -4.798355522e-02
x_fp   0   0   0   0   5   +1.113964928e+03
x_fp   0   0   0   0   4   -8.741056781e+01
x_fp   0   0   0   0   3   +6.026675937e+01
x_fp   0   0   0   0   2   -2.390724278e+01
x_fp   0   0   0   0   1   +1.348005577e+01
x_fp   0   0   0   0   0   +8.538099201e-03
y_fp   5   0   0   0   0   -2.666359565e+06
y_fp   4   1   0   0   0   +2.319225779e+06
y_fp   4   0   1   0   0   +1.014727388e+07
y_fp   4   0   0   1   0   +4.543656984e+06
y_fp   4   0   0   0   1   -7.077710474e+05
y_fp   4   0   0   0   0   +1.035177344e+05
y_fp   3   2   0   0   0   +5.664758712e+05
y_fp   3   1   1   0   0   -7.499285191e+06
y_fp   3   1   0   1   0   -1.077962228e+06
y_fp   3   1   0   0   1   +1.351495384e+05
y_fp   3   1   0   0   0   +5.320291180e+03
y_fp   3   0   2   0   0   -1.465586551e+07
y_fp   3   0   1   1   0   -1.437565942e+07
y_fp   3   0   1   0   1   +2.414681827e+06
y_fp   3   0   1   0   0   -3.333742541e+05
y_fp   3   0   0   2   0   +8.498068830e+05
y_fp   3   0   0   1   1   -1.153740209e+05
y_fp   3   0   0   1   0   -2.981074257e+04
y_fp   3   0   0   0   2   +4.360057154e+04
y_fp   3   0   0   0   1   +9.593852285e+03
y_fp   3   0   0   0   0   -8.974852028e+01
y_fp   2   3   0   0   0   +4.572799110e+05
y_fp   2   2   1   0   0   -1.256645702e+06
y_fp   2   2   0   1   0   -1.080000358e+06
y_fp   2   2   0   0   1   +9.304721437e+04
y_fp   2   2   0   0   0   -3.726575142e+04
y_fp   2   1   2   0   0   +8.808534057e+06
y_fp   2   1   1   1   0   +2.568938617e+06
y_fp   2   1   1   0   1   -4.470033091e+05
y_fp   2   1   1   0   0   -3.702330481e+04
y_fp   2   1   0   2   0   +3.308257341e+05
y_fp   2   1   0   1   1   +2.816432439e+03
y_fp   2   1   0   1   0   -4.075388588e+04
y_fp   2   1   0   0   2   -8.333194783e+04
y_fp   2   1   0   0   1   -4.122010138e+03
y_fp   2   1   0   0   0   -8.495026731e+02
y_fp   2   0   3   0   0   +9.957677685e+06
y_fp   2   0   2   1   0   +1.619666448e+07
y_fp   2   0   2   0   1   -2.962454764e+06
y_fp   2   0   2   0   0   +3.889843048e+05
y_fp   2   0   1   2   0   -1.743861044e+06
y_fp   2   0   1   1   1   +2.190810271e+05
y_fp   2   0   1   1   0   +9.396649262e+04
y_fp   2   0   1   0   2   -1.311185417e+05
y_fp   2   0   1   0   1   -2.737666082e+04
y_fp   2   0   1   0   0   -5.573718817e+01
y_fp   2   0   0   3   0   -1.104162054e+06
y_fp   2   0   0   2   1   +1.473526819e+05
y_fp   2   0   0   2   0   -4.384181176e+04
y_fp   2   0   0   1   2   -1.684735069e+04
y_fp   2   0   0   1   1   +4.135021164e+03
y_fp   2   0   0   1   0   -3.860372724e+01
y_fp   2   0   0   0   3   +6.292366171e+03
y_fp   2   0   0   0   2   -2.601373815e+02
y_fp   2   0   0   0   1   -7.053206227e+01
y_fp   2   0   0   0   0   +1.087163458e+01
y_fp   1   4   0   0   0   -1.402397218e+05
y_fp   1   3   1   0   0   -3.191120191e+04
y_fp   1   3   0   1   0   +3.112082417e+05
y_fp   1   3   0   0   1   -3.718743750e+04
y_fp   1   3   0   0   0   -5.964963629e+03
y_fp   1   2   2   0   0   +1.107871801e+06
y_fp   1   2   1   1   0   +1.583298329e+06
y_fp   1   2   1   0   1   -7.054113207e+04
y_fp   1   2   1   0   0   +7.521325920e+04
y_fp   1   2   0   2   0   -2.972878403e+05
y_fp   1   2   0   1   1   +5.297570983e+04
y_fp   1   2   0   1   0   +1.057657453e+04
y_fp   1   2   0   0   2   -8.995118914e+03
y_fp   1   2   0   0   1   -8.767422347e+02
y_fp   1   2   0   0   0   +1.348546843e+02
y_fp   1   1   3   0   0   -4.394007676e+06
y_fp   1   1   2   1   0   -2.279311784e+06
y_fp   1   1   2   0   1   +4.928849313e+05
y_fp   1   1   2   0   0   +5.114390336e+04
y_fp   1   1   1   2   0   -2.530270947e+05
y_fp   1   1   1   1   1   -6.802076091e+03
y_fp   1   1   1   1   0   +6.688926385e+04
y_fp   1   1   1   0   2   +1.176298940e+05
y_fp   1   1   1   0   1   +6.623013465e+03
y_fp   1   1   1   0   0   +1.483201299e+03
y_fp   1   1   0   3   0   +8.707633540e+04
y_fp   1   1   0   2   1   -1.127142167e+04
y_fp   1   1   0   2   0   -6.622114095e+03
y_fp   1   1   0   1   2   +9.206049815e+03
y_fp   1   1   0   1   1   +1.315516742e+03
y_fp   1   1   0   1   0   +1.114192956e+02
y_fp   1   1   0   0   3   -3.759841086e+03
y_fp   1   1   0   0   2   +1.820814554e+02
y_fp   1   1   0   0   1   +1.166940582e+01
y_fp   1   1   0   0   0   +4.228748455e+00
y_fp   1   0   4   0   0   -3.181100327e+06
y_fp   1   0   3   1   0   -7.630783422e+06
y_fp   1   0   3   0   1   +1.522532032e+06
y_fp   1   0   3   0   0   -1.900125956e+05
y_fp   1   0   2   2   0   +1.142762291e+06
y_fp   1   0   2   1   1   -1.099457323e+05
y_fp   1   0   2   1   0   -9.125814981e+04
y_fp   1   0   2   0   2   +1.249533042e+05
y_fp   1   0   2   0   1   +2.533517936e+04
y_fp   1   0   2   0   0   +4.004405619e+02
y_fp   1   0   1   3   0   +1.430585058e+06
y_fp   1   0   1   2   1   -2.027518370e+05
y_fp   1   0   1   2   0   +6.365148655e+04
y_fp   1   0   1   1   2   +4.418958080e+04
y_fp   1   0   1   1   1   -5.580164648e+03
y_fp   1   0   1   1   0   +2.929627353e+02
y_fp   1   0   1   0   3   -1.171218411e+04
y_fp   1   0   1   0   2   +6.834243616e+02
y_fp   1   0   1   0   1   +1.483842386e+02
y_fp   1   0   1   0   0   -2.572146812e+01
y_fp   1   0   0   4   0   -7.655405426e+04
y_fp   1   0   0   3   1   +5.291132165e+04
y_fp   1   0   0   3   0   +5.117335084e+03
y_fp   1   0   0   2   2   -1.909862545e+04
y_fp   1   0   0   2   1   -1.102218818e+03
y_fp   1   0   0   2   0   +2.081367899e+02
y_fp   1   0   0   1   3   -2.689408330e+03
y_fp   1   0   0   1   2   -2.567339243e+02
y_fp   1   0   0   1   1   -4.688802436e+01
y_fp   1   0   0   1   0   -3.232685580e+00
y_fp   1   0   0   0   4   +2.018381376e+02
y_fp   1   0   0   0   3   -1.901202599e+02
y_fp   1   0   0   0   2   +2.619008939e+00
y_fp   1   0   0   0   1   +7.530848407e-01
y_fp   1   0   0   0   0   -5.275650883e-02
y_fp   0   5   0   0   0   +1.117191433e+05
y_fp   0   4   1   0   0   +1.204345078e+05
y_fp   0   4   0   1   0   -6.831758674e+04
y_fp   0   4   0   0   1   -1.235072908e+04
y_fp   0   4   0   0   0   -1.022973179e+03
y_fp   0   3   2   0   0   -3.733368636e+05
y_fp   0   3   1   1   0   -2.500773114e+05
y_fp   0   3   1   0   1   +3.519149867e+04
y_fp   0   3   1   0   0   +4.077596165e+03
y_fp   0   3   0   2   0   -1.544905493e+05
y_fp   0   3   0   1   1   -6.009509189e+03
y_fp   0   3   0   1   0   +1.431642681e+03
y_fp   0   3   0   0   2   +1.419339829e+03
y_fp   0   3   0   0   1   -4.602440640e+02
y_fp   0   3   0   0   0   -1.167105522e+02
y_fp   0   2   3   0   0   -3.755096748e+05
y_fp   0   2   2   1   0   -6.118739651e+05
y_fp   0   2   2   0   1   +4.185676084e+03
y_fp   0   2   2   0   0   -4.335089507e+04
y_fp   0   2   1   2   0   +1.836237842e+05
y_fp   0   2   1   1   1   -4.619874872e+04
y_fp   0   2   1   1   0   -9.016960558e+03
y_fp   0   2   1   0   2   +1.230382372e+04
y_fp   0   2   1   0   1   +8.035233412e+02
y_fp   0   2   1   0   0   -1.526502734e+02
y_fp   0   2   0   3   0   +3.670601706e+05
y_fp   0   2   0   2   1   -3.766031107e+04
y_fp   0   2   0   2   0   -6.841899715e+03
y_fp   0   2   0   1   2   -5.583803070e+03
y_fp   0   2   0   1   1   -6.290709598e+02
y_fp   0   2   0   1   0   +3.402021045e+01
y_fp   0   2   0   0   3   -1.943028371e+01
y_fp   0   2   0   0   2   +6.561122849e+01
y_fp   0   2   0   0   1   -2.806487534e+00
y_fp   0   2   0   0   0   +4.370220703e+00
y_fp   0   1   4   0   0   +7.653591716e+05
y_fp   0   1   3   1   0   +6.806481641e+05
y_fp   0   1   3   0   1   -1.673566321e+05
y_fp   0   1   3   0   0   -2.144396668e+04
y_fp   0   1   2   2   0   +2.345867245e+03
y_fp   0   1   2   1   1   -8.856129240e+03
y_fp   0   1   2   1   0   -3.263036091e+04
y_fp   0   1   2   0   2   -4.088363372e+04
y_fp   0   1   2   0   1   -3.431430762e+03
y_fp   0   1   2   0   0   -5.706973910e+02
y_fp   0   1   1   3   0   -4.411066412e+04
y_fp   0   1   1   2   1   +2.023496415e+04
y_fp   0   1   1   2   0   +2.971314028e+03
y_fp   0   1   1   1   2   -4.250503533e+03
y_fp   0   1   1   1   1   -6.270626102e+02
y_fp   0   1   1   1   0   -6.024641148e+01
y_fp   0   1   1   0   3   +4.805481665e+03
y_fp   0   1   1   0   2   +5.735476977e+01
y_fp   0   1   1   0   1   -3.771696341e+01
y_fp   0   1   1   0   0   -5.256586415e+00
y_fp   0   1   0   4   0   -3.407697780e+04
y_fp   0   1   0   3   1   -6.072492605e+04
y_fp   0   1   0   3   0   +1.127953414e+04
y_fp   0   1   0   2   2   +2.327537725e+04
y_fp   0   1   0   2   1   -1.350664446e+03
y_fp   0   1   0   2   0   -3.021838717e+01
y_fp   0   1   0   1   3   -7.737336743e+03
y_fp   0   1   0   1   2   +2.466860817e+00
y_fp   0   1   0   1   1   -2.146975642e+01
y_fp   0   1   0   1   0   +3.510890851e+00
y_fp   0   1   0   0   4   +1.018482484e+03
y_fp   0   1   0   0   3   -3.157279422e+02
y_fp   0   1   0   0   2   +6.288042760e+01
y_fp   0   1   0   0   1   -8.639419098e+00
y_fp   0   1   0   0   0   +2.158929211e-01
y_fp   0   0   5   0   0   +3.787419544e+05
y_fp   0   0   4   1   0   +1.281821424e+06
y_fp   0   0   4   0   1   -2.799143264e+05
y_fp   0   0   4   0   0   +3.313794779e+04
y_fp   0   0   3   2   0   -2.628681782e+05
y_fp   0   0   3   1   1   +1.147905560e+04
y_fp   0   0   3   1   0   +2.715614471e+04
y_fp   0   0   3   0   2   -3.560230505e+04
y_fp   0   0   3   0   1   -7.560696173e+03
y_fp   0   0   3   0   0   -1.979864662e+02
y_fp   0   0   2   3   0   -3.733199135e+05
y_fp   0   0   2   2   1   +4.449600250e+04
y_fp   0   0   2   2   0   -2.322570336e+04
y_fp   0   0   2   1   2   -1.494858202e+04
y_fp   0   0   2   1   1   +1.185201093e+03
y_fp   0   0   2   1   0   -2.127256460e+02
y_fp   0   0   2   0   3   +4.002491735e+03
y_fp   0   0   2   0   2   -2.451953041e+02
y_fp   0   0   2   0   1   -4.615553230e+01
y_fp   0   0   2   0   0   +7.660018360e+00
y_fp   0   0   1   4   0   +5.889719193e+04
y_fp   0   0   1   3   1   -4.630220005e+04
y_fp   0   0   1   3   0   -4.229057643e+03
y_fp   0   0   1   2   2   +1.850957795e+04
y_fp   0   0   1   2   1   +1.154831011e+03
y_fp   0   0   1   2   0   -1.261521174e+02
y_fp   0   0   1   1   3   -1.072755835e+03
y_fp   0   0   1   1   2   +8.650597245e+02
y_fp   0   0   1   1   1   +5.730523857e+01
y_fp   0   0   1   1   0   +1.252070556e+01
y_fp   0   0   1   0   4   -4.488959646e+02
y_fp   0   0   1   0   3   +9.022163709e+01
y_fp   0   0   1   0   2   -7.801092063e-01
y_fp   0   0   1   0   1   -2.209579087e+00
y_fp   0   0   1   0   0   +9.945659165e-02
y_fp   0   0   0   5   0   +6.679912047e+04
y_fp   0   0   0   4   1   -5.611756450e+04
y_fp   0   0   0   4   0   -3.126232669e+01
y_fp   0   0   0   3   2   +1.240767319e+04
y_fp   0   0   0   3   1   -2.611244299e+03
y_fp   0   0   0   3   0   +2.980226194e+01
y_fp   0   0   0   2   3   -6.159507489e+03
y_fp   0   0   0   2   2   +7.886771695e+02
y_fp   0   0   0   2   1   -2.031927906e-01
y_fp   0   0   0   2   0   +2.689129847e+00
y_fp   0   0   0   1   4   +3.164462524e+03
y_fp   0   0   0   1   3   -6.324948539e+02
y_fp   0   0   0   1   2   +8.766209552e+01
y_fp   0   0   0   1   1   -1.896741910e+00
y_fp   0   0   0   1   0   -1.685324624e+00
y_fp   0   0   0   0   5   -2.073830377e+02
y_fp   0   0   0   0   4   +7.185689306e+01
y_fp   0   0   0   0   3   -7.705952856e+00
y_fp   0   0   0   0   2   -7.297165272e-03
y_fp   0   0   0   0   1   +1.590442333e-01
y_fp   0   0   0   0   0   -5.636156575e-03
