# Polynomial metadata: 
# -- Order: 4
# -- Trained on data: 'data/mc/mc_L_production.root'
# -- Input branches: { x_sv y_sv dxdz_sv dydz_sv dpp_sv }
# -- Time created: Thu Jan 22 10:43:56 2026

poly-DoF 5
is-RHRS 0
dpp_q1   4   0   0   0   0   -1.142678695e+04
dpp_q1   3   1   0   0   0   +1.848061207e+03
dpp_q1   3   0   1   0   0   +3.699119723e+04
dpp_q1   3   0   0   1   0   -1.145480027e+03
dpp_q1   3   0   0   0   1   +5.718355854e+02
dpp_q1   3   0   0   0   0   +8.948241705e+01
dpp_q1   2   2   0   0   0   +2.423276778e+03
dpp_q1   2   1   1   0   0   -4.453817593e+03
dpp_q1   2   1   0   1   0   -7.577331015e+01
dpp_q1   2   1   0   0   1   -8.942808290e+02
dpp_q1   2   1   0   0   0   +2.224518692e+01
dpp_q1   2   0   2   0   0   -4.216079901e+04
dpp_q1   2   0   1   1   0   +1.384901022e+03
dpp_q1   2   0   1   0   1   -1.318494398e+03
dpp_q1   2   0   1   0   0   -2.353795012e+02
dpp_q1   2   0   0   2   0   +3.448301438e+03
dpp_q1   2   0   0   1   1   -1.326580670e+03
dpp_q1   2   0   0   1   0   +9.982052333e+01
dpp_q1   2   0   0   0   2   +3.848557651e+02
dpp_q1   2   0   0   0   1   -2.555669807e+01
dpp_q1   2   0   0   0   0   -1.129396061e+00
dpp_q1   1   3   0   0   0   -1.091208239e+02
dpp_q1   1   2   1   0   0   -3.303727311e+03
dpp_q1   1   2   0   1   0   +1.118040854e+02
dpp_q1   1   2   0   0   1   -4.456937388e+01
dpp_q1   1   2   0   0   0   -8.725409840e+00
dpp_q1   1   1   2   0   0   +3.662827390e+03
dpp_q1   1   1   1   1   0   -1.015821341e+03
dpp_q1   1   1   1   0   1   +1.643649308e+03
dpp_q1   1   1   1   0   0   -5.616529650e+01
dpp_q1   1   1   0   2   0   +4.761277494e+02
dpp_q1   1   1   0   1   1   -3.041179064e+02
dpp_q1   1   1   0   1   0   +1.549557049e+01
dpp_q1   1   1   0   0   2   +1.919404593e+01
dpp_q1   1   1   0   0   1   -6.454381631e-02
dpp_q1   1   1   0   0   0   -1.274349363e-01
dpp_q1   1   0   3   0   0   +1.981115990e+04
dpp_q1   1   0   2   1   0   -1.355469092e+02
dpp_q1   1   0   2   0   1   +8.864374701e+02
dpp_q1   1   0   2   0   0   +1.946446255e+02
dpp_q1   1   0   1   2   0   -3.985954271e+03
dpp_q1   1   0   1   1   1   +1.750906004e+03
dpp_q1   1   0   1   1   0   -1.326262638e+02
dpp_q1   1   0   1   0   2   -6.135804773e+02
dpp_q1   1   0   1   0   1   +4.174816075e+01
dpp_q1   1   0   1   0   0   +1.556823649e+00
dpp_q1   1   0   0   3   0   -1.908894950e+02
dpp_q1   1   0   0   2   1   -7.935450957e+01
dpp_q1   1   0   0   2   0   -1.411959067e+01
dpp_q1   1   0   0   1   2   +1.751127816e+02
dpp_q1   1   0   0   1   1   -3.844055706e+00
dpp_q1   1   0   0   1   0   -2.088453194e-01
dpp_q1   1   0   0   0   3   -2.382830549e+01
dpp_q1   1   0   0   0   2   +1.130097696e+00
dpp_q1   1   0   0   0   1   +1.575153247e-01
dpp_q1   1   0   0   0   0   +2.431762691e-03
dpp_q1   0   4   0   0   0   +8.288614485e+01
dpp_q1   0   3   1   0   0   +9.402505767e+01
dpp_q1   0   3   0   1   0   +2.744018551e+01
dpp_q1   0   3   0   0   1   +1.802032749e+01
dpp_q1   0   3   0   0   0   +2.004760737e+00
dpp_q1   0   2   2   0   0   +1.130590630e+03
dpp_q1   0   2   1   1   0   -7.697127153e+01
dpp_q1   0   2   1   0   1   +3.372282158e+01
dpp_q1   0   2   1   0   0   +7.047812869e+00
dpp_q1   0   2   0   2   0   -2.826059884e+02
dpp_q1   0   2   0   1   1   +2.041767895e+02
dpp_q1   0   2   0   1   0   +4.671409440e+00
dpp_q1   0   2   0   0   2   -5.913721955e+01
dpp_q1   0   2   0   0   1   -6.957592999e-01
dpp_q1   0   2   0   0   0   -1.703037076e-02
dpp_q1   0   1   3   0   0   -9.742851635e+02
dpp_q1   0   1   2   1   0   +4.878268062e+02
dpp_q1   0   1   2   0   1   -6.908510771e+02
dpp_q1   0   1   2   0   0   +2.782254733e+01
dpp_q1   0   1   1   2   0   -3.861002726e+02
dpp_q1   0   1   1   1   1   +3.400422628e+02
dpp_q1   0   1   1   1   0   -9.042132342e+00
dpp_q1   0   1   1   0   2   -6.132357492e+01
dpp_q1   0   1   1   0   1   -6.081342370e-01
dpp_q1   0   1   1   0   0   +1.335164256e-01
dpp_q1   0   1   0   3   0   -6.157091085e+01
dpp_q1   0   1   0   2   1   +1.163681235e+02
dpp_q1   0   1   0   2   0   -1.193807443e+01
dpp_q1   0   1   0   1   2   -8.899243106e+01
dpp_q1   0   1   0   1   1   +4.914113306e+00
dpp_q1   0   1   0   1   0   +1.143719053e-01
dpp_q1   0   1   0   0   3   +1.297799007e+01
dpp_q1   0   1   0   0   2   -6.437423893e-01
dpp_q1   0   1   0   0   1   -4.774250292e-02
dpp_q1   0   1   0   0   0   +7.315233372e-04
dpp_q1   0   0   4   0   0   -3.341002483e+03
dpp_q1   0   0   3   1   0   -1.376674460e+01
dpp_q1   0   0   3   0   1   -1.960205368e+02
dpp_q1   0   0   3   0   0   -4.956472023e+01
dpp_q1   0   0   2   2   0   +6.894678183e+02
dpp_q1   0   0   2   1   1   -4.019020926e+02
dpp_q1   0   0   2   1   0   +3.568650585e+01
dpp_q1   0   0   2   0   2   +2.104845994e+02
dpp_q1   0   0   2   0   1   -1.632963395e+01
dpp_q1   0   0   2   0   0   -2.528868394e-01
dpp_q1   0   0   1   3   0   +2.533416826e+02
dpp_q1   0   0   1   2   1   -5.853486100e+00
dpp_q1   0   0   1   2   0   +1.093798042e+01
dpp_q1   0   0   1   1   2   -1.437010167e+02
dpp_q1   0   0   1   1   1   +3.949092673e+00
dpp_q1   0   0   1   1   0   +1.436534255e-02
dpp_q1   0   0   1   0   3   +3.342381456e+01
dpp_q1   0   0   1   0   2   -1.048686006e+00
dpp_q1   0   0   1   0   1   -1.156382557e-01
dpp_q1   0   0   1   0   0   -2.317001232e-03
dpp_q1   0   0   0   4   0   -4.565030491e+02
dpp_q1   0   0   0   3   1   +2.707300283e+02
dpp_q1   0   0   0   3   0   -5.252291742e+00
dpp_q1   0   0   0   2   2   -9.885575086e+01
dpp_q1   0   0   0   2   1   +3.224567014e+00
dpp_q1   0   0   0   2   0   +2.919808977e-01
dpp_q1   0   0   0   1   3   +3.019754865e+01
dpp_q1   0   0   0   1   2   -1.412299203e+00
dpp_q1   0   0   0   1   1   -1.323298524e-01
dpp_q1   0   0   0   1   0   +2.690578268e-03
dpp_q1   0   0   0   0   4   -2.018375830e+00
dpp_q1   0   0   0   0   3   +1.286315171e-01
dpp_q1   0   0   0   0   2   +3.266678585e-02
dpp_q1   0   0   0   0   1   +9.994832853e-01
dpp_q1   0   0   0   0   0   +4.117336942e-04
dxdz_q1   4   0   0   0   0   +5.024619358e+03
dxdz_q1   3   1   0   0   0   +3.411806311e+03
dxdz_q1   3   0   1   0   0   -1.462972203e+04
dxdz_q1   3   0   0   1   0   +8.851489887e+02
dxdz_q1   3   0   0   0   1   -2.359026139e+02
dxdz_q1   3   0   0   0   0   -5.911037134e+01
dxdz_q1   2   2   0   0   0   -4.196654589e+02
dxdz_q1   2   1   1   0   0   -8.001298402e+03
dxdz_q1   2   1   0   1   0   +1.043794238e+03
dxdz_q1   2   1   0   0   1   +2.374013260e+02
dxdz_q1   2   1   0   0   0   +2.771337518e-01
dxdz_q1   2   0   2   0   0   +1.581262614e+04
dxdz_q1   2   0   1   1   0   -3.454703271e+03
dxdz_q1   2   0   1   0   1   +6.851497389e+02
dxdz_q1   2   0   1   0   0   +3.070142221e+02
dxdz_q1   2   0   0   2   0   -4.842279642e+02
dxdz_q1   2   0   0   1   1   +8.133203221e+01
dxdz_q1   2   0   0   1   0   +4.373430559e+01
dxdz_q1   2   0   0   0   2   -5.510249276e+01
dxdz_q1   2   0   0   0   1   -5.520852496e+00
dxdz_q1   2   0   0   0   0   +1.184207521e-01
dxdz_q1   1   3   0   0   0   +3.554529808e+03
dxdz_q1   1   2   1   0   0   +2.820712444e+02
dxdz_q1   1   2   0   1   0   +2.931315812e+03
dxdz_q1   1   2   0   0   1   -1.123700522e+02
dxdz_q1   1   2   0   0   0   +9.723831665e+01
dxdz_q1   1   1   2   0   0   -2.138055216e+02
dxdz_q1   1   1   1   1   0   -2.070623596e+03
dxdz_q1   1   1   1   0   1   -2.577697541e+02
dxdz_q1   1   1   1   0   0   -8.481850551e+00
dxdz_q1   1   1   0   2   0   +4.961431085e+03
dxdz_q1   1   1   0   1   1   -3.784611609e+02
dxdz_q1   1   1   0   1   0   +8.983538048e+01
dxdz_q1   1   1   0   0   2   +2.661833978e+01
dxdz_q1   1   1   0   0   1   -5.507436323e+00
dxdz_q1   1   1   0   0   0   +1.426657067e+00
dxdz_q1   1   0   3   0   0   -7.611189875e+03
dxdz_q1   1   0   2   1   0   +1.476647924e+03
dxdz_q1   1   0   2   0   1   -6.160425340e+02
dxdz_q1   1   0   2   0   0   -3.711696234e+02
dxdz_q1   1   0   1   2   0   +1.487323852e+03
dxdz_q1   1   0   1   1   1   -3.114347657e+02
dxdz_q1   1   0   1   1   0   -6.473874002e+01
dxdz_q1   1   0   1   0   2   +8.651125946e+01
dxdz_q1   1   0   1   0   1   +8.185892107e+00
dxdz_q1   1   0   1   0   0   -6.716350037e-01
dxdz_q1   1   0   0   3   0   +1.142524001e+03
dxdz_q1   1   0   0   2   1   +8.110856065e+01
dxdz_q1   1   0   0   2   0   +7.280685006e+01
dxdz_q1   1   0   0   1   2   -6.015922975e+01
dxdz_q1   1   0   0   1   1   -2.655786444e+00
dxdz_q1   1   0   0   1   0   +2.171456740e+00
dxdz_q1   1   0   0   0   3   +4.246611997e+00
dxdz_q1   1   0   0   0   2   -1.256767573e+00
dxdz_q1   1   0   0   0   1   -7.969752924e-02
dxdz_q1   1   0   0   0   0   -1.601073657e-02
dxdz_q1   0   4   0   0   0   +8.838642598e+00
dxdz_q1   0   3   1   0   0   -3.377080239e+03
dxdz_q1   0   3   0   1   0   +6.585949671e+01
dxdz_q1   0   3   0   0   1   -2.365198646e+01
dxdz_q1   0   3   0   0   0   -4.417694825e+00
dxdz_q1   0   2   2   0   0   +1.204171733e+01
dxdz_q1   0   2   1   1   0   -1.198295217e+03
dxdz_q1   0   2   1   0   1   +1.001670311e+02
dxdz_q1   0   2   1   0   0   -1.205430001e+02
dxdz_q1   0   2   0   2   0   -1.991978321e+02
dxdz_q1   0   2   0   1   1   +3.164236286e+01
dxdz_q1   0   2   0   1   0   -1.123973734e+00
dxdz_q1   0   2   0   0   2   +4.530308421e+00
dxdz_q1   0   2   0   0   1   -5.144763836e-01
dxdz_q1   0   2   0   0   0   -1.111334560e-01
dxdz_q1   0   1   3   0   0   +1.534430621e+03
dxdz_q1   0   1   2   1   0   +8.570939683e+02
dxdz_q1   0   1   2   0   1   +6.642546416e+01
dxdz_q1   0   1   2   0   0   +1.460684799e+01
dxdz_q1   0   1   1   2   0   -2.493355169e+03
dxdz_q1   0   1   1   1   1   +2.029410488e+02
dxdz_q1   0   1   1   1   0   -9.612967521e+01
dxdz_q1   0   1   1   0   2   +2.607035807e+01
dxdz_q1   0   1   1   0   1   -2.366391292e-01
dxdz_q1   0   1   1   0   0   +3.307517631e+00
dxdz_q1   0   1   0   3   0   +1.530956659e+02
dxdz_q1   0   1   0   2   1   -5.137689801e+01
dxdz_q1   0   1   0   2   0   -1.300080616e+01
dxdz_q1   0   1   0   1   2   +1.013681932e+01
dxdz_q1   0   1   0   1   1   +1.252009635e+00
dxdz_q1   0   1   0   1   0   -1.090911655e-01
dxdz_q1   0   1   0   0   3   -8.409903298e+00
dxdz_q1   0   1   0   0   2   +1.586351022e-01
dxdz_q1   0   1   0   0   1   +1.901855832e-02
dxdz_q1   0   1   0   0   0   -1.567429857e-03
dxdz_q1   0   0   4   0   0   +1.323721480e+03
dxdz_q1   0   0   3   1   0   -7.275585774e+02
dxdz_q1   0   0   3   0   1   +8.970444219e+01
dxdz_q1   0   0   3   0   0   +1.497649608e+02
dxdz_q1   0   0   2   2   0   -9.582487315e+02
dxdz_q1   0   0   2   1   1   +2.417654447e+02
dxdz_q1   0   0   2   1   0   +2.429391577e+01
dxdz_q1   0   0   2   0   2   -3.094288152e+01
dxdz_q1   0   0   2   0   1   -2.764641735e+00
dxdz_q1   0   0   2   0   0   +5.590490959e-01
dxdz_q1   0   0   1   3   0   -5.563795037e+02
dxdz_q1   0   0   1   2   1   -1.642437732e+02
dxdz_q1   0   0   1   2   0   -4.214474565e+01
dxdz_q1   0   0   1   1   2   +6.535545976e+01
dxdz_q1   0   0   1   1   1   -4.482054189e+00
dxdz_q1   0   0   1   1   0   +1.841853722e+00
dxdz_q1   0   0   1   0   3   -9.762537240e+00
dxdz_q1   0   0   1   0   2   +1.874601448e+00
dxdz_q1   0   0   1   0   1   -8.724770098e-02
dxdz_q1   0   0   1   0   0   +1.063606869e+00
dxdz_q1   0   0   0   4   0   -1.431756204e+01
dxdz_q1   0   0   0   3   1   +3.299432076e+00
dxdz_q1   0   0   0   3   0   +1.340334005e+00
dxdz_q1   0   0   0   2   2   +1.588282397e+01
dxdz_q1   0   0   0   2   1   -3.891954191e-01
dxdz_q1   0   0   0   2   0   -9.886934780e-02
dxdz_q1   0   0   0   1   3   -1.020338719e+01
dxdz_q1   0   0   0   1   2   +5.193897519e-02
dxdz_q1   0   0   0   1   1   +4.317918582e-03
dxdz_q1   0   0   0   1   0   -2.949881673e-03
dxdz_q1   0   0   0   0   4   -1.136187412e+00
dxdz_q1   0   0   0   0   3   +2.099182713e-02
dxdz_q1   0   0   0   0   2   -8.432400673e-04
dxdz_q1   0   0   0   0   1   +1.057451764e-04
dxdz_q1   0   0   0   0   0   +8.233839215e-06
dydz_q1   4   0   0   0   0   +2.084114790e+04
dydz_q1   3   1   0   0   0   +1.892661338e+03
dydz_q1   3   0   1   0   0   -5.915683737e+04
dydz_q1   3   0   0   1   0   +1.081956829e+03
dydz_q1   3   0   0   0   1   +3.708789553e+02
dydz_q1   3   0   0   0   0   -8.631058684e+01
dydz_q1   2   2   0   0   0   +7.767953658e+03
dydz_q1   2   1   1   0   0   -4.129267000e+03
dydz_q1   2   1   0   1   0   -3.991230392e+03
dydz_q1   2   1   0   0   1   -2.582900064e+02
dydz_q1   2   1   0   0   0   -4.848488688e+02
dydz_q1   2   0   2   0   0   +5.864885250e+04
dydz_q1   2   0   1   1   0   -1.215028383e+03
dydz_q1   2   0   1   0   1   -1.241099982e+03
dydz_q1   2   0   1   0   0   +1.897421357e+02
dydz_q1   2   0   0   2   0   -9.557713922e+03
dydz_q1   2   0   0   1   1   +2.040524182e+02
dydz_q1   2   0   0   1   0   -4.001185083e+02
dydz_q1   2   0   0   0   2   -4.448121825e+02
dydz_q1   2   0   0   0   1   -3.030439242e+01
dydz_q1   2   0   0   0   0   -4.691532655e+00
dydz_q1   1   3   0   0   0   -1.788617733e+02
dydz_q1   1   2   1   0   0   +1.568275055e+03
dydz_q1   1   2   0   1   0   +2.555418768e+02
dydz_q1   1   2   0   0   1   -3.668905100e+01
dydz_q1   1   2   0   0   0   -2.653093090e+01
dydz_q1   1   1   2   0   0   +2.573245267e+03
dydz_q1   1   1   1   1   0   +1.057262787e+04
dydz_q1   1   1   1   0   1   +8.312761662e+02
dydz_q1   1   1   1   0   0   +9.277548772e+02
dydz_q1   1   1   0   2   0   -5.414685523e+02
dydz_q1   1   1   0   1   1   +2.605711193e+02
dydz_q1   1   1   0   1   0   +3.950167101e+00
dydz_q1   1   1   0   0   2   -2.742524927e+01
dydz_q1   1   1   0   0   1   +2.805894591e+00
dydz_q1   1   1   0   0   0   +1.339163202e+00
dydz_q1   1   0   3   0   0   -2.494511333e+04
dydz_q1   1   0   2   1   0   -3.579515612e+02
dydz_q1   1   0   2   0   1   +1.330477894e+03
dydz_q1   1   0   2   0   0   -1.316903861e+02
dydz_q1   1   0   1   2   0   +1.440111653e+04
dydz_q1   1   0   1   1   1   -4.585231733e+02
dydz_q1   1   0   1   1   0   +6.340205432e+02
dydz_q1   1   0   1   0   2   +7.726620263e+02
dydz_q1   1   0   1   0   1   +5.214887881e+01
dydz_q1   1   0   1   0   0   +1.156061285e+01
dydz_q1   1   0   0   3   0   -7.398725279e+02
dydz_q1   1   0   0   2   1   +7.149887914e+01
dydz_q1   1   0   0   2   0   +1.803675295e+01
dydz_q1   1   0   0   1   2   -6.840294413e+01
dydz_q1   1   0   0   1   1   -2.898716750e+00
dydz_q1   1   0   0   1   0   +1.261032569e+00
dydz_q1   1   0   0   0   3   -7.640493203e+00
dydz_q1   1   0   0   0   2   +1.301041564e+00
dydz_q1   1   0   0   0   1   +6.175620707e-02
dydz_q1   1   0   0   0   0   +1.259155713e-02
dydz_q1   0   4   0   0   0   +3.188987661e+03
dydz_q1   0   3   1   0   0   +8.071101672e+01
dydz_q1   0   3   0   1   0   +1.900641109e+02
dydz_q1   0   3   0   0   1   -8.421277682e+01
dydz_q1   0   3   0   0   0   +4.754297164e+01
dydz_q1   0   2   2   0   0   -4.814080811e+03
dydz_q1   0   2   1   1   0   -2.607909981e+02
dydz_q1   0   2   1   0   1   +3.964265378e+01
dydz_q1   0   2   1   0   0   +2.452724465e+00
dydz_q1   0   2   0   2   0   +2.394224683e+02
dydz_q1   0   2   0   1   1   -1.057650675e+02
dydz_q1   0   2   0   1   0   +4.512371375e+01
dydz_q1   0   2   0   0   2   +3.723383856e+01
dydz_q1   0   2   0   0   1   -2.498559338e+00
dydz_q1   0   2   0   0   0   -3.702127348e+00
dydz_q1   0   1   3   0   0   -4.795199755e+02
dydz_q1   0   1   2   1   0   -3.815871369e+03
dydz_q1   0   1   2   0   1   -5.204995443e+02
dydz_q1   0   1   2   0   0   -4.887670725e+02
dydz_q1   0   1   1   2   0   +4.404011768e+02
dydz_q1   0   1   1   1   1   -1.641590861e+02
dydz_q1   0   1   1   1   0   -1.122327243e+01
dydz_q1   0   1   1   0   2   +2.750569884e+01
dydz_q1   0   1   1   0   1   -2.621169927e+00
dydz_q1   0   1   1   0   0   -1.181640755e+00
dydz_q1   0   1   0   3   0   +8.371914312e+02
dydz_q1   0   1   0   2   1   -2.251343790e+02
dydz_q1   0   1   0   2   0   -2.235018875e+00
dydz_q1   0   1   0   1   2   +3.106475440e+00
dydz_q1   0   1   0   1   1   +1.004380637e+00
dydz_q1   0   1   0   1   0   -1.645427018e+00
dydz_q1   0   1   0   0   3   +2.603540406e+00
dydz_q1   0   1   0   0   2   +2.371355787e-01
dydz_q1   0   1   0   0   1   +8.549499209e-02
dydz_q1   0   1   0   0   0   -1.089048878e-02
dydz_q1   0   0   4   0   0   +3.470213223e+03
dydz_q1   0   0   3   1   0   +4.114749907e+02
dydz_q1   0   0   3   0   1   -4.182308593e+02
dydz_q1   0   0   3   0   0   +2.954229634e+01
dydz_q1   0   0   2   2   0   -3.887299812e+03
dydz_q1   0   0   2   1   1   +1.537209855e+02
dydz_q1   0   0   2   1   0   -2.704028380e+02
dydz_q1   0   0   2   0   2   -3.092328705e+02
dydz_q1   0   0   2   0   1   -2.547140327e+01
dydz_q1   0   0   2   0   0   -3.162881123e+00
dydz_q1   0   0   1   3   0   +6.287454135e+02
dydz_q1   0   0   1   2   1   -6.603008219e+01
dydz_q1   0   0   1   2   0   -1.433777758e+01
dydz_q1   0   0   1   1   2   +5.858975025e+01
dydz_q1   0   0   1   1   1   +3.612635415e+00
dydz_q1   0   0   1   1   0   -9.849086479e-01
dydz_q1   0   0   1   0   3   +6.982063162e+00
dydz_q1   0   0   1   0   2   -1.190508171e+00
dydz_q1   0   0   1   0   1   -8.480193912e-02
dydz_q1   0   0   1   0   0   -1.434531612e-02
dydz_q1   0   0   0   4   0   +2.472897020e+02
dydz_q1   0   0   0   3   1   -3.185384596e+02
dydz_q1   0   0   0   3   0   +1.266557113e+01
dydz_q1   0   0   0   2   2   +9.189508686e+01
dydz_q1   0   0   0   2   1   -3.522395877e+00
dydz_q1   0   0   0   2   0   -1.588299240e+00
dydz_q1   0   0   0   1   3   -4.337941420e+01
dydz_q1   0   0   0   1   2   +4.714311187e-01
dydz_q1   0   0   0   1   1   +2.783640124e-01
dydz_q1   0   0   0   1   0   +1.003358005e+00
dydz_q1   0   0   0   0   4   -3.888069853e+00
dydz_q1   0   0   0   0   3   -1.444593864e-01
dydz_q1   0   0   0   0   2   +1.225032484e-01
dydz_q1   0   0   0   0   1   -1.325989436e-01
dydz_q1   0   0   0   0   0   +7.470693764e-03
x_q1   4   0   0   0   0   +2.291446674e+03
x_q1   3   1   0   0   0   +4.371225556e+03
x_q1   3   0   1   0   0   -5.962063959e+03
x_q1   3   0   0   1   0   +2.564098607e+02
x_q1   3   0   0   0   1   +6.314876390e+01
x_q1   3   0   0   0   0   -1.201793962e+02
x_q1   2   2   0   0   0   +8.837089425e+01
x_q1   2   1   1   0   0   -9.238599488e+03
x_q1   2   1   0   1   0   +3.738841606e+02
x_q1   2   1   0   0   1   +4.618884903e+02
x_q1   2   1   0   0   0   +1.009267056e+01
x_q1   2   0   2   0   0   +6.113555828e+03
x_q1   2   0   1   1   0   -1.474990453e+03
x_q1   2   0   1   0   1   -1.672857604e+02
x_q1   2   0   1   0   0   +6.046981470e+02
x_q1   2   0   0   2   0   -4.702662370e+02
x_q1   2   0   0   1   1   +1.245659422e+02
x_q1   2   0   0   1   0   +4.398741506e+01
x_q1   2   0   0   0   2   -9.576327818e+01
x_q1   2   0   0   0   1   -4.099898001e+00
x_q1   2   0   0   0   0   +4.271610820e-01
x_q1   1   3   0   0   0   +5.487046007e+03
x_q1   1   2   1   0   0   -4.813514681e+02
x_q1   1   2   0   1   0   +4.368151491e+03
x_q1   1   2   0   0   1   -2.264978452e+02
x_q1   1   2   0   0   0   +1.650173771e+02
x_q1   1   1   2   0   0   -3.321015342e+03
x_q1   1   1   1   1   0   -1.256733147e+03
x_q1   1   1   1   0   1   -6.048982406e+02
x_q1   1   1   1   0   0   -3.584028441e+01
x_q1   1   1   0   2   0   +7.481418339e+03
x_q1   1   1   0   1   1   -5.051722575e+02
x_q1   1   1   0   1   0   +1.348855355e+02
x_q1   1   1   0   0   2   +1.558974919e+01
x_q1   1   1   0   0   1   -5.594607880e+00
x_q1   1   1   0   0   0   +1.465104377e+00
x_q1   1   0   3   0   0   -3.196866754e+03
x_q1   1   0   2   1   0   +1.879297413e+02
x_q1   1   0   2   0   1   +8.976735022e+01
x_q1   1   0   2   0   0   -7.388375446e+02
x_q1   1   0   1   2   0   +1.638639158e+03
x_q1   1   0   1   1   1   -4.066723288e+02
x_q1   1   0   1   1   0   -5.970370190e+01
x_q1   1   0   1   0   2   +1.541109781e+02
x_q1   1   0   1   0   1   +4.480580324e+00
x_q1   1   0   1   0   0   -1.599332065e+00
x_q1   1   0   0   3   0   +1.975800910e+03
x_q1   1   0   0   2   1   +1.101918431e+02
x_q1   1   0   0   2   0   +1.114216360e+02
x_q1   1   0   0   1   2   -7.936673594e+01
x_q1   1   0   0   1   1   -2.244028948e+00
x_q1   1   0   0   1   0   +1.737013754e+00
x_q1   1   0   0   0   3   +5.799431101e+00
x_q1   1   0   0   0   2   -2.136395374e+00
x_q1   1   0   0   0   1   +3.392150657e-02
x_q1   1   0   0   0   0   +9.351314700e-01
x_q1   0   4   0   0   0   +8.730668342e+00
x_q1   0   3   1   0   0   -5.908851089e+03
x_q1   0   3   0   1   0   +1.518069854e+02
x_q1   0   3   0   0   1   -4.587869984e+01
x_q1   0   3   0   0   0   -7.547344077e+00
x_q1   0   2   2   0   0   +2.963426187e+02
x_q1   0   2   1   1   0   -2.391379069e+03
x_q1   0   2   1   0   1   +1.918375532e+02
x_q1   0   2   1   0   0   -2.125951367e+02
x_q1   0   2   0   2   0   -3.716607365e+02
x_q1   0   2   0   1   1   +6.460316454e+01
x_q1   0   2   0   1   0   +2.984574853e-01
x_q1   0   2   0   0   2   +9.770539777e+00
x_q1   0   2   0   0   1   -9.134013303e-01
x_q1   0   2   0   0   0   -2.037613879e-01
x_q1   0   1   3   0   0   +3.998457328e+03
x_q1   0   1   2   1   0   +5.105658312e+02
x_q1   0   1   2   0   1   +2.244898797e+02
x_q1   0   1   2   0   0   +3.397356594e+01
x_q1   0   1   1   2   0   -4.353084377e+03
x_q1   0   1   1   1   1   +3.251055794e+02
x_q1   0   1   1   1   0   -1.867978792e+02
x_q1   0   1   1   0   2   +4.475183476e+01
x_q1   0   1   1   0   1   +1.332395937e+00
x_q1   0   1   1   0   0   +3.491299734e+00
x_q1   0   1   0   3   0   +2.313915659e+02
x_q1   0   1   0   2   1   -9.156733868e+01
x_q1   0   1   0   2   0   -2.118055975e+01
x_q1   0   1   0   1   2   +1.514092775e+01
x_q1   0   1   0   1   1   +2.016411805e+00
x_q1   0   1   0   1   0   -1.428516238e-01
x_q1   0   1   0   0   3   -1.512969612e+01
x_q1   0   1   0   0   2   +3.213935701e-01
x_q1   0   1   0   0   1   +2.818619272e-02
x_q1   0   1   0   0   0   -1.396841311e-03
x_q1   0   0   4   0   0   +6.405480576e+02
x_q1   0   0   3   1   0   -6.449499329e+02
x_q1   0   0   3   0   1   -9.644486404e+01
x_q1   0   0   3   0   0   +2.912607200e+02
x_q1   0   0   2   2   0   -1.110292499e+03
x_q1   0   0   2   1   1   +2.997838329e+02
x_q1   0   0   2   1   0   +1.734099987e+01
x_q1   0   0   2   0   2   -5.436521924e+01
x_q1   0   0   2   0   1   -2.220698286e-01
x_q1   0   0   2   0   0   +1.163122274e+00
x_q1   0   0   1   3   0   -1.327810178e+03
x_q1   0   0   1   2   1   -1.832838149e+02
x_q1   0   0   1   2   0   -8.789081741e+01
x_q1   0   0   1   1   2   +7.661633933e+01
x_q1   0   0   1   1   1   -2.092480968e+00
x_q1   0   0   1   1   0   +1.893181149e-01
x_q1   0   0   1   0   3   -8.309594482e+00
x_q1   0   0   1   0   2   +2.450645906e+00
x_q1   0   0   1   0   1   -2.676753023e-02
x_q1   0   0   1   0   0   +2.028019405e+00
x_q1   0   0   0   4   0   -2.642567956e+01
x_q1   0   0   0   3   1   +1.460572199e+01
x_q1   0   0   0   3   0   +1.406258103e+00
x_q1   0   0   0   2   2   +2.740490774e+01
x_q1   0   0   0   2   1   -4.697944882e-01
x_q1   0   0   0   2   0   -1.527236427e-01
x_q1   0   0   0   1   3   -1.668096520e+01
x_q1   0   0   0   1   2   +7.833277354e-02
x_q1   0   0   0   1   1   +4.221599636e-03
x_q1   0   0   0   1   0   -2.149141442e-03
x_q1   0   0   0   0   4   -2.907582509e+00
x_q1   0   0   0   0   3   +6.537864061e-03
x_q1   0   0   0   0   2   -7.622698522e-04
x_q1   0   0   0   0   1   -8.900095717e-05
x_q1   0   0   0   0   0   -1.234989002e-03
y_q1   4   0   0   0   0   +3.727473197e+04
y_q1   3   1   0   0   0   +3.844940883e+03
y_q1   3   0   1   0   0   -1.050582944e+05
y_q1   3   0   0   1   0   +2.247324163e+03
y_q1   3   0   0   0   1   +8.310805295e+02
y_q1   3   0   0   0   0   -1.107320156e+02
y_q1   2   2   0   0   0   +1.529974408e+04
y_q1   2   1   1   0   0   -8.997993044e+03
y_q1   2   1   0   1   0   -7.882154359e+03
y_q1   2   1   0   0   1   -7.010351937e+02
y_q1   2   1   0   0   0   -8.339575678e+02
y_q1   2   0   2   0   0   +1.043375444e+05
y_q1   2   0   1   1   0   -2.827157340e+03
y_q1   2   0   1   0   1   -2.537638583e+03
y_q1   2   0   1   0   0   +2.243562284e+02
y_q1   2   0   0   2   0   -1.511372344e+04
y_q1   2   0   0   1   1   +6.794567642e+01
y_q1   2   0   0   1   0   -6.664776479e+02
y_q1   2   0   0   0   2   -7.077781863e+02
y_q1   2   0   0   0   1   -5.495683748e+01
y_q1   2   0   0   0   0   -9.901768884e+00
y_q1   1   3   0   0   0   -4.218126788e+02
y_q1   1   2   1   0   0   -7.056308470e+02
y_q1   1   2   0   1   0   +6.840985049e+02
y_q1   1   2   0   0   1   -9.361069767e+01
y_q1   1   2   0   0   0   -5.387058380e+01
y_q1   1   1   2   0   0   +6.340756779e+03
y_q1   1   1   1   1   0   +1.675249149e+04
y_q1   1   1   1   0   1   +1.839357333e+03
y_q1   1   1   1   0   0   +1.611828942e+03
y_q1   1   1   0   2   0   -1.235035745e+03
y_q1   1   1   0   1   1   +5.129142460e+02
y_q1   1   1   0   1   0   +1.298699901e+01
y_q1   1   1   0   0   2   -4.802501195e+01
y_q1   1   1   0   0   1   +4.128262311e+00
y_q1   1   1   0   0   0   +2.312376127e+00
y_q1   1   0   3   0   0   -4.398700613e+04
y_q1   1   0   2   1   0   -2.234739590e+02
y_q1   1   0   2   0   1   +2.543806623e+03
y_q1   1   0   2   0   0   -1.394915678e+02
y_q1   1   0   1   2   0   +2.164026179e+04
y_q1   1   0   1   1   1   -2.488727725e+02
y_q1   1   0   1   1   0   +1.049566973e+03
y_q1   1   0   1   0   2   +1.222581145e+03
y_q1   1   0   1   0   1   +9.657883173e+01
y_q1   1   0   1   0   0   +2.039898358e+01
y_q1   1   0   0   3   0   -1.126141553e+03
y_q1   1   0   0   2   1   +1.015610077e+01
y_q1   1   0   0   2   0   +2.208576039e+01
y_q1   1   0   0   1   2   -9.701891950e+01
y_q1   1   0   0   1   1   -3.280492527e+00
y_q1   1   0   0   1   0   +2.067918844e+00
y_q1   1   0   0   0   3   -1.035988544e+01
y_q1   1   0   0   0   2   +2.037770153e+00
y_q1   1   0   0   0   1   +1.217288301e-01
y_q1   1   0   0   0   0   +2.695192519e-02
y_q1   0   4   0   0   0   +6.152654442e+03
y_q1   0   3   1   0   0   +2.433226634e+02
y_q1   0   3   0   1   0   +9.247876607e+01
y_q1   0   3   0   0   1   -1.309723169e+02
y_q1   0   3   0   0   0   +9.245113442e+01
y_q1   0   2   2   0   0   -7.889334883e+03
y_q1   0   2   1   1   0   -6.497455955e+02
y_q1   0   2   1   0   1   +1.008807168e+02
y_q1   0   2   1   0   0   +1.163851179e+01
y_q1   0   2   0   2   0   +1.198225407e+03
y_q1   0   2   0   1   1   -1.467887040e+02
y_q1   0   2   0   1   0   +7.098898991e+01
y_q1   0   2   0   0   2   +5.795646373e+01
y_q1   0   2   0   0   1   -4.982429922e+00
y_q1   0   2   0   0   0   -5.949437639e+00
y_q1   0   1   3   0   0   -1.429809585e+03
y_q1   0   1   2   1   0   -6.639807851e+03
y_q1   0   1   2   0   1   -1.045474495e+03
y_q1   0   1   2   0   0   -8.517830955e+02
y_q1   0   1   1   2   0   +1.000726353e+03
y_q1   0   1   1   1   1   -3.384538072e+02
y_q1   0   1   1   1   0   -2.071199434e+01
y_q1   0   1   1   0   2   +5.005757241e+01
y_q1   0   1   1   0   1   -3.778630373e+00
y_q1   0   1   1   0   0   -2.070076891e+00
y_q1   0   1   0   3   0   +1.752435162e+03
y_q1   0   1   0   2   1   -3.546788061e+02
y_q1   0   1   0   2   0   +1.744451822e+01
y_q1   0   1   0   1   2   -8.668157890e+00
y_q1   0   1   0   1   1   -1.325781154e+00
y_q1   0   1   0   1   0   -6.469314081e-01
y_q1   0   1   0   0   3   +5.994067674e+00
y_q1   0   1   0   0   2   +5.969368525e-01
y_q1   0   1   0   0   1   +6.142828603e-02
y_q1   0   1   0   0   0   +9.720127822e-01
y_q1   0   0   4   0   0   +6.171970639e+03
y_q1   0   0   3   1   0   +6.737560138e+02
y_q1   0   0   3   0   1   -7.738266057e+02
y_q1   0   0   3   0   0   +2.579886750e+01
y_q1   0   0   2   2   0   -6.058330962e+03
y_q1   0   0   2   1   1   +6.062505856e+01
y_q1   0   0   2   1   0   -4.386924506e+02
y_q1   0   0   2   0   2   -4.944142712e+02
y_q1   0   0   2   0   1   -4.630290829e+01
y_q1   0   0   2   0   0   -6.916006442e+00
y_q1   0   0   1   3   0   +9.172359639e+02
y_q1   0   0   1   2   1   -1.187096478e+00
y_q1   0   0   1   2   0   -1.619850259e+01
y_q1   0   0   1   1   2   +7.937423211e+01
y_q1   0   0   1   1   1   +4.648913837e+00
y_q1   0   0   1   1   0   -1.598328653e+00
y_q1   0   0   1   0   3   +8.241120071e+00
y_q1   0   0   1   0   2   -1.881492627e+00
y_q1   0   0   1   0   1   -1.559795056e-01
y_q1   0   0   1   0   0   -2.572470028e-02
y_q1   0   0   0   4   0   +3.824524550e+02
y_q1   0   0   0   3   1   -5.134131548e+02
y_q1   0   0   0   3   0   +2.892501215e+01
y_q1   0   0   0   2   2   +1.358622829e+02
y_q1   0   0   0   2   1   -7.179551715e+00
y_q1   0   0   0   2   0   -1.409591472e+00
y_q1   0   0   0   1   3   -5.454741343e+01
y_q1   0   0   0   1   2   +7.423650674e-01
y_q1   0   0   0   1   1   +3.607951958e-01
y_q1   0   0   0   1   0   +1.917676006e+00
y_q1   0   0   0   0   4   -9.107494130e+00
y_q1   0   0   0   0   3   -1.351535007e-01
y_q1   0   0   0   0   2   +1.203072419e-01
y_q1   0   0   0   0   1   -1.269374088e-01
y_q1   0   0   0   0   0   +2.230132834e-02
