# Polynomial metadata: 
# -- Order: 5
# -- Trained on data: 'data/mc/mc_L_production.root'
# -- Input branches: { x_sv y_sv dxdz_sv dydz_sv dpp_sv }
# -- Time created: Mon Jan 12 10:07:15 2026

poly-DoF 5
is-RHRS 0
dpp_q1   5   0   0   0   0   -5.932171628e+05
dpp_q1   4   1   0   0   0   +2.296336381e+05
dpp_q1   4   0   1   0   0   +2.741331167e+06
dpp_q1   4   0   0   1   0   +1.772205800e+06
dpp_q1   4   0   0   0   1   -7.616894661e+05
dpp_q1   4   0   0   0   0   +3.238908571e+04
dpp_q1   3   2   0   0   0   +3.079638165e+05
dpp_q1   3   1   1   0   0   -1.126743826e+06
dpp_q1   3   1   0   1   0   -2.240685733e+05
dpp_q1   3   1   0   0   1   +4.486675653e+04
dpp_q1   3   1   0   0   0   -5.152820778e+03
dpp_q1   3   0   2   0   0   -4.633727781e+06
dpp_q1   3   0   1   1   0   -5.083186104e+06
dpp_q1   3   0   1   0   1   +2.414680238e+06
dpp_q1   3   0   1   0   0   -1.033649494e+05
dpp_q1   3   0   0   2   0   +1.898761383e+04
dpp_q1   3   0   0   1   1   -5.515269272e+04
dpp_q1   3   0   0   1   0   -7.852862915e+03
dpp_q1   3   0   0   0   2   +5.282157509e+04
dpp_q1   3   0   0   0   1   +3.549801543e+03
dpp_q1   3   0   0   0   0   -2.776257539e+02
dpp_q1   2   3   0   0   0   -5.757297707e+04
dpp_q1   2   2   1   0   0   -5.498915881e+05
dpp_q1   2   2   0   1   0   -3.112911866e+05
dpp_q1   2   2   0   0   1   +1.515173105e+05
dpp_q1   2   2   0   0   0   -1.941929983e+03
dpp_q1   2   1   2   0   0   +1.676765459e+06
dpp_q1   2   1   1   1   0   +4.976612973e+05
dpp_q1   2   1   1   0   1   -9.437296372e+04
dpp_q1   2   1   1   0   0   +1.110243958e+04
dpp_q1   2   1   0   2   0   +3.938188626e+04
dpp_q1   2   1   0   1   1   -3.021996782e+04
dpp_q1   2   1   0   1   0   -1.308271702e+04
dpp_q1   2   1   0   0   2   -2.070099403e+04
dpp_q1   2   1   0   0   1   +1.958919763e+03
dpp_q1   2   1   0   0   0   +5.635713196e+01
dpp_q1   2   0   3   0   0   +3.638399866e+06
dpp_q1   2   0   2   1   0   +5.130853291e+06
dpp_q1   2   0   2   0   1   -2.714752930e+06
dpp_q1   2   0   2   0   0   +1.195893368e+05
dpp_q1   2   0   1   2   0   +8.834428924e+04
dpp_q1   2   0   1   1   1   +5.833797436e+04
dpp_q1   2   0   1   1   0   +2.453186762e+04
dpp_q1   2   0   1   0   2   -1.319104853e+05
dpp_q1   2   0   1   0   1   -8.981707196e+03
dpp_q1   2   0   1   0   0   +6.048158986e+02
dpp_q1   2   0   0   3   0   -2.983970592e+05
dpp_q1   2   0   0   2   1   +1.395708170e+05
dpp_q1   2   0   0   2   0   -5.921122332e+03
dpp_q1   2   0   0   1   2   -1.726541882e+04
dpp_q1   2   0   0   1   1   +3.669625778e+03
dpp_q1   2   0   0   1   0   +5.822583752e+00
dpp_q1   2   0   0   0   3   +1.036456441e+04
dpp_q1   2   0   0   0   2   -5.509272707e+02
dpp_q1   2   0   0   0   1   -3.356048583e+01
dpp_q1   2   0   0   0   0   +2.586982946e+00
dpp_q1   1   4   0   0   0   -1.396301324e+04
dpp_q1   1   3   1   0   0   +7.653672856e+04
dpp_q1   1   3   0   1   0   +6.148029705e+04
dpp_q1   1   3   0   0   1   -3.310420916e+03
dpp_q1   1   3   0   0   0   -1.114589449e+03
dpp_q1   1   2   2   0   0   +3.020819973e+05
dpp_q1   1   2   1   1   0   +4.817651738e+05
dpp_q1   1   2   1   0   1   -2.080047595e+05
dpp_q1   1   2   1   0   0   +3.206113087e+03
dpp_q1   1   2   0   2   0   -6.061691118e+04
dpp_q1   1   2   0   1   1   +2.042335545e+02
dpp_q1   1   2   0   1   0   +3.471721599e+03
dpp_q1   1   2   0   0   2   -5.434327849e+03
dpp_q1   1   2   0   0   1   -5.432592544e+02
dpp_q1   1   2   0   0   0   -9.588984202e+00
dpp_q1   1   1   3   0   0   -9.756963165e+05
dpp_q1   1   1   2   1   0   -4.588484963e+05
dpp_q1   1   1   2   0   1   +6.789420296e+04
dpp_q1   1   1   2   0   0   -8.079620996e+03
dpp_q1   1   1   1   2   0   -3.365446588e+04
dpp_q1   1   1   1   1   1   +2.292249160e+03
dpp_q1   1   1   1   1   0   +2.224903894e+04
dpp_q1   1   1   1   0   2   +3.685084684e+04
dpp_q1   1   1   1   0   1   -4.504540810e+03
dpp_q1   1   1   1   0   0   -8.712640585e+01
dpp_q1   1   1   0   3   0   -2.410320232e+04
dpp_q1   1   1   0   2   1   +4.860818708e+04
dpp_q1   1   1   0   2   0   -3.082780277e+03
dpp_q1   1   1   0   1   2   -8.212759044e+03
dpp_q1   1   1   0   1   1   +1.094004426e+03
dpp_q1   1   1   0   1   0   +5.630269209e+01
dpp_q1   1   1   0   0   3   +3.460609327e+02
dpp_q1   1   1   0   0   2   -1.027299959e+02
dpp_q1   1   1   0   0   1   -1.109158929e+01
dpp_q1   1   1   0   0   0   +4.629290534e-01
dpp_q1   1   0   4   0   0   -1.353093705e+06
dpp_q1   1   0   3   1   0   -2.129102366e+06
dpp_q1   1   0   3   0   1   +1.272302977e+06
dpp_q1   1   0   3   0   0   -5.949325393e+04
dpp_q1   1   0   2   2   0   -1.255527848e+05
dpp_q1   1   0   2   1   1   +1.461657676e+04
dpp_q1   1   0   2   1   0   -2.358326394e+04
dpp_q1   1   0   2   0   2   +1.016419136e+05
dpp_q1   1   0   2   0   1   +7.093094709e+03
dpp_q1   1   0   2   0   0   -3.975177441e+02
dpp_q1   1   0   1   3   0   +3.182222513e+05
dpp_q1   1   0   1   2   1   -1.437799652e+05
dpp_q1   1   0   1   2   0   +5.394116312e+03
dpp_q1   1   0   1   1   2   +1.701284505e+04
dpp_q1   1   0   1   1   1   -4.050690996e+03
dpp_q1   1   0   1   1   0   +5.252239010e+01
dpp_q1   1   0   1   0   3   -1.444466119e+04
dpp_q1   1   0   1   0   2   +8.429027248e+02
dpp_q1   1   0   1   0   1   +3.111833075e+01
dpp_q1   1   0   1   0   0   -3.639331651e+00
dpp_q1   1   0   0   4   0   +1.707042446e+04
dpp_q1   1   0   0   3   1   -4.925802759e+03
dpp_q1   1   0   0   3   0   +1.849441630e+03
dpp_q1   1   0   0   2   2   -1.768879690e+04
dpp_q1   1   0   0   2   1   -1.286473099e+02
dpp_q1   1   0   0   2   0   +1.427498627e+01
dpp_q1   1   0   0   1   3   +8.957794193e+03
dpp_q1   1   0   0   1   2   -3.069294498e+02
dpp_q1   1   0   0   1   1   -1.397902092e+01
dpp_q1   1   0   0   1   0   -3.585915979e-01
dpp_q1   1   0   0   0   4   -7.987647560e+02
dpp_q1   1   0   0   0   3   -3.017729628e+01
dpp_q1   1   0   0   0   2   +7.925078607e+00
dpp_q1   1   0   0   0   1   +6.730986995e-02
dpp_q1   1   0   0   0   0   -7.916715393e-03
dpp_q1   0   5   0   0   0   -5.088657209e+03
dpp_q1   0   4   1   0   0   +1.123809830e+04
dpp_q1   0   4   0   1   0   -6.451649060e+03
dpp_q1   0   4   0   0   1   +4.161224201e+03
dpp_q1   0   4   0   0   0   -1.532876002e+02
dpp_q1   0   3   2   0   0   -2.880115283e+04
dpp_q1   0   3   1   1   0   -5.987515265e+04
dpp_q1   0   3   1   0   1   +4.324899628e+03
dpp_q1   0   3   1   0   0   +9.085936930e+02
dpp_q1   0   3   0   2   0   +5.084864971e+03
dpp_q1   0   3   0   1   1   +1.444269429e+03
dpp_q1   0   3   0   1   0   -5.131403939e+02
dpp_q1   0   3   0   0   2   +7.011579283e+02
dpp_q1   0   3   0   0   1   +5.557150742e+01
dpp_q1   0   3   0   0   0   +6.792380074e+00
dpp_q1   0   2   3   0   0   -5.491735706e+04
dpp_q1   0   2   2   1   0   -1.750643200e+05
dpp_q1   0   2   2   0   1   +7.373391552e+04
dpp_q1   0   2   2   0   0   -1.247935487e+03
dpp_q1   0   2   1   2   0   +5.882432131e+04
dpp_q1   0   2   1   1   1   -6.712081995e+03
dpp_q1   0   2   1   1   0   -3.118424510e+03
dpp_q1   0   2   1   0   2   +5.821999789e+03
dpp_q1   0   2   1   0   1   +4.707956284e+02
dpp_q1   0   2   1   0   0   +1.174901914e+01
dpp_q1   0   2   0   3   0   -3.654757744e+03
dpp_q1   0   2   0   2   1   -1.665310752e+04
dpp_q1   0   2   0   2   0   +3.945786442e+02
dpp_q1   0   2   0   1   2   +5.021244409e+03
dpp_q1   0   2   0   1   1   +2.114035509e+02
dpp_q1   0   2   0   1   0   -7.817860739e+00
dpp_q1   0   2   0   0   3   -1.531142107e+02
dpp_q1   0   2   0   0   2   +1.507403177e+01
dpp_q1   0   2   0   0   1   -3.220961574e+00
dpp_q1   0   2   0   0   0   +1.182808585e-01
dpp_q1   0   1   4   0   0   +1.999057624e+05
dpp_q1   0   1   3   1   0   +1.465929686e+05
dpp_q1   0   1   3   0   1   -1.557623745e+04
dpp_q1   0   1   3   0   0   +1.761638884e+03
dpp_q1   0   1   2   2   0   +4.350213264e+04
dpp_q1   0   1   2   1   1   -6.418487439e+03
dpp_q1   0   1   2   1   0   -8.567155659e+03
dpp_q1   0   1   2   0   2   -1.329238161e+04
dpp_q1   0   1   2   0   1   +2.215579498e+03
dpp_q1   0   1   2   0   0   +2.477168795e+01
dpp_q1   0   1   1   3   0   +7.563100060e+03
dpp_q1   0   1   1   2   1   -3.746843625e+04
dpp_q1   0   1   1   2   0   +2.188868512e+03
dpp_q1   0   1   1   1   2   +1.044115508e+04
dpp_q1   0   1   1   1   1   -8.342999977e+02
dpp_q1   0   1   1   1   0   -4.334059068e+01
dpp_q1   0   1   1   0   3   -2.460431871e+02
dpp_q1   0   1   1   0   2   +1.097700889e+02
dpp_q1   0   1   1   0   1   +1.111304955e+01
dpp_q1   0   1   1   0   0   -2.340111847e-01
dpp_q1   0   1   0   4   0   +3.655511376e+04
dpp_q1   0   1   0   3   1   -1.549099508e+04
dpp_q1   0   1   0   3   0   +6.758791889e+02
dpp_q1   0   1   0   2   2   +9.237313629e+03
dpp_q1   0   1   0   2   1   -8.211023909e+02
dpp_q1   0   1   0   2   0   -8.071172108e+00
dpp_q1   0   1   0   1   3   -3.212376429e+03
dpp_q1   0   1   0   1   2   +1.591417836e+02
dpp_q1   0   1   0   1   1   +8.832906216e+00
dpp_q1   0   1   0   1   0   -2.604525660e-01
dpp_q1   0   1   0   0   4   +4.763538127e+02
dpp_q1   0   1   0   0   3   -1.020778074e+01
dpp_q1   0   1   0   0   2   -2.123206489e+00
dpp_q1   0   1   0   0   1   +5.216819519e-02
dpp_q1   0   1   0   0   0   -2.395802088e-04
dpp_q1   0   0   5   0   0   +1.920236620e+05
dpp_q1   0   0   4   1   0   +3.181730331e+05
dpp_q1   0   0   4   0   1   -2.153961640e+05
dpp_q1   0   0   4   0   0   +1.088370666e+04
dpp_q1   0   0   3   2   0   +1.712314423e+04
dpp_q1   0   0   3   1   1   -1.137340643e+04
dpp_q1   0   0   3   1   0   +6.842735624e+03
dpp_q1   0   0   3   0   2   -2.294729721e+04
dpp_q1   0   0   3   0   1   -1.676723228e+03
dpp_q1   0   0   3   0   0   +8.289247238e+01
dpp_q1   0   0   2   3   0   -3.553337250e+04
dpp_q1   0   0   2   2   1   +1.166577534e+04
dpp_q1   0   0   2   2   0   +3.338104805e+02
dpp_q1   0   0   2   1   2   -4.891970297e+02
dpp_q1   0   0   2   1   1   +5.075082852e+02
dpp_q1   0   0   2   1   0   -7.008570825e+01
dpp_q1   0   0   2   0   3   +4.121726484e+03
dpp_q1   0   0   2   0   2   -2.923012024e+02
dpp_q1   0   0   2   0   1   +8.993232045e+00
dpp_q1   0   0   2   0   0   +1.039805934e+00
dpp_q1   0   0   1   4   0   -1.941102493e+04
dpp_q1   0   0   1   3   1   +9.638247463e+03
dpp_q1   0   0   1   3   0   -1.493895032e+03
dpp_q1   0   0   1   2   2   +1.441954403e+04
dpp_q1   0   0   1   2   1   +9.415146711e+01
dpp_q1   0   0   1   2   0   +1.791805586e+00
dpp_q1   0   0   1   1   3   -8.732274182e+03
dpp_q1   0   0   1   1   2   +2.899080278e+02
dpp_q1   0   0   1   1   1   +4.565534054e+00
dpp_q1   0   0   1   1   0   +4.260896436e-01
dpp_q1   0   0   1   0   4   +6.112341995e+02
dpp_q1   0   0   1   0   3   +2.588397412e+01
dpp_q1   0   0   1   0   2   -7.332552015e+00
dpp_q1   0   0   1   0   1   -7.283244258e-02
dpp_q1   0   0   1   0   0   +2.961551461e-03
dpp_q1   0   0   0   5   0   +3.680669769e+04
dpp_q1   0   0   0   4   1   -3.092015216e+04
dpp_q1   0   0   0   4   0   +1.023509478e+03
dpp_q1   0   0   0   3   2   +1.123758143e+04
dpp_q1   0   0   0   3   1   -5.128482930e+02
dpp_q1   0   0   0   3   0   -3.080862072e+01
dpp_q1   0   0   0   2   3   -3.295154403e+03
dpp_q1   0   0   0   2   2   +1.966068620e+02
dpp_q1   0   0   0   2   1   +1.653409147e+01
dpp_q1   0   0   0   2   0   -5.732168904e-01
dpp_q1   0   0   0   1   4   +1.196386995e+02
dpp_q1   0   0   0   1   3   -4.850543941e+01
dpp_q1   0   0   0   1   2   -3.211064899e+00
dpp_q1   0   0   0   1   1   +2.050836345e-01
dpp_q1   0   0   0   1   0   +7.074682741e-03
dpp_q1   0   0   0   0   5   +4.474198710e+01
dpp_q1   0   0   0   0   4   +4.397967454e+00
dpp_q1   0   0   0   0   3   +5.967098241e-01
dpp_q1   0   0   0   0   2   -3.183584714e-02
dpp_q1   0   0   0   0   1   +9.978942986e-01
dpp_q1   0   0   0   0   0   +4.990793657e-04
dxdz_q1   5   0   0   0   0   -2.421100005e+06
dxdz_q1   4   1   0   0   0   -2.080280786e+05
dxdz_q1   4   0   1   0   0   +8.741248936e+06
dxdz_q1   4   0   0   1   0   +4.751828367e+05
dxdz_q1   4   0   0   0   1   +1.964534885e+05
dxdz_q1   4   0   0   0   0   +3.241630352e+04
dxdz_q1   3   2   0   0   0   +1.752496938e+05
dxdz_q1   3   1   1   0   0   +4.482704475e+05
dxdz_q1   3   1   0   1   0   -6.087738142e+05
dxdz_q1   3   1   0   0   1   -8.846588348e+03
dxdz_q1   3   1   0   0   0   +2.086055875e+04
dxdz_q1   3   0   2   0   0   -1.203639764e+07
dxdz_q1   3   0   1   1   0   -1.380910272e+06
dxdz_q1   3   0   1   0   1   -5.597083184e+05
dxdz_q1   3   0   1   0   0   -9.432680130e+04
dxdz_q1   3   0   0   2   0   +2.626959677e+05
dxdz_q1   3   0   0   1   1   +8.442989458e+03
dxdz_q1   3   0   0   1   0   +2.470800235e+03
dxdz_q1   3   0   0   0   2   +2.254975642e+03
dxdz_q1   3   0   0   0   1   +1.292576255e+03
dxdz_q1   3   0   0   0   0   +8.733328416e+02
dxdz_q1   2   3   0   0   0   +4.905618409e+04
dxdz_q1   2   2   1   0   0   -3.113010100e+05
dxdz_q1   2   2   0   1   0   -1.522902193e+05
dxdz_q1   2   2   0   0   1   -1.910893578e+04
dxdz_q1   2   2   0   0   0   -1.821678511e+03
dxdz_q1   2   1   2   0   0   -3.689837241e+05
dxdz_q1   2   1   1   1   0   +1.291168255e+06
dxdz_q1   2   1   1   0   1   -3.173348404e+04
dxdz_q1   2   1   1   0   0   -8.315979803e+04
dxdz_q1   2   1   0   2   0   +1.003396616e+05
dxdz_q1   2   1   0   1   1   +2.882326128e+04
dxdz_q1   2   1   0   1   0   -5.775653137e+02
dxdz_q1   2   1   0   0   2   -2.120291463e+03
dxdz_q1   2   1   0   0   1   -4.280672071e+02
dxdz_q1   2   1   0   0   0   -1.397029805e+02
dxdz_q1   2   0   3   0   0   +7.875721511e+06
dxdz_q1   2   0   2   1   0   +1.394964208e+06
dxdz_q1   2   0   2   0   1   +5.880096375e+05
dxdz_q1   2   0   2   0   0   +9.605485522e+04
dxdz_q1   2   0   1   2   0   -2.800581341e+05
dxdz_q1   2   0   1   1   1   -5.306932044e+04
dxdz_q1   2   0   1   1   0   +9.325674431e+03
dxdz_q1   2   0   1   0   2   -5.940526993e+03
dxdz_q1   2   0   1   0   1   -4.913398919e+03
dxdz_q1   2   0   1   0   0   -2.534029905e+03
dxdz_q1   2   0   0   3   0   -1.382985245e+05
dxdz_q1   2   0   0   2   1   +3.314472387e+04
dxdz_q1   2   0   0   2   0   -6.797105335e+03
dxdz_q1   2   0   0   1   2   -5.159874828e+01
dxdz_q1   2   0   0   1   1   +2.866606553e+03
dxdz_q1   2   0   0   1   0   +4.533544790e+01
dxdz_q1   2   0   0   0   3   -2.871208596e+03
dxdz_q1   2   0   0   0   2   -5.486358959e+01
dxdz_q1   2   0   0   0   1   -2.231816099e+01
dxdz_q1   2   0   0   0   0   -1.966395601e+00
dxdz_q1   1   4   0   0   0   -4.114553044e+04
dxdz_q1   1   3   1   0   0   -4.861225963e+04
dxdz_q1   1   3   0   1   0   +8.695428076e+04
dxdz_q1   1   3   0   0   1   +6.634368407e+03
dxdz_q1   1   3   0   0   0   -5.014536565e+03
dxdz_q1   1   2   2   0   0   +5.292551012e+05
dxdz_q1   1   2   1   1   0   +2.176569714e+05
dxdz_q1   1   2   1   0   1   +2.557451165e+04
dxdz_q1   1   2   1   0   0   +3.838289488e+03
dxdz_q1   1   2   0   2   0   -1.044185178e+05
dxdz_q1   1   2   0   1   1   +1.500492817e+04
dxdz_q1   1   2   0   1   0   +3.291533261e+03
dxdz_q1   1   2   0   0   2   -3.231061242e+03
dxdz_q1   1   2   0   0   1   +2.650408612e+02
dxdz_q1   1   2   0   0   0   -8.958857081e+01
dxdz_q1   1   1   3   0   0   +1.960944666e+05
dxdz_q1   1   1   2   1   0   -1.138642112e+06
dxdz_q1   1   1   2   0   1   +8.948277803e+04
dxdz_q1   1   1   2   0   0   +9.464726400e+04
dxdz_q1   1   1   1   2   0   -5.694339461e+04
dxdz_q1   1   1   1   1   1   -7.522858905e+04
dxdz_q1   1   1   1   1   0   +1.472213665e+03
dxdz_q1   1   1   1   0   2   +6.065946664e+03
dxdz_q1   1   1   1   0   1   +9.709476984e+02
dxdz_q1   1   1   1   0   0   +2.988438443e+02
dxdz_q1   1   1   0   3   0   -1.938163678e+05
dxdz_q1   1   1   0   2   1   +2.636065311e+04
dxdz_q1   1   1   0   2   0   -4.902965296e+03
dxdz_q1   1   1   0   1   2   -3.718864627e+03
dxdz_q1   1   1   0   1   1   +6.646926785e+02
dxdz_q1   1   1   0   1   0   +1.030758673e+01
dxdz_q1   1   1   0   0   3   +2.181689648e+03
dxdz_q1   1   1   0   0   2   +2.623441683e+01
dxdz_q1   1   1   0   0   1   -1.015673613e+01
dxdz_q1   1   1   0   0   0   +4.604320219e+00
dxdz_q1   1   0   4   0   0   -2.465582657e+06
dxdz_q1   1   0   3   1   0   -5.773038102e+05
dxdz_q1   1   0   3   0   1   -2.737588421e+05
dxdz_q1   1   0   3   0   0   -3.921738509e+04
dxdz_q1   1   0   2   2   0   +2.166280222e+04
dxdz_q1   1   0   2   1   1   +5.930344854e+04
dxdz_q1   1   0   2   1   0   -2.297230130e+04
dxdz_q1   1   0   2   0   2   +6.723975427e+03
dxdz_q1   1   0   2   0   1   +5.581882426e+03
dxdz_q1   1   0   2   0   0   +2.465743192e+03
dxdz_q1   1   0   1   3   0   +1.415259948e+05
dxdz_q1   1   0   1   2   1   -2.827942036e+04
dxdz_q1   1   0   1   2   0   +9.329611282e+03
dxdz_q1   1   0   1   1   2   +2.732045389e+03
dxdz_q1   1   0   1   1   1   -4.701480086e+03
dxdz_q1   1   0   1   1   0   -1.000461570e+02
dxdz_q1   1   0   1   0   3   +3.746601751e+03
dxdz_q1   1   0   1   0   2   +1.481077438e+02
dxdz_q1   1   0   1   0   1   +4.583501294e+01
dxdz_q1   1   0   1   0   0   +4.196462250e+00
dxdz_q1   1   0   0   4   0   +3.298102354e+03
dxdz_q1   1   0   0   3   1   -1.056083658e+04
dxdz_q1   1   0   0   3   0   -1.853686441e+03
dxdz_q1   1   0   0   2   2   +4.653652917e+03
dxdz_q1   1   0   0   2   1   -2.213474620e+02
dxdz_q1   1   0   0   2   0   +1.378386374e+00
dxdz_q1   1   0   0   1   3   -2.243075868e+03
dxdz_q1   1   0   0   1   2   -3.397218320e+00
dxdz_q1   1   0   0   1   1   -4.662043006e+00
dxdz_q1   1   0   0   1   0   +1.584024647e+00
dxdz_q1   1   0   0   0   4   +9.707828732e+02
dxdz_q1   1   0   0   0   3   -2.213418490e+01
dxdz_q1   1   0   0   0   2   -2.287910184e+00
dxdz_q1   1   0   0   0   1   -1.036923519e-01
dxdz_q1   1   0   0   0   0   +1.315453232e-02
dxdz_q1   0   5   0   0   0   -1.920767725e+03
dxdz_q1   0   4   1   0   0   +1.150650163e+05
dxdz_q1   0   4   0   1   0   +3.027881999e+03
dxdz_q1   0   4   0   0   1   +1.165247564e+03
dxdz_q1   0   4   0   0   0   -1.099152051e+01
dxdz_q1   0   3   2   0   0   +9.109196239e+03
dxdz_q1   0   3   1   1   0   -5.245658383e+04
dxdz_q1   0   3   1   0   1   -4.587418415e+03
dxdz_q1   0   3   1   0   0   +5.882269856e+03
dxdz_q1   0   3   0   2   0   -4.476765555e+03
dxdz_q1   0   3   0   1   1   -1.981822661e+03
dxdz_q1   0   3   0   1   0   -3.118593869e+01
dxdz_q1   0   3   0   0   2   +5.658888354e+02
dxdz_q1   0   3   0   0   1   +3.727734110e+01
dxdz_q1   0   3   0   0   0   +6.323810684e+00
dxdz_q1   0   2   3   0   0   -3.202739760e+05
dxdz_q1   0   2   2   1   0   -6.607033857e+04
dxdz_q1   0   2   2   0   1   -1.229262410e+04
dxdz_q1   0   2   2   0   0   -2.391207581e+03
dxdz_q1   0   2   1   2   0   +6.333165876e+04
dxdz_q1   0   2   1   1   1   -8.940557367e+03
dxdz_q1   0   2   1   1   0   +7.562934814e+02
dxdz_q1   0   2   1   0   2   +1.500924190e+03
dxdz_q1   0   2   1   0   1   -1.949238514e+02
dxdz_q1   0   2   1   0   0   -5.443852468e+00
dxdz_q1   0   2   0   3   0   +1.980825757e+04
dxdz_q1   0   2   0   2   1   -1.011798536e+03
dxdz_q1   0   2   0   2   0   +5.084532486e+01
dxdz_q1   0   2   0   1   2   -1.082221833e+03
dxdz_q1   0   2   0   1   1   -7.631159202e+01
dxdz_q1   0   2   0   1   0   -9.891889242e+00
dxdz_q1   0   2   0   0   3   +6.617287976e+02
dxdz_q1   0   2   0   0   2   +8.450343747e+00
dxdz_q1   0   2   0   0   1   -1.323468554e-01
dxdz_q1   0   2   0   0   0   +1.426400274e-01
dxdz_q1   0   1   4   0   0   -5.815300815e+04
dxdz_q1   0   1   3   1   0   +3.634689119e+05
dxdz_q1   0   1   3   0   1   -4.152151997e+04
dxdz_q1   0   1   3   0   0   -3.603455502e+04
dxdz_q1   0   1   2   2   0   -7.637039583e+03
dxdz_q1   0   1   2   1   1   +3.965774061e+04
dxdz_q1   0   1   2   1   0   +1.002031617e+02
dxdz_q1   0   1   2   0   2   -3.924857976e+03
dxdz_q1   0   1   2   0   1   -6.403885514e+02
dxdz_q1   0   1   2   0   0   -1.593241510e+02
dxdz_q1   0   1   1   3   0   +1.685769062e+05
dxdz_q1   0   1   1   2   1   -1.548807816e+04
dxdz_q1   0   1   1   2   0   +3.693895668e+03
dxdz_q1   0   1   1   1   2   +1.840177447e+03
dxdz_q1   0   1   1   1   1   -2.534503352e+02
dxdz_q1   0   1   1   1   0   +2.774918594e+01
dxdz_q1   0   1   1   0   3   -6.965952545e+02
dxdz_q1   0   1   1   0   2   -2.457997530e+01
dxdz_q1   0   1   1   0   1   -1.062545719e+00
dxdz_q1   0   1   1   0   0   +1.670140756e-01
dxdz_q1   0   1   0   4   0   -2.491385603e+04
dxdz_q1   0   1   0   3   1   +3.795160297e+03
dxdz_q1   0   1   0   3   0   +6.388741568e+02
dxdz_q1   0   1   0   2   2   -6.646379029e+02
dxdz_q1   0   1   0   2   1   -8.422840818e+01
dxdz_q1   0   1   0   2   0   +1.511644818e+01
dxdz_q1   0   1   0   1   3   +2.358290647e+02
dxdz_q1   0   1   0   1   2   -2.222404556e+01
dxdz_q1   0   1   0   1   1   -1.478634679e+00
dxdz_q1   0   1   0   1   0   -1.708063178e-01
dxdz_q1   0   1   0   0   4   +3.284643602e+02
dxdz_q1   0   1   0   0   3   +1.203471401e+01
dxdz_q1   0   1   0   0   2   -5.565052479e-01
dxdz_q1   0   1   0   0   1   +1.412987641e-02
dxdz_q1   0   1   0   0   0   -4.909181204e-03
dxdz_q1   0   0   5   0   0   +2.912476992e+05
dxdz_q1   0   0   4   1   0   +9.299556577e+04
dxdz_q1   0   0   4   0   1   +4.591978008e+04
dxdz_q1   0   0   4   0   0   +5.082919468e+03
dxdz_q1   0   0   3   2   0   +1.273636643e+03
dxdz_q1   0   0   3   1   1   -6.960596671e+03
dxdz_q1   0   0   3   1   0   +8.928335368e+03
dxdz_q1   0   0   3   0   2   -3.231116403e+03
dxdz_q1   0   0   3   0   1   -1.903068500e+03
dxdz_q1   0   0   3   0   0   -7.606396196e+02
dxdz_q1   0   0   2   3   0   -1.371162792e+04
dxdz_q1   0   0   2   2   1   -5.362093792e+03
dxdz_q1   0   0   2   2   0   -2.941710719e+03
dxdz_q1   0   0   2   1   2   -1.808100234e+03
dxdz_q1   0   0   2   1   1   +1.836844865e+03
dxdz_q1   0   0   2   1   0   +4.550075979e+01
dxdz_q1   0   0   2   0   3   -6.601973509e+02
dxdz_q1   0   0   2   0   2   -8.775395895e+01
dxdz_q1   0   0   2   0   1   -1.987205157e+01
dxdz_q1   0   0   2   0   0   -2.336089349e+00
dxdz_q1   0   0   1   4   0   -2.446294848e+04
dxdz_q1   0   0   1   3   1   +1.895568415e+04
dxdz_q1   0   0   1   3   0   +1.966378377e+03
dxdz_q1   0   0   1   2   2   -5.925161535e+03
dxdz_q1   0   0   1   2   1   +2.766088137e+02
dxdz_q1   0   0   1   2   0   +2.711837566e+01
dxdz_q1   0   0   1   1   3   +1.469461033e+03
dxdz_q1   0   0   1   1   2   -1.773155099e+01
dxdz_q1   0   0   1   1   1   -8.141995857e+00
dxdz_q1   0   0   1   1   0   +3.042519178e+00
dxdz_q1   0   0   1   0   4   -1.234194691e+03
dxdz_q1   0   0   1   0   3   +1.734324266e+01
dxdz_q1   0   0   1   0   2   +3.475209670e+00
dxdz_q1   0   0   1   0   1   -1.982886814e-01
dxdz_q1   0   0   1   0   0   +1.033314381e+00
dxdz_q1   0   0   0   5   0   +8.270463886e+03
dxdz_q1   0   0   0   4   1   -2.780834500e+02
dxdz_q1   0   0   0   4   0   -1.510201023e+02
dxdz_q1   0   0   0   3   2   -2.249306813e+03
dxdz_q1   0   0   0   3   1   +2.185940428e+01
dxdz_q1   0   0   0   3   0   -1.147600021e+00
dxdz_q1   0   0   0   2   3   +1.318442367e+03
dxdz_q1   0   0   0   2   2   -1.751631462e+01
dxdz_q1   0   0   0   2   1   -5.514430402e-01
dxdz_q1   0   0   0   2   0   +2.401671531e-02
dxdz_q1   0   0   0   1   4   +2.287941139e+02
dxdz_q1   0   0   0   1   3   +8.890825024e+00
dxdz_q1   0   0   0   1   2   +4.723913954e-01
dxdz_q1   0   0   0   1   1   +1.539335369e-02
dxdz_q1   0   0   0   1   0   -1.389398970e-03
dxdz_q1   0   0   0   0   5   -2.717279961e+02
dxdz_q1   0   0   0   0   4   +1.699802709e+00
dxdz_q1   0   0   0   0   3   +1.750510511e-01
dxdz_q1   0   0   0   0   2   -7.492108231e-04
dxdz_q1   0   0   0   0   1   -1.591864645e-05
dxdz_q1   0   0   0   0   0   -6.203995157e-06
dydz_q1   5   0   0   0   0   +1.351279768e+06
dydz_q1   4   1   0   0   0   -1.422942453e+06
dydz_q1   4   0   1   0   0   -5.215771454e+06
dydz_q1   4   0   0   1   0   -2.423053783e+06
dydz_q1   4   0   0   0   1   +3.285165154e+05
dydz_q1   4   0   0   0   0   -5.776348327e+04
dydz_q1   3   2   0   0   0   -5.483171773e+05
dydz_q1   3   1   1   0   0   +4.572503612e+06
dydz_q1   3   1   0   1   0   +6.541233839e+05
dydz_q1   3   1   0   0   1   -6.957828144e+04
dydz_q1   3   1   0   0   0   -2.325684738e+03
dydz_q1   3   0   2   0   0   +7.635979868e+06
dydz_q1   3   0   1   1   0   +7.758260926e+06
dydz_q1   3   0   1   0   1   -1.148532411e+06
dydz_q1   3   0   1   0   0   +1.874891280e+05
dydz_q1   3   0   0   2   0   -4.930445941e+05
dydz_q1   3   0   0   1   1   +9.530126764e+04
dydz_q1   3   0   0   1   0   +2.160434449e+04
dydz_q1   3   0   0   0   2   -2.248427731e+04
dydz_q1   3   0   0   0   1   -3.946466416e+03
dydz_q1   3   0   0   0   0   +3.124536183e+02
dydz_q1   2   3   0   0   0   -2.887489890e+05
dydz_q1   2   2   1   0   0   +1.190546129e+06
dydz_q1   2   2   0   1   0   +5.576243558e+05
dydz_q1   2   2   0   0   1   -4.467694235e+04
dydz_q1   2   2   0   0   0   +2.255128815e+04
dydz_q1   2   1   2   0   0   -5.348140136e+06
dydz_q1   2   1   1   1   0   -1.596643956e+06
dydz_q1   2   1   1   0   1   +2.237223552e+05
dydz_q1   2   1   1   0   0   +1.193846357e+04
dydz_q1   2   1   0   2   0   -2.010538543e+05
dydz_q1   2   1   0   1   1   +7.686147310e+03
dydz_q1   2   1   0   1   0   +2.137541696e+04
dydz_q1   2   1   0   0   2   +3.802628681e+04
dydz_q1   2   1   0   0   1   +2.930702840e+03
dydz_q1   2   1   0   0   0   +5.214302907e+02
dydz_q1   2   0   3   0   0   -5.270081015e+06
dydz_q1   2   0   2   1   0   -8.840352480e+06
dydz_q1   2   0   2   0   1   +1.443653176e+06
dydz_q1   2   0   2   0   0   -2.205006930e+05
dydz_q1   2   0   1   2   0   +1.042695833e+06
dydz_q1   2   0   1   1   1   -1.831576731e+05
dydz_q1   2   0   1   1   0   -6.138372659e+04
dydz_q1   2   0   1   0   2   +6.470153205e+04
dydz_q1   2   0   1   0   1   +1.165622043e+04
dydz_q1   2   0   1   0   0   -6.550166630e+02
dydz_q1   2   0   0   3   0   +6.059878642e+05
dydz_q1   2   0   0   2   1   -7.008072631e+04
dydz_q1   2   0   0   2   0   +2.552121464e+04
dydz_q1   2   0   0   1   2   +1.487933653e+04
dydz_q1   2   0   0   1   1   -1.223123296e+03
dydz_q1   2   0   0   1   0   +1.119642116e+01
dydz_q1   2   0   0   0   3   -6.366270708e+03
dydz_q1   2   0   0   0   2   +2.360073250e+02
dydz_q1   2   0   0   0   1   +4.359514815e+01
dydz_q1   2   0   0   0   0   -7.341247998e+00
dydz_q1   1   4   0   0   0   +4.698824333e+04
dydz_q1   1   3   1   0   0   +4.262579113e+04
dydz_q1   1   3   0   1   0   -1.388816414e+05
dydz_q1   1   3   0   0   1   +1.956470505e+04
dydz_q1   1   3   0   0   0   +2.723028173e+03
dydz_q1   1   2   2   0   0   -8.584320477e+05
dydz_q1   1   2   1   1   0   -8.275735773e+05
dydz_q1   1   2   1   0   1   +2.836203809e+04
dydz_q1   1   2   1   0   0   -4.556523038e+04
dydz_q1   1   2   0   2   0   +1.989256623e+05
dydz_q1   1   2   0   1   1   -3.952432079e+04
dydz_q1   1   2   0   1   0   -4.777285599e+03
dydz_q1   1   2   0   0   2   +3.736335112e+03
dydz_q1   1   2   0   0   1   +4.604632643e+02
dydz_q1   1   2   0   0   0   -6.969993950e+01
dydz_q1   1   1   3   0   0   +2.665452394e+06
dydz_q1   1   1   2   1   0   +1.373515843e+06
dydz_q1   1   1   2   0   1   -2.383697865e+05
dydz_q1   1   1   2   0   0   -1.436168957e+04
dydz_q1   1   1   1   2   0   +1.456514155e+05
dydz_q1   1   1   1   1   1   -1.879176101e+04
dydz_q1   1   1   1   1   0   -3.530551340e+04
dydz_q1   1   1   1   0   2   -6.089097759e+04
dydz_q1   1   1   1   0   1   -4.934047039e+03
dydz_q1   1   1   1   0   0   -8.746773122e+02
dydz_q1   1   1   0   3   0   -9.693185537e+04
dydz_q1   1   1   0   2   1   +1.984508365e+04
dydz_q1   1   1   0   2   0   +4.717201824e+03
dydz_q1   1   1   0   1   2   -8.015060733e+03
dydz_q1   1   1   0   1   1   -8.475360277e+02
dydz_q1   1   1   0   1   0   -3.677565678e+01
dydz_q1   1   1   0   0   3   +1.206633420e+03
dydz_q1   1   1   0   0   2   -8.621107537e+01
dydz_q1   1   1   0   0   1   -1.465127655e+01
dydz_q1   1   1   0   0   0   -2.067499178e+00
dydz_q1   1   0   4   0   0   +1.718108406e+06
dydz_q1   1   0   3   1   0   +4.209527957e+06
dydz_q1   1   0   3   0   1   -7.638337562e+05
dydz_q1   1   0   3   0   0   +1.087144949e+05
dydz_q1   1   0   2   2   0   -6.952335040e+05
dydz_q1   1   0   2   1   1   +9.611792046e+04
dydz_q1   1   0   2   1   0   +5.558781572e+04
dydz_q1   1   0   2   0   2   -6.091349374e+04
dydz_q1   1   0   2   0   1   -1.108568181e+04
dydz_q1   1   0   2   0   0   +3.931519106e+02
dydz_q1   1   0   1   3   0   -8.055647514e+05
dydz_q1   1   0   1   2   1   +1.103178073e+05
dydz_q1   1   0   1   2   0   -3.778412569e+04
dydz_q1   1   0   1   1   2   -3.234271443e+04
dydz_q1   1   0   1   1   1   +9.659637693e+02
dydz_q1   1   0   1   1   0   -1.382593301e+02
dydz_q1   1   0   1   0   3   +1.019920808e+04
dydz_q1   1   0   1   0   2   -4.381660421e+02
dydz_q1   1   0   1   0   1   -8.223394460e+01
dydz_q1   1   0   1   0   0   +1.672605526e+01
dydz_q1   1   0   0   4   0   +5.142011673e+04
dydz_q1   1   0   0   3   1   -3.742271585e+04
dydz_q1   1   0   0   3   0   -3.610622079e+03
dydz_q1   1   0   0   2   2   +1.228874546e+04
dydz_q1   1   0   0   2   1   +7.395064420e+02
dydz_q1   1   0   0   2   0   -1.034568798e+02
dydz_q1   1   0   0   1   3   +2.090186444e+03
dydz_q1   1   0   0   1   2   +1.375491193e+01
dydz_q1   1   0   0   1   1   +2.059399986e+01
dydz_q1   1   0   0   1   0   +6.124459326e-01
dydz_q1   1   0   0   0   4   -1.642694109e+02
dydz_q1   1   0   0   0   3   +1.157115544e+02
dydz_q1   1   0   0   0   2   -8.350844322e-01
dydz_q1   1   0   0   0   1   -2.773923604e-01
dydz_q1   1   0   0   0   0   +2.269898635e-02
dydz_q1   0   5   0   0   0   -6.754564652e+04
dydz_q1   0   4   1   0   0   -3.107745461e+04
dydz_q1   0   4   0   1   0   +3.947830526e+04
dydz_q1   0   4   0   0   1   +2.468227798e+03
dydz_q1   0   4   0   0   0   +7.326505491e+02
dydz_q1   0   3   2   0   0   +2.174202055e+05
dydz_q1   0   3   1   1   0   +1.013188862e+05
dydz_q1   0   3   1   0   1   -1.867354306e+04
dydz_q1   0   3   1   0   0   -1.481458225e+03
dydz_q1   0   3   0   2   0   +8.684076177e+04
dydz_q1   0   3   0   1   1   +3.536721233e+03
dydz_q1   0   3   0   1   0   -1.012733887e+03
dydz_q1   0   3   0   0   2   -4.020170860e+03
dydz_q1   0   3   0   0   1   +1.578660952e+02
dydz_q1   0   3   0   0   0   +7.789345624e+01
dydz_q1   0   2   3   0   0   +2.129101158e+05
dydz_q1   0   2   2   1   0   +3.228323603e+05
dydz_q1   0   2   2   0   1   +5.831353712e+03
dydz_q1   0   2   2   0   0   +2.591044001e+04
dydz_q1   0   2   1   2   0   -1.289312145e+05
dydz_q1   0   2   1   1   1   +2.765228766e+04
dydz_q1   0   2   1   1   0   +3.849258644e+03
dydz_q1   0   2   1   0   2   -5.382337125e+03
dydz_q1   0   2   1   0   1   -3.967804347e+02
dydz_q1   0   2   1   0   0   +6.115359119e+01
dydz_q1   0   2   0   3   0   -2.293368138e+05
dydz_q1   0   2   0   2   1   +1.496072473e+04
dydz_q1   0   2   0   2   0   +3.915250312e+03
dydz_q1   0   2   0   1   2   +2.715664962e+03
dydz_q1   0   2   0   1   1   +3.065615294e+02
dydz_q1   0   2   0   1   0   -2.279184002e+01
dydz_q1   0   2   0   0   3   +3.128587846e+02
dydz_q1   0   2   0   0   2   -8.023689343e+01
dydz_q1   0   2   0   0   1   -5.174797472e-02
dydz_q1   0   2   0   0   0   -2.471195881e+00
dydz_q1   0   1   4   0   0   -4.653973747e+05
dydz_q1   0   1   3   1   0   -3.902903357e+05
dydz_q1   0   1   3   0   1   +7.829237258e+04
dydz_q1   0   1   3   0   0   +5.252604619e+03
dydz_q1   0   1   2   2   0   +5.815808699e+03
dydz_q1   0   1   2   1   1   +2.530098524e+04
dydz_q1   0   1   2   1   0   +1.775096814e+04
dydz_q1   0   1   2   0   2   +2.256427917e+04
dydz_q1   0   1   2   0   1   +2.181326412e+03
dydz_q1   0   1   2   0   0   +3.204851245e+02
dydz_q1   0   1   1   3   0   +7.399287448e+04
dydz_q1   0   1   1   2   1   -2.406883993e+04
dydz_q1   0   1   1   2   0   -3.081006965e+03
dydz_q1   0   1   1   1   2   +7.568834607e+03
dydz_q1   0   1   1   1   1   +5.027906911e+02
dydz_q1   0   1   1   1   0   +2.373195148e+01
dydz_q1   0   1   1   0   3   -2.510947618e+03
dydz_q1   0   1   1   0   2   +4.850874646e+01
dydz_q1   0   1   1   0   1   +1.749216696e+01
dydz_q1   0   1   1   0   0   +1.566063699e+00
dydz_q1   0   1   0   4   0   +2.564322366e+04
dydz_q1   0   1   0   3   1   +3.493726862e+04
dydz_q1   0   1   0   3   0   -6.888775449e+03
dydz_q1   0   1   0   2   2   -9.664716251e+03
dydz_q1   0   1   0   2   1   +5.814576237e+02
dydz_q1   0   1   0   2   0   +4.926686646e+01
dydz_q1   0   1   0   1   3   +3.157725242e+03
dydz_q1   0   1   0   1   2   +1.729775420e+01
dydz_q1   0   1   0   1   1   -5.982298121e+00
dydz_q1   0   1   0   1   0   -1.408191971e+00
dydz_q1   0   1   0   0   4   +3.383729729e+02
dydz_q1   0   1   0   0   3   +1.325896859e+01
dydz_q1   0   1   0   0   2   +7.956645870e-01
dydz_q1   0   1   0   0   1   -6.898015331e-02
dydz_q1   0   1   0   0   0   -1.397953978e-02
dydz_q1   0   0   5   0   0   -2.111111172e+05
dydz_q1   0   0   4   1   0   -7.138473864e+05
dydz_q1   0   0   4   0   1   +1.463793552e+05
dydz_q1   0   0   4   0   0   -1.913639335e+04
dydz_q1   0   0   3   2   0   +1.512866260e+05
dydz_q1   0   0   3   1   1   -1.327481540e+04
dydz_q1   0   0   3   1   0   -1.575044494e+04
dydz_q1   0   0   3   0   2   +1.900944950e+04
dydz_q1   0   0   3   0   1   +3.334659807e+03
dydz_q1   0   0   3   0   0   -6.253206748e+01
dydz_q1   0   0   2   3   0   +2.232626748e+05
dydz_q1   0   0   2   2   1   -3.445626284e+04
dydz_q1   0   0   2   2   0   +1.413010189e+04
dydz_q1   0   0   2   1   2   +1.565174025e+04
dydz_q1   0   0   2   1   1   +3.718843891e+02
dydz_q1   0   0   2   1   0   +1.197165547e+02
dydz_q1   0   0   2   0   3   -4.490306927e+03
dydz_q1   0   0   2   0   2   +1.850650033e+02
dydz_q1   0   0   2   0   1   +2.949165331e+01
dydz_q1   0   0   2   0   0   -5.448344633e+00
dydz_q1   0   0   1   4   0   -3.883348943e+04
dydz_q1   0   0   1   3   1   +3.268679131e+04
dydz_q1   0   0   1   3   0   +3.033528774e+03
dydz_q1   0   0   1   2   2   -1.080410474e+04
dydz_q1   0   0   1   2   1   -7.555430713e+02
dydz_q1   0   0   1   2   0   +7.637929331e+01
dydz_q1   0   0   1   1   3   -3.683466598e+02
dydz_q1   0   0   1   1   2   +1.039408399e+01
dydz_q1   0   0   1   1   1   -1.580048378e+01
dydz_q1   0   0   1   1   0   -6.646502975e-01
dydz_q1   0   0   1   0   4   +3.085324294e+02
dydz_q1   0   0   1   0   3   -9.901790135e+01
dydz_q1   0   0   1   0   2   +6.905074944e-01
dydz_q1   0   0   1   0   1   +3.061979190e-01
dydz_q1   0   0   1   0   0   -2.153852372e-02
dydz_q1   0   0   0   5   0   -3.076499295e+04
dydz_q1   0   0   0   4   1   +2.904582338e+04
dydz_q1   0   0   0   4   0   +2.888415390e+02
dydz_q1   0   0   0   3   2   -8.950613352e+03
dydz_q1   0   0   0   3   1   +8.361868132e+02
dydz_q1   0   0   0   3   0   -7.819181236e+00
dydz_q1   0   0   0   2   3   +4.641824722e+03
dydz_q1   0   0   0   2   2   -1.949918811e+02
dydz_q1   0   0   0   2   1   -1.852820261e+01
dydz_q1   0   0   0   2   0   -9.727843013e-01
dydz_q1   0   0   0   1   4   -6.717109675e+02
dydz_q1   0   0   0   1   3   +3.666252691e+01
dydz_q1   0   0   0   1   2   +2.874857647e+00
dydz_q1   0   0   0   1   1   -2.272933876e-01
dydz_q1   0   0   0   1   0   +1.005603099e+00
dydz_q1   0   0   0   0   5   +1.433089252e+02
dydz_q1   0   0   0   0   4   -3.028901402e-01
dydz_q1   0   0   0   0   3   -1.074661248e+00
dydz_q1   0   0   0   0   2   +1.524414070e-01
dydz_q1   0   0   0   0   1   -1.312986301e-01
dydz_q1   0   0   0   0   0   +7.357985187e-03
x_q1   5   0   0   0   0   -3.155210338e+06
x_q1   4   1   0   0   0   -2.782463962e+05
x_q1   4   0   1   0   0   +1.123502015e+07
x_q1   4   0   0   1   0   +6.585326018e+05
x_q1   4   0   0   0   1   +5.959036088e+04
x_q1   4   0   0   0   0   +4.212765284e+04
x_q1   3   2   0   0   0   +1.449126497e+05
x_q1   3   1   1   0   0   +4.971173397e+05
x_q1   3   1   0   1   0   -7.449890397e+05
x_q1   3   1   0   0   1   -3.957279722e+04
x_q1   3   1   0   0   0   +2.976769954e+04
x_q1   3   0   2   0   0   -1.509059022e+07
x_q1   3   0   1   1   0   -1.927995727e+06
x_q1   3   0   1   0   1   -1.229216536e+05
x_q1   3   0   1   0   0   -1.281386852e+05
x_q1   3   0   0   2   0   +5.027497444e+05
x_q1   3   0   0   1   1   -8.267808525e+04
x_q1   3   0   0   1   0   +1.815652497e+04
x_q1   3   0   0   0   2   +1.701330839e+04
x_q1   3   0   0   0   1   -1.700195953e+03
x_q1   3   0   0   0   0   +1.398142303e+03
x_q1   2   3   0   0   0   +4.713047015e+04
x_q1   2   2   1   0   0   -1.407826311e+05
x_q1   2   2   0   1   0   -1.821669035e+05
x_q1   2   2   0   0   1   -1.113418901e+03
x_q1   2   2   0   0   0   -2.036905694e+03
x_q1   2   1   2   0   0   -1.764848523e+05
x_q1   2   1   1   1   0   +1.354109326e+06
x_q1   2   1   1   0   1   +1.004101732e+05
x_q1   2   1   1   0   0   -1.254750689e+05
x_q1   2   1   0   2   0   +1.283700875e+05
x_q1   2   1   0   1   1   -9.797128618e+03
x_q1   2   1   0   1   0   -2.522030497e+03
x_q1   2   1   0   0   2   -5.837308267e+03
x_q1   2   1   0   0   1   +2.199038944e+02
x_q1   2   1   0   0   0   -1.514585131e+02
x_q1   2   0   3   0   0   +9.454201277e+06
x_q1   2   0   2   1   0   +1.901517079e+06
x_q1   2   0   2   0   1   +9.263292415e+04
x_q1   2   0   2   0   0   +1.392256239e+05
x_q1   2   0   1   2   0   -5.946359979e+05
x_q1   2   0   1   1   1   +1.008507575e+05
x_q1   2   0   1   1   0   -2.255724127e+04
x_q1   2   0   1   0   2   -4.955081975e+04
x_q1   2   0   1   0   1   +2.659808386e+03
x_q1   2   0   1   0   0   -4.022637856e+03
x_q1   2   0   0   3   0   -2.254820668e+05
x_q1   2   0   0   2   1   +7.425055047e+04
x_q1   2   0   0   2   0   -9.710786752e+03
x_q1   2   0   0   1   2   +2.128187284e+03
x_q1   2   0   0   1   1   +3.305764392e+03
x_q1   2   0   0   1   0   -2.526773714e+01
x_q1   2   0   0   0   3   -6.481863680e+03
x_q1   2   0   0   0   2   -8.219761291e+01
x_q1   2   0   0   0   1   -1.352990500e+01
x_q1   2   0   0   0   0   -3.435182756e+00
x_q1   1   4   0   0   0   -5.100971648e+04
x_q1   1   3   1   0   0   -2.564014244e+04
x_q1   1   3   0   1   0   +1.200076998e+05
x_q1   1   3   0   0   1   +1.754817159e+04
x_q1   1   3   0   0   0   -8.731156758e+03
x_q1   1   2   2   0   0   +5.863874920e+05
x_q1   1   2   1   1   0   +2.678751668e+05
x_q1   1   2   1   0   1   -6.064393624e+03
x_q1   1   2   1   0   0   +4.263817544e+03
x_q1   1   2   0   2   0   -1.586388539e+05
x_q1   1   2   0   1   1   +2.992225338e+04
x_q1   1   2   0   1   0   +3.695991259e+03
x_q1   1   2   0   0   2   -4.727417909e+03
x_q1   1   2   0   0   1   +3.494927553e+02
x_q1   1   2   0   0   0   -1.655345777e+02
x_q1   1   1   3   0   0   -5.003357675e+04
x_q1   1   1   2   1   0   -1.105790396e+06
x_q1   1   1   2   0   1   -5.770969659e+04
x_q1   1   1   2   0   0   +1.483764671e+05
x_q1   1   1   1   2   0   -7.704749593e+04
x_q1   1   1   1   1   1   -1.761612329e+04
x_q1   1   1   1   1   0   +6.475965611e+03
x_q1   1   1   1   0   2   +1.123719314e+04
x_q1   1   1   1   0   1   -3.951781193e+02
x_q1   1   1   1   0   0   +3.578045354e+02
x_q1   1   1   0   3   0   -3.416135822e+05
x_q1   1   1   0   2   1   +3.310469726e+04
x_q1   1   1   0   2   0   -8.049582753e+03
x_q1   1   1   0   1   2   -4.208092073e+03
x_q1   1   1   0   1   1   +1.436342883e+03
x_q1   1   1   0   1   0   -4.962349220e+00
x_q1   1   1   0   0   3   +1.133721249e+03
x_q1   1   1   0   0   2   +1.154321561e+02
x_q1   1   1   0   0   1   -1.926863770e+01
x_q1   1   1   0   0   0   +6.456675073e+00
x_q1   1   0   4   0   0   -2.752321368e+06
x_q1   1   0   3   1   0   -7.044215542e+05
x_q1   1   0   3   0   1   -4.336968009e+04
x_q1   1   0   3   0   0   -6.327216773e+04
x_q1   1   0   2   2   0   +6.266848164e+04
x_q1   1   0   2   1   1   -6.036517773e+02
x_q1   1   0   2   1   0   -2.888908417e+03
x_q1   1   0   2   0   2   +4.652437730e+04
x_q1   1   0   2   0   1   -8.022900357e+02
x_q1   1   0   2   0   0   +3.889816704e+03
x_q1   1   0   1   3   0   +2.679235678e+05
x_q1   1   0   1   2   1   -9.564134880e+04
x_q1   1   0   1   2   0   +1.256469535e+04
x_q1   1   0   1   1   2   +2.219301735e+03
x_q1   1   0   1   1   1   -5.079980669e+03
x_q1   1   0   1   1   0   +3.527231541e+00
x_q1   1   0   1   0   3   +1.026463318e+04
x_q1   1   0   1   0   2   +2.149150038e+02
x_q1   1   0   1   0   1   +3.213701592e+01
x_q1   1   0   1   0   0   +7.062479385e+00
x_q1   1   0   0   4   0   -1.572775001e+04
x_q1   1   0   0   3   1   -5.228089188e+03
x_q1   1   0   0   3   0   -4.180850883e+03
x_q1   1   0   0   2   2   +5.168088524e+03
x_q1   1   0   0   2   1   -3.699950867e+02
x_q1   1   0   0   2   0   +8.391255165e-02
x_q1   1   0   0   1   3   -1.614362528e+03
x_q1   1   0   0   1   2   -7.456922308e+01
x_q1   1   0   0   1   1   -5.365142159e+00
x_q1   1   0   0   1   0   +1.218196302e+00
x_q1   1   0   0   0   4   +1.797465063e+03
x_q1   1   0   0   0   3   -1.357652344e+01
x_q1   1   0   0   0   2   -3.135794597e+00
x_q1   1   0   0   0   1   -7.037026743e-02
x_q1   1   0   0   0   0   +9.857917323e-01
x_q1   0   5   0   0   0   -2.206703182e+03
x_q1   0   4   1   0   0   +1.874747648e+05
x_q1   0   4   0   1   0   +3.009367311e+03
x_q1   0   4   0   0   1   +1.395003525e+03
x_q1   0   4   0   0   0   -2.184461439e+01
x_q1   0   3   2   0   0   -7.335494676e+03
x_q1   0   3   1   1   0   -5.935466588e+04
x_q1   0   3   1   0   1   -1.395060765e+04
x_q1   0   3   1   0   0   +9.711899187e+03
x_q1   0   3   0   2   0   -6.492552345e+03
x_q1   0   3   0   1   1   -1.016688440e+03
x_q1   0   3   0   1   0   -4.626629312e+01
x_q1   0   3   0   0   2   +7.989855282e+02
x_q1   0   3   0   0   1   +2.573006464e+01
x_q1   0   3   0   0   0   +1.077746405e+01
x_q1   0   2   3   0   0   -4.638560911e+05
x_q1   0   2   2   1   0   -8.075233126e+04
x_q1   0   2   2   0   1   -9.718952506e+02
x_q1   0   2   2   0   0   -2.906495315e+03
x_q1   0   2   1   2   0   +7.158838023e+04
x_q1   0   2   1   1   1   -1.402878198e+04
x_q1   0   2   1   1   0   +2.157037621e+03
x_q1   0   2   1   0   2   +2.065255953e+03
x_q1   0   2   1   0   1   -2.531346315e+02
x_q1   0   2   1   0   0   -1.037932422e+01
x_q1   0   2   0   3   0   +3.452134489e+04
x_q1   0   2   0   2   1   -4.901970036e+03
x_q1   0   2   0   2   0   +1.258063119e+02
x_q1   0   2   0   1   2   -1.875769219e+03
x_q1   0   2   0   1   1   -8.500890341e+01
x_q1   0   2   0   1   0   -1.421490357e+01
x_q1   0   2   0   0   3   +1.212119501e+03
x_q1   0   2   0   0   2   +1.402126643e+01
x_q1   0   2   0   0   1   -2.724369841e-01
x_q1   0   2   0   0   0   +2.478813623e-01
x_q1   0   1   4   0   0   +2.122618711e+04
x_q1   0   1   3   1   0   +3.515176749e+05
x_q1   0   1   3   0   1   +7.815532138e+03
x_q1   0   1   3   0   0   -5.728835026e+04
x_q1   0   1   2   2   0   +3.460758410e+02
x_q1   0   1   2   1   1   +1.631382310e+04
x_q1   0   1   2   1   0   -2.270753715e+03
x_q1   0   1   2   0   2   -5.417222741e+03
x_q1   0   1   2   0   1   -1.464714707e+01
x_q1   0   1   2   0   0   -2.060703766e+02
x_q1   0   1   1   3   0   +3.012031265e+05
x_q1   0   1   1   2   1   -1.987000208e+04
x_q1   0   1   1   2   0   +4.870434137e+03
x_q1   0   1   1   1   2   +2.218084558e+03
x_q1   0   1   1   1   1   -6.465786627e+02
x_q1   0   1   1   1   0   +2.979602921e+01
x_q1   0   1   1   0   3   -1.207956607e+02
x_q1   0   1   1   0   2   -1.011548403e+02
x_q1   0   1   1   0   1   +7.385928847e+00
x_q1   0   1   1   0   0   -1.656513508e+00
x_q1   0   1   0   4   0   -3.843741184e+04
x_q1   0   1   0   3   1   +6.589363353e+03
x_q1   0   1   0   3   0   +1.103704630e+03
x_q1   0   1   0   2   2   -9.782576422e+02
x_q1   0   1   0   2   1   -1.728328759e+02
x_q1   0   1   0   2   0   +2.413758634e+01
x_q1   0   1   0   1   3   +3.461567362e+02
x_q1   0   1   0   1   2   -3.982755638e+01
x_q1   0   1   0   1   1   -2.727991868e+00
x_q1   0   1   0   1   0   -2.436677350e-01
x_q1   0   1   0   0   4   +4.518393631e+02
x_q1   0   1   0   0   3   +1.609316442e+01
x_q1   0   1   0   0   2   -8.760629285e-01
x_q1   0   1   0   0   1   +3.163720314e-02
x_q1   0   1   0   0   0   -6.985484169e-03
x_q1   0   0   5   0   0   +2.884939076e+05
x_q1   0   0   4   1   0   +8.260640857e+04
x_q1   0   0   4   0   1   +9.645132387e+03
x_q1   0   0   4   0   0   +1.011740927e+04
x_q1   0   0   3   2   0   +3.243307556e+04
x_q1   0   0   3   1   1   -5.870754541e+03
x_q1   0   0   3   1   0   +4.699646619e+03
x_q1   0   0   3   0   2   -1.412708661e+04
x_q1   0   0   3   0   1   -6.607347880e+01
x_q1   0   0   3   0   0   -1.207246285e+03
x_q1   0   0   2   3   0   -5.155313716e+04
x_q1   0   0   2   2   1   +1.838122708e+04
x_q1   0   0   2   2   0   -3.344773145e+03
x_q1   0   0   2   1   2   -3.110069508e+03
x_q1   0   0   2   1   1   +1.753446358e+03
x_q1   0   0   2   1   0   +2.165890986e+00
x_q1   0   0   2   0   3   -3.231004384e+03
x_q1   0   0   2   0   2   -1.157136178e+02
x_q1   0   0   2   0   1   -1.315519761e+01
x_q1   0   0   2   0   0   -3.839405148e+00
x_q1   0   0   1   4   0   -2.214010310e+04
x_q1   0   0   1   3   1   +2.066880817e+04
x_q1   0   0   1   3   0   +3.789643427e+03
x_q1   0   0   1   2   2   -7.292737907e+03
x_q1   0   0   1   2   1   +5.426870916e+02
x_q1   0   0   1   2   0   +1.489219469e+01
x_q1   0   0   1   1   3   +8.318563513e+02
x_q1   0   0   1   1   2   +1.704849729e+01
x_q1   0   0   1   1   1   -7.603969892e+00
x_q1   0   0   1   1   0   +1.843322486e+00
x_q1   0   0   1   0   4   -1.822502811e+03
x_q1   0   0   1   0   3   +1.076118249e+01
x_q1   0   0   1   0   2   +3.429711260e+00
x_q1   0   0   1   0   1   -1.247144891e-01
x_q1   0   0   1   0   0   +1.979398921e+00
x_q1   0   0   0   5   0   +1.516990328e+04
x_q1   0   0   0   4   1   -2.124297274e+03
x_q1   0   0   0   4   0   -1.108146909e+02
x_q1   0   0   0   3   2   -3.354253275e+03
x_q1   0   0   0   3   1   -2.481892699e+01
x_q1   0   0   0   3   0   -1.429162156e+00
x_q1   0   0   0   2   3   +2.214855172e+03
x_q1   0   0   0   2   2   -2.076128912e+01
x_q1   0   0   0   2   1   -3.642002059e-01
x_q1   0   0   0   2   0   -3.292473999e-02
x_q1   0   0   0   1   4   +2.666413053e+02
x_q1   0   0   0   1   3   +1.789779362e+01
x_q1   0   0   0   1   2   +1.048209666e+00
x_q1   0   0   0   1   1   +3.802805159e-02
x_q1   0   0   0   1   0   -1.293493741e-04
x_q1   0   0   0   0   5   -3.861256686e+02
x_q1   0   0   0   0   4   +5.978128279e-01
x_q1   0   0   0   0   3   +8.460894722e-02
x_q1   0   0   0   0   2   -6.846647526e-04
x_q1   0   0   0   0   1   -8.778866417e-05
x_q1   0   0   0   0   0   -1.258575980e-03
y_q1   5   0   0   0   0   +1.972308785e+06
y_q1   4   1   0   0   0   -2.518133156e+06
y_q1   4   0   1   0   0   -7.664756640e+06
y_q1   4   0   0   1   0   -3.820513231e+06
y_q1   4   0   0   0   1   +4.155486513e+05
y_q1   4   0   0   0   0   -1.064240501e+05
y_q1   3   2   0   0   0   -8.844373864e+05
y_q1   3   1   1   0   0   +8.308379483e+06
y_q1   3   1   0   1   0   +1.003159709e+06
y_q1   3   1   0   0   1   -1.316988071e+05
y_q1   3   1   0   0   0   -3.364098188e+03
y_q1   3   0   2   0   0   +1.126262578e+07
y_q1   3   0   1   1   0   +1.222898065e+07
y_q1   3   0   1   0   1   -1.490281367e+06
y_q1   3   0   1   0   0   +3.487901419e+05
y_q1   3   0   0   2   0   -8.250971581e+05
y_q1   3   0   0   1   1   +1.687835782e+05
y_q1   3   0   0   1   0   +2.949509807e+04
y_q1   3   0   0   0   2   -3.671673702e+04
y_q1   3   0   0   0   1   -5.350016746e+03
y_q1   3   0   0   0   0   +6.024665316e+02
y_q1   2   3   0   0   0   -5.502007553e+05
y_q1   2   2   1   0   0   +1.945178433e+06
y_q1   2   2   0   1   0   +9.814982028e+05
y_q1   2   2   0   0   1   -4.149621277e+04
y_q1   2   2   0   0   0   +3.777431832e+04
y_q1   2   1   2   0   0   -9.975243727e+06
y_q1   2   1   1   1   0   -2.414913311e+06
y_q1   2   1   1   0   1   +3.977967256e+05
y_q1   2   1   1   0   0   +1.742839629e+04
y_q1   2   1   0   2   0   -4.047118873e+05
y_q1   2   1   0   1   1   +1.686191220e+04
y_q1   2   1   0   1   0   +3.360950917e+04
y_q1   2   1   0   0   2   +6.344097417e+04
y_q1   2   1   0   0   1   +5.068059436e+03
y_q1   2   1   0   0   0   +9.259052092e+02
y_q1   2   0   3   0   0   -7.772188866e+06
y_q1   2   0   2   1   0   -1.392835363e+07
y_q1   2   0   2   0   1   +1.919978457e+06
y_q1   2   0   2   0   0   -4.143040829e+05
y_q1   2   0   1   2   0   +1.710480022e+06
y_q1   2   0   1   1   1   -3.254228046e+05
y_q1   2   0   1   1   0   -8.524402295e+04
y_q1   2   0   1   0   2   +1.116551158e+05
y_q1   2   0   1   0   1   +1.637516569e+04
y_q1   2   0   1   0   0   -1.317527006e+03
y_q1   2   0   0   3   0   +9.235371921e+05
y_q1   2   0   0   2   1   -8.681894173e+04
y_q1   2   0   0   2   0   +4.141382638e+04
y_q1   2   0   0   1   2   +1.365079126e+04
y_q1   2   0   0   1   1   -1.831474416e+03
y_q1   2   0   0   1   0   +4.417618171e+01
y_q1   2   0   0   0   3   -6.125629271e+03
y_q1   2   0   0   0   2   +3.880959438e+02
y_q1   2   0   0   0   1   +5.423632735e+01
y_q1   2   0   0   0   0   -1.306763555e+01
y_q1   1   4   0   0   0   +8.260812436e+04
y_q1   1   3   1   0   0   +1.277877233e+05
y_q1   1   3   0   1   0   -2.295288718e+05
y_q1   1   3   0   0   1   +3.299408689e+04
y_q1   1   3   0   0   0   +4.789753000e+03
y_q1   1   2   2   0   0   -1.419472028e+06
y_q1   1   2   1   1   0   -1.374565505e+06
y_q1   1   2   1   0   1   +8.172421857e+03
y_q1   1   2   1   0   0   -7.912187335e+04
y_q1   1   2   0   2   0   +3.294474823e+05
y_q1   1   2   0   1   1   -7.195484542e+04
y_q1   1   2   0   1   0   -7.617884636e+03
y_q1   1   2   0   0   2   +5.160189448e+03
y_q1   1   2   0   0   1   +6.960520325e+02
y_q1   1   2   0   0   0   -1.179660509e+02
y_q1   1   1   3   0   0   +5.108852553e+06
y_q1   1   1   2   1   0   +2.053296122e+06
y_q1   1   1   2   0   1   -4.052271599e+05
y_q1   1   1   2   0   0   -2.098377521e+04
y_q1   1   1   1   2   0   +2.871485648e+05
y_q1   1   1   1   1   1   -3.653448824e+04
y_q1   1   1   1   1   0   -5.554123796e+04
y_q1   1   1   1   0   2   -1.015248635e+05
y_q1   1   1   1   0   1   -8.494623575e+03
y_q1   1   1   1   0   0   -1.549246948e+03
y_q1   1   1   0   3   0   -1.396958285e+05
y_q1   1   1   0   2   1   +3.593781798e+04
y_q1   1   1   0   2   0   +7.987075806e+03
y_q1   1   1   0   1   2   -1.310580187e+04
y_q1   1   1   0   1   1   -1.498681561e+03
y_q1   1   1   0   1   0   -5.733549741e+01
y_q1   1   1   0   0   3   +3.160817811e+03
y_q1   1   1   0   0   2   -2.110251828e+02
y_q1   1   1   0   0   1   -2.571242108e+01
y_q1   1   1   0   0   0   -3.599766935e+00
y_q1   1   0   4   0   0   +2.522080922e+06
y_q1   1   0   3   1   0   +6.629850515e+06
y_q1   1   0   3   0   1   -1.039672156e+06
y_q1   1   0   3   0   0   +2.078105482e+05
y_q1   1   0   2   2   0   -1.103515328e+06
y_q1   1   0   2   1   1   +1.723352335e+05
y_q1   1   0   2   1   0   +7.805462317e+04
y_q1   1   0   2   0   2   -1.109646482e+05
y_q1   1   0   2   0   1   -1.604197540e+04
y_q1   1   0   2   0   0   +8.586138082e+02
y_q1   1   0   1   3   0   -1.212053307e+06
y_q1   1   0   1   2   1   +1.389138021e+05
y_q1   1   0   1   2   0   -6.338064349e+04
y_q1   1   0   1   1   2   -3.657851097e+04
y_q1   1   0   1   1   1   +1.499288667e+03
y_q1   1   0   1   1   0   -2.617786463e+02
y_q1   1   0   1   0   3   +9.961604590e+03
y_q1   1   0   1   0   2   -7.643017598e+02
y_q1   1   0   1   0   1   -1.080582128e+02
y_q1   1   0   1   0   0   +2.722819326e+01
y_q1   1   0   0   4   0   +6.406100122e+04
y_q1   1   0   0   3   1   -5.149842986e+04
y_q1   1   0   0   3   0   -5.596702880e+03
y_q1   1   0   0   2   2   +1.581434715e+04
y_q1   1   0   0   2   1   +1.207975200e+03
y_q1   1   0   0   2   0   -1.563607066e+02
y_q1   1   0   0   1   3   +4.651090056e+03
y_q1   1   0   0   1   2   +9.217180350e+01
y_q1   1   0   0   1   1   +2.949723200e+01
y_q1   1   0   0   1   0   +8.494941864e-01
y_q1   1   0   0   0   4   -1.078936381e+03
y_q1   1   0   0   0   3   +1.765998997e+02
y_q1   1   0   0   0   2   +1.015123267e+00
y_q1   1   0   0   0   1   -4.040011528e-01
y_q1   1   0   0   0   0   +3.780246238e-02
y_q1   0   5   0   0   0   -1.295352941e+05
y_q1   0   4   1   0   0   -5.466562402e+04
y_q1   0   4   0   1   0   +8.717532989e+04
y_q1   0   4   0   0   1   +5.571807238e+03
y_q1   0   4   0   0   0   +1.428668271e+03
y_q1   0   3   2   0   0   +3.717295840e+05
y_q1   0   3   1   1   0   +1.614061592e+05
y_q1   0   3   1   0   1   -3.114288812e+04
y_q1   0   3   1   0   0   -2.601033463e+03
y_q1   0   3   0   2   0   +1.619093899e+05
y_q1   0   3   0   1   1   +6.288902740e+03
y_q1   0   3   0   1   0   -1.729423835e+03
y_q1   0   3   0   0   2   -6.887722393e+03
y_q1   0   3   0   0   1   +2.676835936e+02
y_q1   0   3   0   0   0   +1.476175614e+02
y_q1   0   2   3   0   0   +3.544111167e+05
y_q1   0   2   2   1   0   +4.885707561e+05
y_q1   0   2   2   0   1   +2.185622342e+04
y_q1   0   2   2   0   0   +4.500076913e+04
y_q1   0   2   1   2   0   -2.017942433e+05
y_q1   0   2   1   1   1   +4.898969797e+04
y_q1   0   2   1   1   0   +5.953775167e+03
y_q1   0   2   1   0   2   -8.346834804e+03
y_q1   0   2   1   0   1   -6.246391505e+02
y_q1   0   2   1   0   0   +1.072915051e+02
y_q1   0   2   0   3   0   -4.449604609e+05
y_q1   0   2   0   2   1   +2.242965805e+04
y_q1   0   2   0   2   0   +8.402898685e+03
y_q1   0   2   0   1   2   +6.362973245e+03
y_q1   0   2   0   1   1   +5.971139661e+02
y_q1   0   2   0   1   0   -5.478482545e+01
y_q1   0   2   0   0   3   +4.218897742e+02
y_q1   0   2   0   0   2   -1.349646904e+02
y_q1   0   2   0   0   1   -3.038963221e+00
y_q1   0   2   0   0   0   -3.676468983e+00
y_q1   0   1   4   0   0   -9.182828657e+05
y_q1   0   1   3   1   0   -5.763254967e+05
y_q1   0   1   3   0   1   +1.297107450e+05
y_q1   0   1   3   0   0   +7.688764121e+03
y_q1   0   1   2   2   0   +1.807969614e+04
y_q1   0   1   2   1   1   +4.197809995e+04
y_q1   0   1   2   1   0   +2.615740388e+04
y_q1   0   1   2   0   2   +3.797071834e+04
y_q1   0   1   2   0   1   +3.750516994e+03
y_q1   0   1   2   0   0   +5.709414137e+02
y_q1   0   1   1   3   0   +1.002734489e+05
y_q1   0   1   1   2   1   -4.159192548e+04
y_q1   0   1   1   2   0   -4.982638853e+03
y_q1   0   1   1   1   2   +1.216052830e+04
y_q1   0   1   1   1   1   +8.989380937e+02
y_q1   0   1   1   1   0   +3.805405034e+01
y_q1   0   1   1   0   3   -4.696138036e+03
y_q1   0   1   1   0   2   +1.409293891e+02
y_q1   0   1   1   0   1   +2.940641277e+01
y_q1   0   1   1   0   0   +2.743557534e+00
y_q1   0   1   0   4   0   +6.743215821e+04
y_q1   0   1   0   3   1   +5.272021390e+04
y_q1   0   1   0   3   0   -1.313436089e+04
y_q1   0   1   0   2   2   -1.486340842e+04
y_q1   0   1   0   2   1   +8.138209259e+02
y_q1   0   1   0   2   0   +1.205722281e+02
y_q1   0   1   0   1   3   +4.570857376e+03
y_q1   0   1   0   1   2   +7.354759895e+01
y_q1   0   1   0   1   1   -1.003045161e+01
y_q1   0   1   0   1   0   -1.875019469e-01
y_q1   0   1   0   0   4   +8.054699394e+02
y_q1   0   1   0   0   3   +1.831403519e+01
y_q1   0   1   0   0   2   +1.061336498e+00
y_q1   0   1   0   0   1   -1.930638386e-01
y_q1   0   1   0   0   0   +9.662242822e-01
y_q1   0   0   5   0   0   -3.066096975e+05
y_q1   0   0   4   1   0   -1.121112086e+06
y_q1   0   0   4   0   1   +2.032006497e+05
y_q1   0   0   4   0   0   -3.715972786e+04
y_q1   0   0   3   2   0   +2.295930598e+05
y_q1   0   0   3   1   1   -2.420130618e+04
y_q1   0   0   3   1   0   -2.215772116e+04
y_q1   0   0   3   0   2   +3.617139775e+04
y_q1   0   0   3   0   1   +4.935772831e+03
y_q1   0   0   3   0   0   -1.641802110e+02
y_q1   0   0   2   3   0   +3.260946902e+05
y_q1   0   0   2   2   1   -4.180091005e+04
y_q1   0   0   2   2   0   +2.372136901e+04
y_q1   0   0   2   1   2   +1.985568760e+04
y_q1   0   0   2   1   1   +5.638407803e+02
y_q1   0   0   2   1   0   +2.068572686e+02
y_q1   0   0   2   0   3   -4.978331055e+03
y_q1   0   0   2   0   2   +3.413437722e+02
y_q1   0   0   2   0   1   +4.110766450e+01
y_q1   0   0   2   0   0   -1.021688349e+01
y_q1   0   0   1   4   0   -3.939856053e+04
y_q1   0   0   1   3   1   +4.212758637e+04
y_q1   0   0   1   3   0   +4.772078957e+03
y_q1   0   0   1   2   2   -1.326417009e+04
y_q1   0   0   1   2   1   -1.279674477e+03
y_q1   0   0   1   2   0   +1.126618871e+02
y_q1   0   0   1   1   3   -1.774206575e+03
y_q1   0   0   1   1   2   -3.978914221e+01
y_q1   0   0   1   1   1   -2.155884888e+01
y_q1   0   0   1   1   0   -1.004350313e+00
y_q1   0   0   1   0   4   +9.889655063e+02
y_q1   0   0   1   0   3   -1.519390488e+02
y_q1   0   0   1   0   2   -3.514794171e-01
y_q1   0   0   1   0   1   +4.684185024e-01
y_q1   0   0   1   0   0   -3.333086793e-02
y_q1   0   0   0   5   0   -3.944571112e+04
y_q1   0   0   0   4   1   +4.047866563e+04
y_q1   0   0   0   4   0   +1.305783474e+03
y_q1   0   0   0   3   2   -1.094467598e+04
y_q1   0   0   0   3   1   +1.200977764e+03
y_q1   0   0   0   3   0   -2.534970881e+01
y_q1   0   0   0   2   3   +5.816383185e+03
y_q1   0   0   0   2   2   -2.711585679e+02
y_q1   0   0   0   2   1   -2.845986251e+01
y_q1   0   0   0   2   0   -5.722813664e-01
y_q1   0   0   0   1   4   -8.240474440e+02
y_q1   0   0   0   1   3   +4.776874553e+01
y_q1   0   0   0   1   2   +3.345967951e+00
y_q1   0   0   0   1   1   -3.905834920e-01
y_q1   0   0   0   1   0   +1.925325185e+00
y_q1   0   0   0   0   5   +2.203939405e+02
y_q1   0   0   0   0   4   +2.375778911e+00
y_q1   0   0   0   0   3   -1.320274931e+00
y_q1   0   0   0   0   2   +1.495027437e-01
y_q1   0   0   0   0   1   -1.252287186e-01
y_q1   0   0   0   0   0   +2.212258557e-02
