# Polynomial metadata: 
# -- Order: 5
# -- Trained on data: 'data/mc/mc_R_production.root'
# -- Input branches: { x_sv y_sv dxdz_sv dydz_sv dpp_sv }
# -- Time created: Mon Jan 12 10:06:37 2026

poly-DoF 5
is-RHRS 1
dxdz_fp   5   0   0   0   0   -1.062002318e+06
dxdz_fp   4   1   0   0   0   -6.484320979e+05
dxdz_fp   4   0   1   0   0   +3.285282637e+06
dxdz_fp   4   0   0   1   0   -4.029182038e+05
dxdz_fp   4   0   0   0   1   -1.156034102e+05
dxdz_fp   4   0   0   0   0   +3.746497197e+04
dxdz_fp   3   2   0   0   0   +2.178318044e+05
dxdz_fp   3   1   1   0   0   +2.305144230e+06
dxdz_fp   3   1   0   1   0   -2.644633517e+05
dxdz_fp   3   1   0   0   1   +8.164419349e+04
dxdz_fp   3   1   0   0   0   -1.765604136e+04
dxdz_fp   3   0   2   0   0   -3.443981387e+06
dxdz_fp   3   0   1   1   0   +9.157724051e+05
dxdz_fp   3   0   1   0   1   +2.817193498e+05
dxdz_fp   3   0   1   0   0   -1.070939350e+05
dxdz_fp   3   0   0   2   0   +6.598525631e+05
dxdz_fp   3   0   0   1   1   +5.931962983e+04
dxdz_fp   3   0   0   1   0   +2.506706584e+04
dxdz_fp   3   0   0   0   2   -3.012893456e+04
dxdz_fp   3   0   0   0   1   -2.325537999e+03
dxdz_fp   3   0   0   0   0   -8.007765153e+02
dxdz_fp   2   3   0   0   0   +1.093268803e+05
dxdz_fp   2   2   1   0   0   -6.108223774e+05
dxdz_fp   2   2   0   1   0   -4.258072841e+04
dxdz_fp   2   2   0   0   1   -8.532542823e+02
dxdz_fp   2   2   0   0   0   -4.208892354e+03
dxdz_fp   2   1   2   0   0   -2.714752825e+06
dxdz_fp   2   1   1   1   0   +8.971417817e+05
dxdz_fp   2   1   1   0   1   -2.197377677e+05
dxdz_fp   2   1   1   0   0   +2.321921015e+04
dxdz_fp   2   1   0   2   0   +5.612281768e+04
dxdz_fp   2   1   0   1   1   +3.363763479e+04
dxdz_fp   2   1   0   1   0   +3.201266069e+03
dxdz_fp   2   1   0   0   2   -8.231951628e+03
dxdz_fp   2   1   0   0   1   -2.614758607e+03
dxdz_fp   2   1   0   0   0   +6.613401346e+01
dxdz_fp   2   0   3   0   0   +1.215475714e+06
dxdz_fp   2   0   2   1   0   -7.151992034e+05
dxdz_fp   2   0   2   0   1   -2.049644673e+05
dxdz_fp   2   0   2   0   0   +1.070444315e+05
dxdz_fp   2   0   1   2   0   -1.602850768e+06
dxdz_fp   2   0   1   1   1   -1.275324932e+05
dxdz_fp   2   0   1   1   0   -5.836790779e+04
dxdz_fp   2   0   1   0   2   +6.287664910e+04
dxdz_fp   2   0   1   0   1   +6.723490777e+03
dxdz_fp   2   0   1   0   0   +1.895841561e+03
dxdz_fp   2   0   0   3   0   +9.396435078e+04
dxdz_fp   2   0   0   2   1   +5.099581937e+04
dxdz_fp   2   0   0   2   0   -6.162138906e+03
dxdz_fp   2   0   0   1   2   +8.244889462e+03
dxdz_fp   2   0   0   1   1   -4.996523316e+02
dxdz_fp   2   0   0   1   0   -1.573707332e+02
dxdz_fp   2   0   0   0   3   +4.231885056e+03
dxdz_fp   2   0   0   0   2   -5.593382075e+01
dxdz_fp   2   0   0   0   1   -1.259876804e+00
dxdz_fp   2   0   0   0   0   +3.819562668e+00
dxdz_fp   1   4   0   0   0   +6.889035627e+03
dxdz_fp   1   3   1   0   0   -1.449741928e+05
dxdz_fp   1   3   0   1   0   +1.801262500e+04
dxdz_fp   1   3   0   0   1   -2.019323329e+02
dxdz_fp   1   3   0   0   0   -1.012784282e+03
dxdz_fp   1   2   2   0   0   +3.190971257e+05
dxdz_fp   1   2   1   1   0   +1.065991526e+05
dxdz_fp   1   2   1   0   1   -1.942665844e+04
dxdz_fp   1   2   1   0   0   +9.071190069e+03
dxdz_fp   1   2   0   2   0   -5.305668614e+04
dxdz_fp   1   2   0   1   1   +1.160450354e+04
dxdz_fp   1   2   0   1   0   -1.567746971e+03
dxdz_fp   1   2   0   0   2   +2.590317286e+03
dxdz_fp   1   2   0   0   1   +1.568492901e+02
dxdz_fp   1   2   0   0   0   +4.484304587e+01
dxdz_fp   1   1   3   0   0   +1.199095892e+06
dxdz_fp   1   1   2   1   0   -7.808526693e+05
dxdz_fp   1   1   2   0   1   +1.941236560e+05
dxdz_fp   1   1   2   0   0   -2.781566098e+03
dxdz_fp   1   1   1   2   0   -2.009841189e+05
dxdz_fp   1   1   1   1   1   -4.455128306e+04
dxdz_fp   1   1   1   1   0   -7.556178275e+03
dxdz_fp   1   1   1   0   2   +1.175482240e+04
dxdz_fp   1   1   1   0   1   +4.399438399e+03
dxdz_fp   1   1   1   0   0   -9.100042655e+01
dxdz_fp   1   1   0   3   0   +1.969124292e+05
dxdz_fp   1   1   0   2   1   +3.107014559e+03
dxdz_fp   1   1   0   2   0   +4.554046704e+02
dxdz_fp   1   1   0   1   2   -9.957181502e+02
dxdz_fp   1   1   0   1   1   -2.624626823e+02
dxdz_fp   1   1   0   1   0   -2.273898127e+01
dxdz_fp   1   1   0   0   3   +9.461088107e+02
dxdz_fp   1   1   0   0   2   -7.018338320e+01
dxdz_fp   1   1   0   0   1   +5.428441258e+00
dxdz_fp   1   1   0   0   0   +2.166285835e+00
dxdz_fp   1   0   4   0   0   +8.107133060e+04
dxdz_fp   1   0   3   1   0   +2.008926381e+05
dxdz_fp   1   0   3   0   1   +2.919758756e+04
dxdz_fp   1   0   3   0   0   -4.148835542e+04
dxdz_fp   1   0   2   2   0   +1.204786531e+06
dxdz_fp   1   0   2   1   1   +6.629304316e+04
dxdz_fp   1   0   2   1   0   +4.243270922e+04
dxdz_fp   1   0   2   0   2   -4.086768203e+04
dxdz_fp   1   0   2   0   1   -6.323976960e+03
dxdz_fp   1   0   2   0   0   -1.468837304e+03
dxdz_fp   1   0   1   3   0   -1.396596825e+05
dxdz_fp   1   0   1   2   1   -8.525704038e+04
dxdz_fp   1   0   1   2   0   +1.212166545e+04
dxdz_fp   1   0   1   1   2   -8.439064781e+03
dxdz_fp   1   0   1   1   1   +8.282993213e+02
dxdz_fp   1   0   1   1   0   +2.755992979e+02
dxdz_fp   1   0   1   0   3   -8.878355960e+03
dxdz_fp   1   0   1   0   2   +5.391086866e+01
dxdz_fp   1   0   1   0   1   -1.692332942e+00
dxdz_fp   1   0   1   0   0   -6.618601285e+00
dxdz_fp   1   0   0   4   0   -4.519863061e+04
dxdz_fp   1   0   0   3   1   -1.833530328e+04
dxdz_fp   1   0   0   3   0   -2.357210400e+03
dxdz_fp   1   0   0   2   2   +1.040267035e+03
dxdz_fp   1   0   0   2   1   +8.741761228e+01
dxdz_fp   1   0   0   2   0   +4.723492956e+01
dxdz_fp   1   0   0   1   3   +1.145137105e+03
dxdz_fp   1   0   0   1   2   +8.891563326e+01
dxdz_fp   1   0   0   1   1   +7.365606642e+00
dxdz_fp   1   0   0   1   0   +1.991083743e+00
dxdz_fp   1   0   0   0   4   -1.466669569e+03
dxdz_fp   1   0   0   0   3   -2.623245443e+01
dxdz_fp   1   0   0   0   2   +2.904273321e+00
dxdz_fp   1   0   0   0   1   +2.049183534e-01
dxdz_fp   1   0   0   0   0   +8.069692583e-02
dxdz_fp   0   5   0   0   0   -1.310226197e+03
dxdz_fp   0   4   1   0   0   -5.039625260e+04
dxdz_fp   0   4   0   1   0   +5.546272308e+03
dxdz_fp   0   4   0   0   1   -5.567414264e+02
dxdz_fp   0   4   0   0   0   +1.070619425e+02
dxdz_fp   0   3   2   0   0   +4.762425956e+04
dxdz_fp   0   3   1   1   0   -3.580105368e+04
dxdz_fp   0   3   1   0   1   +5.848043016e+02
dxdz_fp   0   3   1   0   0   +1.382942596e+03
dxdz_fp   0   3   0   2   0   -1.191146934e+04
dxdz_fp   0   3   0   1   1   +1.578546772e+02
dxdz_fp   0   3   0   1   0   -2.124106739e+02
dxdz_fp   0   3   0   0   2   +3.889165373e+02
dxdz_fp   0   3   0   0   1   +1.197300273e+01
dxdz_fp   0   3   0   0   0   +1.899806362e+00
dxdz_fp   0   2   3   0   0   +2.412507879e+04
dxdz_fp   0   2   2   1   0   -5.790737033e+04
dxdz_fp   0   2   2   0   1   +1.439426581e+04
dxdz_fp   0   2   2   0   0   -4.316883540e+03
dxdz_fp   0   2   1   2   0   +5.574475094e+04
dxdz_fp   0   2   1   1   1   -8.975736773e+03
dxdz_fp   0   2   1   1   0   +3.434321938e+03
dxdz_fp   0   2   1   0   2   -9.815437137e+02
dxdz_fp   0   2   1   0   1   -4.365622774e+01
dxdz_fp   0   2   1   0   0   +2.194912137e+01
dxdz_fp   0   2   0   3   0   +6.292337077e+03
dxdz_fp   0   2   0   2   1   -3.757861784e+03
dxdz_fp   0   2   0   2   0   +2.024291547e+02
dxdz_fp   0   2   0   1   2   -1.493586449e+03
dxdz_fp   0   2   0   1   1   +1.878803639e+00
dxdz_fp   0   2   0   1   0   -5.752325879e-01
dxdz_fp   0   2   0   0   3   -4.714297568e+02
dxdz_fp   0   2   0   0   2   +2.486792352e+00
dxdz_fp   0   2   0   0   1   -9.755355992e-02
dxdz_fp   0   2   0   0   0   -4.044787747e-02
dxdz_fp   0   1   4   0   0   -1.423562332e+05
dxdz_fp   0   1   3   1   0   +2.038542909e+05
dxdz_fp   0   1   3   0   1   -5.650920965e+04
dxdz_fp   0   1   3   0   0   -5.531806352e+03
dxdz_fp   0   1   2   2   0   +1.152017151e+05
dxdz_fp   0   1   2   1   1   +1.276583950e+04
dxdz_fp   0   1   2   1   0   +4.235665138e+03
dxdz_fp   0   1   2   0   2   -3.938854156e+03
dxdz_fp   0   1   2   0   1   -1.816782603e+03
dxdz_fp   0   1   2   0   0   +4.533400095e+01
dxdz_fp   0   1   1   3   0   -1.619108494e+05
dxdz_fp   0   1   1   2   1   +6.674051812e+02
dxdz_fp   0   1   1   2   0   -4.417254714e+02
dxdz_fp   0   1   1   1   2   +1.261450567e+03
dxdz_fp   0   1   1   1   1   +1.005135569e+02
dxdz_fp   0   1   1   1   0   +9.651895981e+00
dxdz_fp   0   1   1   0   3   -6.739129808e+02
dxdz_fp   0   1   1   0   2   +5.785848057e+01
dxdz_fp   0   1   1   0   1   -3.895168234e+00
dxdz_fp   0   1   1   0   0   +1.311110280e+00
dxdz_fp   0   1   0   4   0   -6.405185367e+03
dxdz_fp   0   1   0   3   1   -2.930849622e+02
dxdz_fp   0   1   0   3   0   -7.936887716e+01
dxdz_fp   0   1   0   2   2   -8.863717066e+02
dxdz_fp   0   1   0   2   1   +1.072082198e+02
dxdz_fp   0   1   0   2   0   +8.560650658e+00
dxdz_fp   0   1   0   1   3   -1.049442332e+03
dxdz_fp   0   1   0   1   2   +5.800820914e+01
dxdz_fp   0   1   0   1   1   +1.313494068e+00
dxdz_fp   0   1   0   1   0   -1.970742299e-01
dxdz_fp   0   1   0   0   4   -1.874396522e+02
dxdz_fp   0   1   0   0   3   +1.908017568e+00
dxdz_fp   0   1   0   0   2   +3.129364411e-01
dxdz_fp   0   1   0   0   1   -4.065676238e-02
dxdz_fp   0   1   0   0   0   -3.298780487e-03
dxdz_fp   0   0   5   0   0   -6.684980748e+04
dxdz_fp   0   0   4   1   0   -1.279727830e+04
dxdz_fp   0   0   4   0   1   +9.880892804e+03
dxdz_fp   0   0   4   0   0   +4.162972908e+03
dxdz_fp   0   0   3   2   0   -2.570159417e+05
dxdz_fp   0   0   3   1   1   +1.702629836e+03
dxdz_fp   0   0   3   1   0   -1.077858848e+04
dxdz_fp   0   0   3   0   2   +8.778074225e+03
dxdz_fp   0   0   3   0   1   +1.907491832e+03
dxdz_fp   0   0   3   0   0   +3.411042956e+02
dxdz_fp   0   0   2   3   0   +4.872100098e+04
dxdz_fp   0   0   2   2   1   +3.105608231e+04
dxdz_fp   0   0   2   2   0   -5.589900000e+03
dxdz_fp   0   0   2   1   2   +1.209903963e+03
dxdz_fp   0   0   2   1   1   -3.225284920e+02
dxdz_fp   0   0   2   1   0   -1.088812667e+02
dxdz_fp   0   0   2   0   3   +4.436898933e+03
dxdz_fp   0   0   2   0   2   -2.784403129e+01
dxdz_fp   0   0   2   0   1   +3.224475254e+00
dxdz_fp   0   0   2   0   0   +1.929888223e+00
dxdz_fp   0   0   1   4   0   +4.375379848e+04
dxdz_fp   0   0   1   3   1   +1.955386140e+04
dxdz_fp   0   0   1   3   0   +2.242498071e+03
dxdz_fp   0   0   1   2   2   +7.646851644e+02
dxdz_fp   0   0   1   2   1   -5.998075044e+01
dxdz_fp   0   0   1   2   0   -4.857801644e+01
dxdz_fp   0   0   1   1   3   -1.185148408e+02
dxdz_fp   0   0   1   1   2   -8.612199575e+01
dxdz_fp   0   0   1   1   1   -8.758104223e+00
dxdz_fp   0   0   1   1   0   +1.203809119e+00
dxdz_fp   0   0   1   0   4   +1.404039823e+03
dxdz_fp   0   0   1   0   3   +2.922549153e+01
dxdz_fp   0   0   1   0   2   -4.219188642e+00
dxdz_fp   0   0   1   0   1   -8.384350502e-01
dxdz_fp   0   0   1   0   0   -5.963813643e-01
dxdz_fp   0   0   0   5   0   +5.363126058e+02
dxdz_fp   0   0   0   4   1   -2.667430494e+02
dxdz_fp   0   0   0   4   0   +6.190817546e+01
dxdz_fp   0   0   0   3   2   -1.593397751e+03
dxdz_fp   0   0   0   3   1   +1.358069402e+01
dxdz_fp   0   0   0   3   0   +1.077804735e+00
dxdz_fp   0   0   0   2   3   -7.497612505e+02
dxdz_fp   0   0   0   2   2   +2.026550287e+01
dxdz_fp   0   0   0   2   1   +5.328290857e+00
dxdz_fp   0   0   0   2   0   +2.999472741e-02
dxdz_fp   0   0   0   1   4   +3.069743293e+02
dxdz_fp   0   0   0   1   3   +1.571710641e+01
dxdz_fp   0   0   0   1   2   +1.043956133e+00
dxdz_fp   0   0   0   1   1   -1.788733800e-02
dxdz_fp   0   0   0   1   0   -1.913472640e-03
dxdz_fp   0   0   0   0   5   +1.201422592e+02
dxdz_fp   0   0   0   0   4   -2.819794564e+00
dxdz_fp   0   0   0   0   3   +1.466044554e+00
dxdz_fp   0   0   0   0   2   -7.177107904e-01
dxdz_fp   0   0   0   0   1   +5.508618565e-02
dxdz_fp   0   0   0   0   0   -6.755441776e-05
dydz_fp   5   0   0   0   0   -5.660373420e+05
dydz_fp   4   1   0   0   0   +5.330415351e+05
dydz_fp   4   0   1   0   0   +8.761711443e+05
dydz_fp   4   0   0   1   0   +1.862040205e+06
dydz_fp   4   0   0   0   1   +3.243492352e+05
dydz_fp   4   0   0   0   0   -5.997414913e+04
dydz_fp   3   2   0   0   0   +1.271248517e+05
dydz_fp   3   1   1   0   0   -2.783474911e+06
dydz_fp   3   1   0   1   0   -6.567066806e+05
dydz_fp   3   1   0   0   1   -4.128428421e+02
dydz_fp   3   1   0   0   0   -2.378289971e+04
dydz_fp   3   0   2   0   0   +1.054766947e+06
dydz_fp   3   0   1   1   0   -5.257194270e+06
dydz_fp   3   0   1   0   1   -1.065574829e+06
dydz_fp   3   0   1   0   0   +2.177479832e+05
dydz_fp   3   0   0   2   0   -1.731839176e+04
dydz_fp   3   0   0   1   1   -2.516320555e+05
dydz_fp   3   0   0   1   0   +3.186287621e+04
dydz_fp   3   0   0   0   2   -3.339341316e+04
dydz_fp   3   0   0   0   1   -2.973697426e+03
dydz_fp   3   0   0   0   0   +3.904836975e+01
dydz_fp   2   3   0   0   0   +2.628312196e+05
dydz_fp   2   2   1   0   0   -8.678491455e+04
dydz_fp   2   2   0   1   0   -7.074040787e+05
dydz_fp   2   2   0   0   1   +3.961726557e+04
dydz_fp   2   2   0   0   0   +1.917580157e+04
dydz_fp   2   1   2   0   0   +4.724901959e+06
dydz_fp   2   1   1   1   0   +1.754834415e+06
dydz_fp   2   1   1   0   1   -3.089315304e+04
dydz_fp   2   1   1   0   0   +5.646256250e+04
dydz_fp   2   1   0   2   0   +3.421162497e+05
dydz_fp   2   1   0   1   1   -5.490643922e+04
dydz_fp   2   1   0   1   0   +3.823922972e+04
dydz_fp   2   1   0   0   2   -2.028901165e+04
dydz_fp   2   1   0   0   1   +2.475889386e+03
dydz_fp   2   1   0   0   0   -1.492016060e+02
dydz_fp   2   0   3   0   0   -2.805454231e+06
dydz_fp   2   0   2   1   0   +5.071951473e+06
dydz_fp   2   0   2   0   1   +1.240241454e+06
dydz_fp   2   0   2   0   0   -2.946604704e+05
dydz_fp   2   0   1   2   0   -9.598820854e+04
dydz_fp   2   0   1   1   1   +6.460713654e+05
dydz_fp   2   0   1   1   0   -7.699227658e+04
dydz_fp   2   0   1   0   2   +1.081231608e+05
dydz_fp   2   0   1   0   1   +8.397400686e+03
dydz_fp   2   0   1   0   0   -3.382103372e+02
dydz_fp   2   0   0   3   0   -4.558519668e+05
dydz_fp   2   0   0   2   1   -1.188890221e+05
dydz_fp   2   0   0   2   0   +1.963300159e+04
dydz_fp   2   0   0   1   2   -4.659535633e+04
dydz_fp   2   0   0   1   1   +8.058539837e+03
dydz_fp   2   0   0   1   0   -3.503778559e+02
dydz_fp   2   0   0   0   3   +1.961729345e+03
dydz_fp   2   0   0   0   2   +1.274655015e+03
dydz_fp   2   0   0   0   1   +1.388038962e+01
dydz_fp   2   0   0   0   0   -6.009053844e+00
dydz_fp   1   4   0   0   0   +9.441018331e+04
dydz_fp   1   3   1   0   0   +7.293626724e+04
dydz_fp   1   3   0   1   0   -5.592843144e+04
dydz_fp   1   3   0   0   1   -9.520437947e+03
dydz_fp   1   3   0   0   0   +6.716511812e+02
dydz_fp   1   2   2   0   0   -1.088977421e+05
dydz_fp   1   2   1   1   0   +1.015465120e+06
dydz_fp   1   2   1   0   1   +2.242805096e+04
dydz_fp   1   2   1   0   0   -3.584055766e+04
dydz_fp   1   2   0   2   0   -1.378189549e+05
dydz_fp   1   2   0   1   1   +2.923392355e+04
dydz_fp   1   2   0   1   0   -1.263896836e+03
dydz_fp   1   2   0   0   2   +1.894320060e+02
dydz_fp   1   2   0   0   1   -2.710679788e+02
dydz_fp   1   2   0   0   0   -1.175872153e+02
dydz_fp   1   1   3   0   0   -3.271719472e+06
dydz_fp   1   1   2   1   0   -1.492202884e+06
dydz_fp   1   1   2   0   1   +6.321462881e+04
dydz_fp   1   1   2   0   0   -4.290044987e+04
dydz_fp   1   1   1   2   0   -2.716106320e+05
dydz_fp   1   1   1   1   1   +1.797241639e+05
dydz_fp   1   1   1   1   0   -6.413553142e+04
dydz_fp   1   1   1   0   2   +4.481348629e+04
dydz_fp   1   1   1   0   1   -3.942622282e+03
dydz_fp   1   1   1   0   0   +1.979738702e+02
dydz_fp   1   1   0   3   0   +1.030041554e+05
dydz_fp   1   1   0   2   1   -2.366558634e+04
dydz_fp   1   1   0   2   0   +4.284661437e+03
dydz_fp   1   1   0   1   2   +1.974164218e+03
dydz_fp   1   1   0   1   1   +1.158928274e+02
dydz_fp   1   1   0   1   0   -9.052994690e+01
dydz_fp   1   1   0   0   3   +2.558277401e+03
dydz_fp   1   1   0   0   2   +2.922827450e+02
dydz_fp   1   1   0   0   1   -7.193142287e+00
dydz_fp   1   1   0   0   0   -8.444291826e-01
dydz_fp   1   0   4   0   0   +1.791083771e+06
dydz_fp   1   0   3   1   0   -1.854543208e+06
dydz_fp   1   0   3   0   1   -6.178598370e+05
dydz_fp   1   0   3   0   0   +1.719130425e+05
dydz_fp   1   0   2   2   0   +1.169173346e+05
dydz_fp   1   0   2   1   1   -5.646642987e+05
dydz_fp   1   0   2   1   0   +6.252278706e+04
dydz_fp   1   0   2   0   2   -1.123419629e+05
dydz_fp   1   0   2   0   1   -7.644103414e+03
dydz_fp   1   0   2   0   0   +4.909210141e+02
dydz_fp   1   0   1   3   0   +4.413760736e+05
dydz_fp   1   0   1   2   1   +1.406913591e+05
dydz_fp   1   0   1   2   0   -2.704067880e+04
dydz_fp   1   0   1   1   2   +6.634767431e+04
dydz_fp   1   0   1   1   1   -1.314863516e+04
dydz_fp   1   0   1   1   0   +8.448180172e+02
dydz_fp   1   0   1   0   3   -9.116824543e+03
dydz_fp   1   0   1   0   2   -2.402461433e+03
dydz_fp   1   0   1   0   1   +1.318596334e+01
dydz_fp   1   0   1   0   0   +1.800761621e+01
dydz_fp   1   0   0   4   0   -4.411763818e+04
dydz_fp   1   0   0   3   1   -6.548327898e+02
dydz_fp   1   0   0   3   0   -4.942058655e+02
dydz_fp   1   0   0   2   2   +5.873818654e+03
dydz_fp   1   0   0   2   1   +3.913943621e+02
dydz_fp   1   0   0   2   0   -4.084537681e+01
dydz_fp   1   0   0   1   3   -2.336040803e+03
dydz_fp   1   0   0   1   2   -1.243546092e+02
dydz_fp   1   0   0   1   1   -6.990635007e+00
dydz_fp   1   0   0   1   0   -5.137593237e-01
dydz_fp   1   0   0   0   4   -3.753177607e+03
dydz_fp   1   0   0   0   3   +1.581319830e+02
dydz_fp   1   0   0   0   2   +4.811591894e+00
dydz_fp   1   0   0   0   1   -3.015878318e-01
dydz_fp   1   0   0   0   0   +2.501899273e-02
dydz_fp   0   5   0   0   0   +7.352562810e+04
dydz_fp   0   4   1   0   0   -6.835841460e+04
dydz_fp   0   4   0   1   0   -1.393626349e+04
dydz_fp   0   4   0   0   1   +4.172407826e+04
dydz_fp   0   4   0   0   0   +1.667783076e+03
dydz_fp   0   3   2   0   0   -2.994456102e+05
dydz_fp   0   3   1   1   0   +1.231540041e+04
dydz_fp   0   3   1   0   1   +1.300888359e+03
dydz_fp   0   3   1   0   0   -9.028454804e+02
dydz_fp   0   3   0   2   0   -1.360647971e+05
dydz_fp   0   3   0   1   1   +3.927284994e+03
dydz_fp   0   3   0   1   0   -2.556292014e+03
dydz_fp   0   3   0   0   2   +1.812011856e+03
dydz_fp   0   3   0   0   1   -3.180965142e+02
dydz_fp   0   3   0   0   0   -7.409307943e+01
dydz_fp   0   2   3   0   0   +7.749605671e+04
dydz_fp   0   2   2   1   0   -3.844104507e+05
dydz_fp   0   2   2   0   1   -2.691973720e+04
dydz_fp   0   2   2   0   0   +2.078879695e+04
dydz_fp   0   2   1   2   0   +1.371130561e+05
dydz_fp   0   2   1   1   1   -2.268109422e+04
dydz_fp   0   2   1   1   0   +1.042139226e+03
dydz_fp   0   2   1   0   2   +1.208182518e+03
dydz_fp   0   2   1   0   1   +1.332713863e+02
dydz_fp   0   2   1   0   0   +9.937704401e+01
dydz_fp   0   2   0   3   0   +2.273614372e+05
dydz_fp   0   2   0   2   1   +2.253161369e+04
dydz_fp   0   2   0   2   0   +4.692411619e+03
dydz_fp   0   2   0   1   2   +4.385841853e+03
dydz_fp   0   2   0   1   1   -4.930166549e+02
dydz_fp   0   2   0   1   0   +2.559865487e+01
dydz_fp   0   2   0   0   3   -1.761013658e+03
dydz_fp   0   2   0   0   2   -2.587701223e+01
dydz_fp   0   2   0   0   1   -3.914386498e+01
dydz_fp   0   2   0   0   0   -3.990505605e+00
dydz_fp   0   1   4   0   0   +8.013356443e+05
dydz_fp   0   1   3   1   0   +3.933396433e+05
dydz_fp   0   1   3   0   1   -2.906407372e+04
dydz_fp   0   1   3   0   0   +9.614829780e+03
dydz_fp   0   1   2   2   0   -6.025235495e+03
dydz_fp   0   1   2   1   1   -8.878689338e+04
dydz_fp   0   1   2   1   0   +3.156419407e+04
dydz_fp   0   1   2   0   2   -2.374766567e+04
dydz_fp   0   1   2   0   1   +1.894281369e+03
dydz_fp   0   1   2   0   0   +4.589891370e+01
dydz_fp   0   1   1   3   0   -1.510190105e+05
dydz_fp   0   1   1   2   1   +1.095348158e+04
dydz_fp   0   1   1   2   0   -4.010230908e+03
dydz_fp   0   1   1   1   2   -9.704015741e+02
dydz_fp   0   1   1   1   1   -8.238461965e+01
dydz_fp   0   1   1   1   0   +5.175773465e+01
dydz_fp   0   1   1   0   3   +3.908831290e+02
dydz_fp   0   1   1   0   2   -2.566682126e+02
dydz_fp   0   1   1   0   1   -1.586921821e+00
dydz_fp   0   1   1   0   0   +2.774788559e+00
dydz_fp   0   1   0   4   0   -2.695663034e+04
dydz_fp   0   1   0   3   1   +3.991542474e+04
dydz_fp   0   1   0   3   0   -6.162890539e+03
dydz_fp   0   1   0   2   2   +1.382722839e+04
dydz_fp   0   1   0   2   1   -6.787237945e+02
dydz_fp   0   1   0   2   0   +2.655705390e+01
dydz_fp   0   1   0   1   3   +5.132214410e+03
dydz_fp   0   1   0   1   2   -1.261233873e+02
dydz_fp   0   1   0   1   1   -5.791868237e+00
dydz_fp   0   1   0   1   0   -3.823219346e+00
dydz_fp   0   1   0   0   4   +3.389296387e+02
dydz_fp   0   1   0   0   3   -1.156398340e+02
dydz_fp   0   1   0   0   2   +1.318440648e+01
dydz_fp   0   1   0   0   1   -5.149792194e+00
dydz_fp   0   1   0   0   0   +7.116857892e-01
dydz_fp   0   0   5   0   0   -3.474634689e+05
dydz_fp   0   0   4   1   0   +1.780093540e+05
dydz_fp   0   0   4   0   1   +1.085702911e+05
dydz_fp   0   0   4   0   0   -3.696464888e+04
dydz_fp   0   0   3   2   0   -1.001878435e+04
dydz_fp   0   0   3   1   1   +1.665525526e+05
dydz_fp   0   0   3   1   0   -1.588103723e+04
dydz_fp   0   0   3   0   2   +3.767324225e+04
dydz_fp   0   0   3   0   1   +2.521132467e+03
dydz_fp   0   0   3   0   0   -2.254665975e+02
dydz_fp   0   0   2   3   0   -1.858333241e+04
dydz_fp   0   0   2   2   1   -2.974443224e+03
dydz_fp   0   0   2   2   0   +9.942679894e+03
dydz_fp   0   0   2   1   2   -1.484695125e+04
dydz_fp   0   0   2   1   1   +5.051591098e+03
dydz_fp   0   0   2   1   0   -4.277587388e+02
dydz_fp   0   0   2   0   3   +8.751670371e+03
dydz_fp   0   0   2   0   2   +1.004381009e+03
dydz_fp   0   0   2   0   1   -4.386871554e-01
dydz_fp   0   0   2   0   0   -5.252067731e+00
dydz_fp   0   0   1   4   0   +5.073783542e+04
dydz_fp   0   0   1   3   1   +4.227325755e+03
dydz_fp   0   0   1   3   0   +8.736819095e+02
dydz_fp   0   0   1   2   2   -3.288191525e+03
dydz_fp   0   0   1   2   1   -2.060533728e+02
dydz_fp   0   0   1   2   0   -1.559398219e+01
dydz_fp   0   0   1   1   3   +3.760279729e+02
dydz_fp   0   0   1   1   2   +1.576555982e+02
dydz_fp   0   0   1   1   1   -5.953421243e+00
dydz_fp   0   0   1   1   0   +8.518350455e+00
dydz_fp   0   0   1   0   4   +3.687055470e+03
dydz_fp   0   0   1   0   3   -1.067925240e+02
dydz_fp   0   0   1   0   2   -7.220122356e+00
dydz_fp   0   0   1   0   1   +1.119863364e+00
dydz_fp   0   0   1   0   0   -9.525206228e-02
dydz_fp   0   0   0   5   0   +5.492365072e+04
dydz_fp   0   0   0   4   1   +3.873212714e+04
dydz_fp   0   0   0   4   0   -1.590595449e+02
dydz_fp   0   0   0   3   2   +1.236666319e+04
dydz_fp   0   0   0   3   1   -1.082223525e+03
dydz_fp   0   0   0   3   0   +4.399299753e+01
dydz_fp   0   0   0   2   3   +1.413459952e+03
dydz_fp   0   0   0   2   2   -2.975837031e+02
dydz_fp   0   0   0   2   1   -6.661675715e+00
dydz_fp   0   0   0   2   0   -3.729686878e+00
dydz_fp   0   0   0   1   4   +8.142214691e+02
dydz_fp   0   0   0   1   3   -2.091654517e+02
dydz_fp   0   0   0   1   2   +2.018947505e+01
dydz_fp   0   0   0   1   1   -1.281295569e+01
dydz_fp   0   0   0   1   0   -1.077274182e+00
dydz_fp   0   0   0   0   5   +7.438328498e+02
dydz_fp   0   0   0   0   4   -1.768558161e+01
dydz_fp   0   0   0   0   3   +1.518727989e+00
dydz_fp   0   0   0   0   2   -1.036435371e+00
dydz_fp   0   0   0   0   1   -1.097394954e-01
dydz_fp   0   0   0   0   0   +4.158856640e-03
x_fp   5   0   0   0   0   -8.483434871e+07
x_fp   4   1   0   0   0   -2.166504526e+06
x_fp   4   0   1   0   0   +3.085037135e+08
x_fp   4   0   0   1   0   -2.320366667e+07
x_fp   4   0   0   0   1   +2.148049210e+06
x_fp   4   0   0   0   0   +1.174363476e+06
x_fp   3   2   0   0   0   +1.460880573e+07
x_fp   3   1   1   0   0   +1.136352173e+07
x_fp   3   1   0   1   0   -2.930426095e+07
x_fp   3   1   0   0   1   -8.272179216e+05
x_fp   3   1   0   0   0   -5.029924901e+05
x_fp   3   0   2   0   0   -4.253607642e+08
x_fp   3   0   1   1   0   +7.208355320e+07
x_fp   3   0   1   0   1   -6.275847850e+06
x_fp   3   0   1   0   0   -3.494204387e+06
x_fp   3   0   0   2   0   +3.124325838e+07
x_fp   3   0   0   1   1   +7.686738842e+06
x_fp   3   0   0   1   0   +3.437605623e+05
x_fp   3   0   0   0   2   -4.456511092e+05
x_fp   3   0   0   0   1   -1.537256679e+05
x_fp   3   0   0   0   0   -1.069413337e+04
x_fp   2   3   0   0   0   +1.355013607e+04
x_fp   2   2   1   0   0   -3.191486180e+07
x_fp   2   2   0   1   0   +4.542299896e+06
x_fp   2   2   0   0   1   +1.325926497e+04
x_fp   2   2   0   0   0   -1.411877036e+05
x_fp   2   1   2   0   0   -1.493518302e+07
x_fp   2   1   1   1   0   +6.528422448e+07
x_fp   2   1   1   0   1   -8.671509269e+05
x_fp   2   1   1   0   0   +1.365078019e+06
x_fp   2   1   0   2   0   +1.134536247e+06
x_fp   2   1   0   1   1   +1.597576808e+06
x_fp   2   1   0   1   0   +1.422875180e+05
x_fp   2   1   0   0   2   +1.697408557e+05
x_fp   2   1   0   0   1   -1.011208445e+04
x_fp   2   1   0   0   0   +1.340944698e+03
x_fp   2   0   3   0   0   +2.729377466e+08
x_fp   2   0   2   1   0   -8.287158073e+07
x_fp   2   0   2   0   1   +6.862596235e+06
x_fp   2   0   2   0   0   +3.679334357e+06
x_fp   2   0   1   2   0   -7.499273231e+07
x_fp   2   0   1   1   1   -1.753580067e+07
x_fp   2   0   1   1   0   -9.363918794e+05
x_fp   2   0   1   0   2   +5.979799151e+05
x_fp   2   0   1   0   1   +3.704112578e+05
x_fp   2   0   1   0   0   +2.384289538e+04
x_fp   2   0   0   3   0   +1.449373612e+06
x_fp   2   0   0   2   1   +5.299871614e+05
x_fp   2   0   0   2   0   -2.897077451e+05
x_fp   2   0   0   1   2   +2.873371047e+05
x_fp   2   0   0   1   1   -9.326540322e+04
x_fp   2   0   0   1   0   -2.207943489e+03
x_fp   2   0   0   0   3   +9.212156997e+04
x_fp   2   0   0   0   2   -1.182571021e+04
x_fp   2   0   0   0   1   +1.279010543e+02
x_fp   2   0   0   0   0   +8.832840599e+01
x_fp   1   4   0   0   0   -8.047079577e+05
x_fp   1   3   1   0   0   -1.387865663e+05
x_fp   1   3   0   1   0   +3.557032795e+06
x_fp   1   3   0   0   1   -1.223721236e+05
x_fp   1   3   0   0   0   +4.723084425e+04
x_fp   1   2   2   0   0   +2.379475393e+07
x_fp   1   2   1   1   0   -5.216970983e+06
x_fp   1   2   1   0   1   +8.932886139e+04
x_fp   1   2   1   0   0   +2.180962260e+05
x_fp   1   2   0   2   0   -5.878219754e+06
x_fp   1   2   0   1   1   -5.593251122e+05
x_fp   1   2   0   1   0   -1.252818086e+05
x_fp   1   2   0   0   2   +4.738406264e+04
x_fp   1   2   0   0   1   -3.368566593e+03
x_fp   1   2   0   0   0   +5.007058734e+02
x_fp   1   1   3   0   0   +5.790325452e+06
x_fp   1   1   2   1   0   -4.822993510e+07
x_fp   1   1   2   0   1   +2.925266243e+06
x_fp   1   1   2   0   0   -1.188465044e+06
x_fp   1   1   1   2   0   -3.890237817e+06
x_fp   1   1   1   1   1   -3.477513340e+06
x_fp   1   1   1   1   0   -2.455909685e+05
x_fp   1   1   1   0   2   -3.262430323e+05
x_fp   1   1   1   0   1   +1.977845325e+04
x_fp   1   1   1   0   0   -2.823862571e+03
x_fp   1   1   0   3   0   +4.204573150e+06
x_fp   1   1   0   2   1   +7.610662211e+05
x_fp   1   1   0   2   0   +7.903734827e+04
x_fp   1   1   0   1   2   -1.117925120e+05
x_fp   1   1   0   1   1   +2.381109175e+01
x_fp   1   1   0   1   0   -1.037610694e+03
x_fp   1   1   0   0   3   -3.917300246e+04
x_fp   1   1   0   0   2   -5.599507646e+03
x_fp   1   1   0   0   1   +1.204146487e+02
x_fp   1   1   0   0   0   -1.521149785e+01
x_fp   1   0   4   0   0   -7.927245524e+07
x_fp   1   0   3   1   0   +4.274310183e+07
x_fp   1   0   3   0   1   -3.122542302e+06
x_fp   1   0   3   0   0   -1.580081738e+06
x_fp   1   0   2   2   0   +5.901904170e+07
x_fp   1   0   2   1   1   +1.367493466e+07
x_fp   1   0   2   1   0   +8.352166258e+05
x_fp   1   0   2   0   2   +1.175102714e+05
x_fp   1   0   2   0   1   -2.994976233e+05
x_fp   1   0   2   0   0   -1.608144744e+04
x_fp   1   0   1   3   0   +3.625904852e+04
x_fp   1   0   1   2   1   +2.602745382e+05
x_fp   1   0   1   2   0   +4.657779521e+05
x_fp   1   0   1   1   2   -1.969631629e+05
x_fp   1   0   1   1   1   +1.534461596e+05
x_fp   1   0   1   1   0   +3.040173637e+03
x_fp   1   0   1   0   3   -6.343793623e+04
x_fp   1   0   1   0   2   +2.238800193e+04
x_fp   1   0   1   0   1   -5.620957527e+02
x_fp   1   0   1   0   0   -1.356564324e+02
x_fp   1   0   0   4   0   -1.153460638e+06
x_fp   1   0   0   3   1   -1.723374540e+05
x_fp   1   0   0   3   0   -1.275466201e+04
x_fp   1   0   0   2   2   +1.951592310e+05
x_fp   1   0   0   2   1   -1.621999430e+03
x_fp   1   0   0   2   0   +6.125656667e+02
x_fp   1   0   0   1   3   +4.237313861e+04
x_fp   1   0   0   1   2   +9.619932499e+02
x_fp   1   0   0   1   1   -1.179747264e+02
x_fp   1   0   0   1   0   +8.783938224e-01
x_fp   1   0   0   0   4   +6.988684074e+04
x_fp   1   0   0   0   3   +2.928190136e+02
x_fp   1   0   0   0   2   -1.636795189e+02
x_fp   1   0   0   0   1   +1.495660147e+00
x_fp   1   0   0   0   0   -1.992605422e+00
x_fp   0   5   0   0   0   +1.626100585e+05
x_fp   0   4   1   0   0   +7.991064599e+05
x_fp   0   4   0   1   0   +1.646980706e+05
x_fp   0   4   0   0   1   +1.278073854e+05
x_fp   0   4   0   0   0   -1.354898132e+03
x_fp   0   3   2   0   0   -2.758178744e+04
x_fp   0   3   1   1   0   -2.705775388e+06
x_fp   0   3   1   0   1   +1.575944205e+05
x_fp   0   3   1   0   0   -4.069124538e+04
x_fp   0   3   0   2   0   -5.512864966e+05
x_fp   0   3   0   1   1   -1.704702978e+05
x_fp   0   3   0   1   0   -1.750948231e+04
x_fp   0   3   0   0   2   -2.800659058e+03
x_fp   0   3   0   0   1   -1.714885094e+03
x_fp   0   3   0   0   0   -2.150094588e+02
x_fp   0   2   3   0   0   -5.940917902e+06
x_fp   0   2   2   1   0   +1.448643653e+06
x_fp   0   2   2   0   1   -9.456656135e+04
x_fp   0   2   2   0   0   -8.402834121e+04
x_fp   0   2   1   2   0   +4.523423389e+06
x_fp   0   2   1   1   1   +3.155595803e+05
x_fp   0   2   1   1   0   +8.951007042e+04
x_fp   0   2   1   0   2   -2.732631006e+04
x_fp   0   2   1   0   1   +9.580432553e+02
x_fp   0   2   1   0   0   -5.123805528e+02
x_fp   0   2   0   3   0   +9.068909494e+05
x_fp   0   2   0   2   1   -1.255605198e+05
x_fp   0   2   0   2   0   +2.489701763e+04
x_fp   0   2   0   1   2   -1.000065235e+05
x_fp   0   2   0   1   1   +4.376666284e+02
x_fp   0   2   0   1   0   +4.025359808e+01
x_fp   0   2   0   0   3   -6.663770293e+03
x_fp   0   2   0   0   2   +5.599418839e+02
x_fp   0   2   0   0   1   -9.113784730e+01
x_fp   0   2   0   0   0   +2.281584522e+00
x_fp   0   1   4   0   0   -1.385195028e+05
x_fp   0   1   3   1   0   +1.178645193e+07
x_fp   0   1   3   0   1   -1.320634715e+06
x_fp   0   1   3   0   0   +3.387268660e+05
x_fp   0   1   2   2   0   +2.010123031e+06
x_fp   0   1   2   1   1   +1.541720265e+06
x_fp   0   1   2   1   0   +1.171998457e+05
x_fp   0   1   2   0   2   +1.585253766e+05
x_fp   0   1   2   0   1   -4.869932521e+03
x_fp   0   1   2   0   0   +1.636366463e+03
x_fp   0   1   1   3   0   -2.794513931e+06
x_fp   0   1   1   2   1   -3.458675420e+05
x_fp   0   1   1   2   0   -7.369794469e+04
x_fp   0   1   1   1   2   +1.009952550e+05
x_fp   0   1   1   1   1   +9.266140643e+01
x_fp   0   1   1   1   0   +6.235218511e+02
x_fp   0   1   1   0   3   +1.727224683e+04
x_fp   0   1   1   0   2   +4.935451527e+03
x_fp   0   1   1   0   1   -1.781335362e+02
x_fp   0   1   1   0   0   +4.117122482e+00
x_fp   0   1   0   4   0   -1.079853905e+06
x_fp   0   1   0   3   1   -2.698335487e+05
x_fp   0   1   0   3   0   -7.873007388e+03
x_fp   0   1   0   2   2   -2.077606599e+05
x_fp   0   1   0   2   1   +1.088245614e+04
x_fp   0   1   0   2   0   +2.652421863e+02
x_fp   0   1   0   1   3   -6.401768251e+04
x_fp   0   1   0   1   2   +2.960435751e+03
x_fp   0   1   0   1   1   +1.340560026e+02
x_fp   0   1   0   1   0   -8.887083043e+00
x_fp   0   1   0   0   4   -1.105762000e+04
x_fp   0   1   0   0   3   +6.128065784e+02
x_fp   0   1   0   0   2   +4.391987556e+01
x_fp   0   1   0   0   1   -2.716674483e+00
x_fp   0   1   0   0   0   +5.739906770e-02
x_fp   0   0   5   0   0   +7.834517888e+06
x_fp   0   0   4   1   0   -8.857847470e+06
x_fp   0   0   4   0   1   +3.078788185e+05
x_fp   0   0   4   0   0   +2.207852530e+05
x_fp   0   0   3   2   0   -1.473572507e+07
x_fp   0   0   3   1   1   -3.586195095e+06
x_fp   0   0   3   1   0   -2.449654723e+05
x_fp   0   0   3   0   2   -2.300317692e+05
x_fp   0   0   3   0   1   +8.131107541e+04
x_fp   0   0   3   0   0   +3.086578664e+03
x_fp   0   0   2   3   0   -1.373193936e+06
x_fp   0   0   2   2   1   -9.482713191e+05
x_fp   0   0   2   2   0   -1.872004710e+05
x_fp   0   0   2   1   2   -1.864245605e+05
x_fp   0   0   2   1   1   -6.192203166e+04
x_fp   0   0   2   1   0   -4.310679839e+02
x_fp   0   0   2   0   3   -3.314044688e+04
x_fp   0   0   2   0   2   -1.054510816e+04
x_fp   0   0   2   0   1   +5.777464788e+02
x_fp   0   0   2   0   0   +3.923914494e+01
x_fp   0   0   1   4   0   +7.942010939e+05
x_fp   0   0   1   3   1   +1.726074054e+04
x_fp   0   0   1   3   0   +3.769193044e+03
x_fp   0   0   1   2   2   -1.710712054e+05
x_fp   0   0   1   2   1   +3.653235564e+02
x_fp   0   0   1   2   0   -4.140958388e+02
x_fp   0   0   1   1   3   -4.174787498e+04
x_fp   0   0   1   1   2   -1.332799782e+03
x_fp   0   0   1   1   1   +7.988333567e+01
x_fp   0   0   1   1   0   -1.395675093e+01
x_fp   0   0   1   0   4   -7.093451595e+04
x_fp   0   0   1   0   3   -4.468177708e+02
x_fp   0   0   1   0   2   +8.378887313e+01
x_fp   0   0   1   0   1   +1.332799173e+01
x_fp   0   0   1   0   0   +1.473046122e+00
x_fp   0   0   0   5   0   -7.037996539e+05
x_fp   0   0   0   4   1   -6.221820408e+05
x_fp   0   0   0   4   0   +2.624713608e+04
x_fp   0   0   0   3   2   -1.925628649e+05
x_fp   0   0   0   3   1   +1.063757397e+04
x_fp   0   0   0   3   0   +5.781210388e+02
x_fp   0   0   0   2   3   -4.914197791e+04
x_fp   0   0   0   2   2   +4.368115825e+03
x_fp   0   0   0   2   1   +4.726085559e+02
x_fp   0   0   0   2   0   -1.566001024e+01
x_fp   0   0   0   1   4   -9.192466574e+03
x_fp   0   0   0   1   3   +6.854771391e+02
x_fp   0   0   0   1   2   +1.327258297e+02
x_fp   0   0   0   1   1   -4.522130415e+00
x_fp   0   0   0   1   0   -2.120642471e-02
x_fp   0   0   0   0   5   -1.133356811e+04
x_fp   0   0   0   0   4   -2.047595279e+02
x_fp   0   0   0   0   3   +9.444377232e+01
x_fp   0   0   0   0   2   -2.377591670e+01
x_fp   0   0   0   0   1   +1.344634707e+01
x_fp   0   0   0   0   0   +8.112521881e-03
y_fp   5   0   0   0   0   +1.278323270e+06
y_fp   4   1   0   0   0   +4.847065217e+05
y_fp   4   0   1   0   0   -6.362815481e+06
y_fp   4   0   0   1   0   +2.817751276e+06
y_fp   4   0   0   0   1   -1.527882483e+05
y_fp   4   0   0   0   0   -9.529353699e+04
y_fp   3   2   0   0   0   -2.986204893e+05
y_fp   3   1   1   0   0   -2.995229049e+06
y_fp   3   1   0   1   0   +7.139582930e+03
y_fp   3   1   0   0   1   +5.189593342e+04
y_fp   3   1   0   0   0   -2.027492455e+04
y_fp   3   0   2   0   0   +1.202916132e+07
y_fp   3   0   1   1   0   -8.158690485e+06
y_fp   3   0   1   0   1   +2.927568376e+05
y_fp   3   0   1   0   0   +3.295646616e+05
y_fp   3   0   0   2   0   -3.741346110e+05
y_fp   3   0   0   1   1   -3.680295669e+05
y_fp   3   0   0   1   0   +2.898732896e+04
y_fp   3   0   0   0   2   -4.242012803e+04
y_fp   3   0   0   0   1   -3.575417622e+02
y_fp   3   0   0   0   0   +2.094595704e+02
y_fp   2   3   0   0   0   +4.343688908e+05
y_fp   2   2   1   0   0   +8.779360471e+05
y_fp   2   2   0   1   0   -1.036812634e+06
y_fp   2   2   0   0   1   +2.057214844e+04
y_fp   2   2   0   0   0   +3.114311708e+04
y_fp   2   1   2   0   0   +5.327209041e+06
y_fp   2   1   1   1   0   +3.381573111e+05
y_fp   2   1   1   0   1   -1.031206258e+05
y_fp   2   1   1   0   0   +4.079892363e+04
y_fp   2   1   0   2   0   +6.800226035e+05
y_fp   2   1   0   1   1   -8.564965446e+04
y_fp   2   1   0   1   0   +4.659459814e+04
y_fp   2   1   0   0   2   -3.659548226e+04
y_fp   2   1   0   0   1   -4.804755915e+03
y_fp   2   1   0   0   0   -3.851218410e+02
y_fp   2   0   3   0   0   -1.075441861e+07
y_fp   2   0   2   1   0   +8.393666764e+06
y_fp   2   0   2   0   1   -1.052024134e+05
y_fp   2   0   2   0   0   -4.251376923e+05
y_fp   2   0   1   2   0   +8.375400952e+05
y_fp   2   0   1   1   1   +9.612025231e+05
y_fp   2   0   1   1   0   -6.879047100e+04
y_fp   2   0   1   0   2   +1.417279493e+05
y_fp   2   0   1   0   1   +2.101613881e+03
y_fp   2   0   1   0   0   -7.670832125e+02
y_fp   2   0   0   3   0   -4.876153742e+05
y_fp   2   0   0   2   1   +5.965283448e+04
y_fp   2   0   0   2   0   +2.700714460e+04
y_fp   2   0   0   1   2   -3.962482198e+04
y_fp   2   0   0   1   1   +5.384675015e+03
y_fp   2   0   0   1   0   -5.167719822e+02
y_fp   2   0   0   0   3   +1.394991224e+04
y_fp   2   0   0   0   2   +1.493010012e+03
y_fp   2   0   0   0   1   +2.250762698e+01
y_fp   2   0   0   0   0   -9.734842034e+00
y_fp   1   4   0   0   0   +1.440534406e+05
y_fp   1   3   1   0   0   +2.891014576e+04
y_fp   1   3   0   1   0   -1.549748001e+05
y_fp   1   3   0   0   1   -1.581961586e+03
y_fp   1   3   0   0   0   -8.949927106e+02
y_fp   1   2   2   0   0   -9.031639399e+05
y_fp   1   2   1   1   0   +1.474282561e+06
y_fp   1   2   1   0   1   -9.670652017e+04
y_fp   1   2   1   0   0   -5.972813853e+04
y_fp   1   2   0   2   0   +1.600696685e+03
y_fp   1   2   0   1   1   +5.874011036e+04
y_fp   1   2   0   1   0   +7.964952237e+02
y_fp   1   2   0   0   2   -2.471659604e+03
y_fp   1   2   0   0   1   -9.029947942e+01
y_fp   1   2   0   0   0   -1.548784508e+02
y_fp   1   1   3   0   0   -3.746426895e+06
y_fp   1   1   2   1   0   -5.125939842e+05
y_fp   1   1   2   0   1   +7.326508425e+04
y_fp   1   1   2   0   0   -2.383164080e+04
y_fp   1   1   1   2   0   -6.577716004e+05
y_fp   1   1   1   1   1   +1.732138191e+05
y_fp   1   1   1   1   0   -7.867736831e+04
y_fp   1   1   1   0   2   +6.370151648e+04
y_fp   1   1   1   0   1   +8.840369269e+03
y_fp   1   1   1   0   0   +6.070526277e+02
y_fp   1   1   0   3   0   +1.059304947e+05
y_fp   1   1   0   2   1   -6.708369401e+04
y_fp   1   1   0   2   0   +2.040578213e+03
y_fp   1   1   0   1   2   -7.307982981e+03
y_fp   1   1   0   1   1   -3.879510529e+02
y_fp   1   1   0   1   0   -9.355009910e+01
y_fp   1   1   0   0   3   +6.368393939e+03
y_fp   1   1   0   0   2   +4.384775975e+02
y_fp   1   1   0   0   1   -8.809662961e+00
y_fp   1   1   0   0   0   +7.229894376e-01
y_fp   1   0   4   0   0   +4.498710667e+06
y_fp   1   0   3   1   0   -3.580509573e+06
y_fp   1   0   3   0   1   -6.628409211e+04
y_fp   1   0   3   0   0   +2.376460979e+05
y_fp   1   0   2   2   0   -7.114065131e+05
y_fp   1   0   2   1   1   -8.436375536e+05
y_fp   1   0   2   1   0   +5.564474812e+04
y_fp   1   0   2   0   2   -1.491680316e+05
y_fp   1   0   2   0   1   -2.587270543e+03
y_fp   1   0   2   0   0   +8.301262480e+02
y_fp   1   0   1   3   0   +3.674644496e+05
y_fp   1   0   1   2   1   -1.499341459e+05
y_fp   1   0   1   2   0   -3.849940301e+04
y_fp   1   0   1   1   2   +5.732250963e+04
y_fp   1   0   1   1   1   -9.734514787e+03
y_fp   1   0   1   1   0   +1.186253350e+03
y_fp   1   0   1   0   3   -2.849633395e+04
y_fp   1   0   1   0   2   -2.982220810e+03
y_fp   1   0   1   0   1   -5.303143783e+01
y_fp   1   0   1   0   0   +2.564585873e+01
y_fp   1   0   0   4   0   -6.088726009e+04
y_fp   1   0   0   3   1   -9.618255395e+03
y_fp   1   0   0   3   0   -1.132425557e+03
y_fp   1   0   0   2   2   +5.726848509e+03
y_fp   1   0   0   2   1   +5.175505133e+02
y_fp   1   0   0   2   0   -4.887999086e+01
y_fp   1   0   0   1   3   -4.691862257e+03
y_fp   1   0   0   1   2   -2.253405601e+02
y_fp   1   0   0   1   1   -4.908390078e-01
y_fp   1   0   0   1   0   -6.490148473e-01
y_fp   1   0   0   0   4   -6.402419406e+03
y_fp   1   0   0   0   3   +1.611919499e+02
y_fp   1   0   0   0   2   +8.600925684e+00
y_fp   1   0   0   0   1   -6.154490338e-01
y_fp   1   0   0   0   0   +3.088850607e-02
y_fp   0   5   0   0   0   +1.077744934e+05
y_fp   0   4   1   0   0   -1.118010712e+05
y_fp   0   4   0   1   0   -4.329433982e+04
y_fp   0   4   0   0   1   +1.068551695e+04
y_fp   0   4   0   0   0   +2.786799260e+03
y_fp   0   3   2   0   0   -4.152421587e+05
y_fp   0   3   1   1   0   +8.029446934e+04
y_fp   0   3   1   0   1   -5.188203215e+03
y_fp   0   3   1   0   0   +3.189886251e+02
y_fp   0   3   0   2   0   -1.739805541e+05
y_fp   0   3   0   1   1   +1.350367496e+04
y_fp   0   3   0   1   0   -2.943847416e+03
y_fp   0   3   0   0   2   -2.192732136e+03
y_fp   0   3   0   0   1   -2.045672168e+02
y_fp   0   3   0   0   0   -9.965496013e+01
y_fp   0   2   3   0   0   +3.015445266e+05
y_fp   0   2   2   1   0   -5.593000009e+05
y_fp   0   2   2   0   1   +6.249264025e+04
y_fp   0   2   2   0   0   +3.399076722e+04
y_fp   0   2   1   2   0   +5.410795905e+04
y_fp   0   2   1   1   1   -5.327293713e+04
y_fp   0   2   1   1   0   -3.820594693e+02
y_fp   0   2   1   0   2   +2.360121103e+03
y_fp   0   2   1   0   1   +1.545358529e+02
y_fp   0   2   1   0   0   +1.662822306e+02
y_fp   0   2   0   3   0   +3.473344143e+05
y_fp   0   2   0   2   1   +1.620725572e+04
y_fp   0   2   0   2   0   +6.790785426e+03
y_fp   0   2   0   1   2   -9.131632832e+01
y_fp   0   2   0   1   1   -5.613735402e+02
y_fp   0   2   0   1   0   +2.262407545e+01
y_fp   0   2   0   0   3   -3.149151440e+03
y_fp   0   2   0   0   2   +4.464031218e+00
y_fp   0   2   0   0   1   +3.202334693e+00
y_fp   0   2   0   0   0   -5.388855170e+00
y_fp   0   1   4   0   0   +9.092643086e+05
y_fp   0   1   3   1   0   +1.789959519e+05
y_fp   0   1   3   0   1   -1.910864001e+04
y_fp   0   1   3   0   0   +2.180577037e+03
y_fp   0   1   2   2   0   +8.632482892e+04
y_fp   0   1   2   1   1   -9.671073606e+04
y_fp   0   1   2   1   0   +3.859779980e+04
y_fp   0   1   2   0   2   -3.159212814e+04
y_fp   0   1   2   0   1   -4.754123394e+03
y_fp   0   1   2   0   0   -1.186744050e+02
y_fp   0   1   1   3   0   -1.697800211e+05
y_fp   0   1   1   2   1   +5.096320831e+04
y_fp   0   1   1   2   0   -3.040282605e+03
y_fp   0   1   1   1   2   +4.888804134e+03
y_fp   0   1   1   1   1   +2.286883858e+02
y_fp   0   1   1   1   0   +8.757828947e+01
y_fp   0   1   1   0   3   -2.189719307e+03
y_fp   0   1   1   0   2   -2.681935513e+02
y_fp   0   1   1   0   1   -1.558173029e+01
y_fp   0   1   1   0   0   -2.341568380e+00
y_fp   0   1   0   4   0   -6.936081016e+04
y_fp   0   1   0   3   1   +4.096248697e+04
y_fp   0   1   0   3   0   -9.137114021e+03
y_fp   0   1   0   2   2   +1.945704624e+04
y_fp   0   1   0   2   1   -6.102001443e+02
y_fp   0   1   0   2   0   +1.017362387e+01
y_fp   0   1   0   1   3   +6.805838480e+03
y_fp   0   1   0   1   2   -9.782962641e+01
y_fp   0   1   0   1   1   +2.498690471e+01
y_fp   0   1   0   1   0   -3.329780958e+00
y_fp   0   1   0   0   4   +1.157078031e+03
y_fp   0   1   0   0   3   -3.257301862e+02
y_fp   0   1   0   0   2   +6.239216865e+01
y_fp   0   1   0   0   1   -8.700920393e+00
y_fp   0   1   0   0   0   +1.911685884e-01
y_fp   0   0   5   0   0   -6.832306736e+05
y_fp   0   0   4   1   0   +5.478493976e+05
y_fp   0   0   4   0   1   +3.995380041e+04
y_fp   0   0   4   0   0   -4.929593606e+04
y_fp   0   0   3   2   0   +2.428847391e+05
y_fp   0   0   3   1   1   +2.448463138e+05
y_fp   0   0   3   1   0   -1.514827501e+04
y_fp   0   0   3   0   2   +4.862732144e+04
y_fp   0   0   3   0   1   +9.979967280e+02
y_fp   0   0   3   0   0   -3.106188984e+02
y_fp   0   0   2   3   0   +5.210679579e+04
y_fp   0   0   2   2   1   +9.916958188e+04
y_fp   0   0   2   2   0   +1.494721520e+04
y_fp   0   0   2   1   2   -7.839858895e+03
y_fp   0   0   2   1   1   +4.163623021e+03
y_fp   0   0   2   1   0   -5.967619430e+02
y_fp   0   0   2   0   3   +1.758065837e+04
y_fp   0   0   2   0   2   +1.325460152e+03
y_fp   0   0   2   0   1   +9.280816458e-01
y_fp   0   0   2   0   0   -8.373063659e+00
y_fp   0   0   1   4   0   +7.291387623e+04
y_fp   0   0   1   3   1   +1.387656798e+04
y_fp   0   0   1   3   0   +1.565677974e+03
y_fp   0   0   1   2   2   -3.251798524e+03
y_fp   0   0   1   2   1   -5.076116725e+02
y_fp   0   0   1   2   0   -1.559291415e+01
y_fp   0   0   1   1   3   +1.193366582e+03
y_fp   0   0   1   1   2   +8.048872722e+02
y_fp   0   0   1   1   1   +1.976641689e+01
y_fp   0   0   1   1   0   +9.562745811e+00
y_fp   0   0   1   0   4   +6.069545237e+03
y_fp   0   0   1   0   3   -4.105734289e+01
y_fp   0   0   1   0   2   -1.027858355e+01
y_fp   0   0   1   0   1   +1.870961117e+00
y_fp   0   0   1   0   0   -9.013620070e-02
y_fp   0   0   0   5   0   +5.635668942e+04
y_fp   0   0   0   4   1   +3.918366505e+04
y_fp   0   0   0   4   0   +7.292275632e+02
y_fp   0   0   0   3   2   +5.226540982e+03
y_fp   0   0   0   3   1   -1.971445441e+03
y_fp   0   0   0   3   0   +2.196103370e+01
y_fp   0   0   0   2   3   -1.359938409e+03
y_fp   0   0   0   2   2   -6.013654574e+02
y_fp   0   0   0   2   1   +1.520960697e+01
y_fp   0   0   0   2   0   -3.409881343e+00
y_fp   0   0   0   1   4   +2.348486211e+03
y_fp   0   0   0   1   3   -5.817673679e+02
y_fp   0   0   0   1   2   +8.971015795e+01
y_fp   0   0   0   1   1   -2.140429717e+00
y_fp   0   0   0   1   0   -1.698807189e+00
y_fp   0   0   0   0   5   +1.239664943e+03
y_fp   0   0   0   0   4   -5.795381549e+01
y_fp   0   0   0   0   3   +5.722505905e+00
y_fp   0   0   0   0   2   +1.339820635e-01
y_fp   0   0   0   0   1   -1.834244501e-01
y_fp   0   0   0   0   0   +6.422041018e-03
