# Polynomial metadata: 
# -- Order: 4
# -- Trained on data: 'data/sieve_holes/fits_15Oct/holes_L_V2-dp-fits.root'
# -- Input branches: { x_fp y_fp dxdz_fp dydz_fp }
# -- Time created: Thu Oct 23 22:29:40 2025

poly-DoF 4
is-RHRS 0
dpp_sv   4   0   0   0   -6.677221452e-13
dpp_sv   3   1   0   0   +3.917372180e-11
dpp_sv   3   0   1   0   +4.175233060e-11
dpp_sv   3   0   0   1   +5.272379009e-11
dpp_sv   3   0   0   0   +2.535025118e-12
dpp_sv   2   2   0   0   +2.161481610e-09
dpp_sv   2   1   1   0   +8.625583285e-10
dpp_sv   2   1   0   1   -8.887649517e-09
dpp_sv   2   1   0   0   -7.410787093e-11
dpp_sv   2   0   2   0   -2.395879082e-09
dpp_sv   2   0   1   1   -5.131652290e-09
dpp_sv   2   0   1   0   -1.012040196e-10
dpp_sv   2   0   0   2   +2.039457582e-09
dpp_sv   2   0   0   1   -3.039347572e-10
dpp_sv   2   0   0   0   -5.070361495e-12
dpp_sv   1   3   0   0   +1.028044357e-08
dpp_sv   1   2   1   0   -1.744350281e-08
dpp_sv   1   2   0   1   -2.585318152e-07
dpp_sv   1   2   0   0   -3.352461033e-09
dpp_sv   1   1   2   0   -5.727331412e-08
dpp_sv   1   1   1   1   -2.099138992e-07
dpp_sv   1   1   1   0   -6.376354169e-09
dpp_sv   1   1   0   2   +4.521707205e-07
dpp_sv   1   1   0   1   -9.400151009e-11
dpp_sv   1   1   0   0   -1.313585213e-10
dpp_sv   1   0   3   0   +1.006586015e-08
dpp_sv   1   0   2   1   +3.133938276e-07
dpp_sv   1   0   2   0   +5.958681069e-09
dpp_sv   1   0   1   2   +2.186467234e-07
dpp_sv   1   0   1   1   +8.936581343e-09
dpp_sv   1   0   1   0   +5.048004079e-11
dpp_sv   1   0   0   3   -2.632272418e-07
dpp_sv   1   0   0   2   +1.164880167e-08
dpp_sv   1   0   0   1   +4.911220235e-10
dpp_sv   1   0   0   0   +6.666666667e-02
dpp_sv   0   4   0   0   -3.903469938e-08
dpp_sv   0   3   1   0   +1.843377458e-08
dpp_sv   0   3   0   1   -4.738742033e-07
dpp_sv   0   3   0   0   -1.021679512e-08
dpp_sv   0   2   2   0   -5.703962576e-07
dpp_sv   0   2   1   1   -4.246622276e-06
dpp_sv   0   2   1   0   -9.574322274e-08
dpp_sv   0   2   0   2   +1.924518415e-06
dpp_sv   0   2   0   1   -5.129295171e-08
dpp_sv   0   2   0   0   -1.570955390e-09
dpp_sv   0   1   3   0   +2.797173762e-06
dpp_sv   0   1   2   1   +7.114093817e-06
dpp_sv   0   1   2   0   +1.358600726e-07
dpp_sv   0   1   1   2   +8.800669285e-06
dpp_sv   0   1   1   1   +3.367433006e-07
dpp_sv   0   1   1   0   +1.906919019e-09
dpp_sv   0   1   0   3   -5.853266327e-06
dpp_sv   0   1   0   2   +2.380269999e-07
dpp_sv   0   1   0   1   +1.019446230e-08
dpp_sv   0   1   0   0   +6.578036476e-11
dpp_sv   0   0   4   0   -7.889615954e-07
dpp_sv   0   0   3   1   -1.275909944e-06
dpp_sv   0   0   3   0   +9.421350643e-09
dpp_sv   0   0   2   2   -8.883721491e-06
dpp_sv   0   0   2   1   -3.277103659e-07
dpp_sv   0   0   2   0   -2.195144247e-09
dpp_sv   0   0   1   3   -4.446136127e-06
dpp_sv   0   0   1   2   -2.232946051e-07
dpp_sv   0   0   1   1   -2.169747593e-09
dpp_sv   0   0   1   0   -5.623950447e-12
dpp_sv   0   0   0   4   +5.641439411e-06
dpp_sv   0   0   0   3   -1.460657391e-07
dpp_sv   0   0   0   2   -1.200595594e-08
dpp_sv   0   0   0   1   -1.588513031e-10
dpp_sv   0   0   0   0   -6.015778699e-13
dxdz_sv   4   0   0   0   +2.962790205e-03
dxdz_sv   3   1   0   0   -4.485189452e-02
dxdz_sv   3   0   1   0   +1.015695130e+00
dxdz_sv   3   0   0   1   -9.175012181e-01
dxdz_sv   3   0   0   0   -1.977250794e-02
dxdz_sv   2   2   0   0   -2.236816099e+01
dxdz_sv   2   1   1   0   -7.374089954e+01
dxdz_sv   2   1   0   1   +4.322485939e+01
dxdz_sv   2   1   0   0   -4.165682605e-01
dxdz_sv   2   0   2   0   -7.028516734e+00
dxdz_sv   2   0   1   1   -1.595171346e+01
dxdz_sv   2   0   1   0   -1.975580688e+00
dxdz_sv   2   0   0   2   +3.345321053e+01
dxdz_sv   2   0   0   1   +3.379281091e+00
dxdz_sv   2   0   0   0   +1.978911739e-02
dxdz_sv   1   3   0   0   -2.733534222e+02
dxdz_sv   1   2   1   0   +2.714658603e+02
dxdz_sv   1   2   0   1   +2.815497970e+03
dxdz_sv   1   2   0   0   +1.585258257e+01
dxdz_sv   1   1   2   0   -4.578914178e+02
dxdz_sv   1   1   1   1   +4.169310053e+03
dxdz_sv   1   1   1   0   +6.978594221e+01
dxdz_sv   1   1   0   2   -3.589093300e+03
dxdz_sv   1   1   0   1   +5.970516973e+01
dxdz_sv   1   1   0   0   +1.420843984e+00
dxdz_sv   1   0   3   0   +8.180337951e+02
dxdz_sv   1   0   2   1   +8.860410391e+02
dxdz_sv   1   0   2   0   +7.933052160e+00
dxdz_sv   1   0   1   2   -1.180955897e+03
dxdz_sv   1   0   1   1   +8.737580612e+01
dxdz_sv   1   0   1   0   +2.071734662e+00
dxdz_sv   1   0   0   3   +1.293690176e+03
dxdz_sv   1   0   0   2   -1.213580056e+02
dxdz_sv   1   0   0   1   -2.779909363e+00
dxdz_sv   1   0   0   0   -4.908536834e-04
dxdz_sv   0   4   0   0   -9.186570541e+02
dxdz_sv   0   3   1   0   -1.350523591e+04
dxdz_sv   0   3   0   1   +9.053142716e+03
dxdz_sv   0   3   0   0   -5.541018405e+01
dxdz_sv   0   2   2   0   -4.611823704e+03
dxdz_sv   0   2   1   1   +5.573825804e+04
dxdz_sv   0   2   1   0   +7.107547111e+01
dxdz_sv   0   2   0   2   -2.744079632e+04
dxdz_sv   0   2   0   1   +9.710193858e+02
dxdz_sv   0   2   0   0   +1.148267218e+01
dxdz_sv   0   1   3   0   -1.476449123e+04
dxdz_sv   0   1   2   1   -4.379877241e+04
dxdz_sv   0   1   2   0   -1.008413193e+03
dxdz_sv   0   1   1   2   -9.938618150e+04
dxdz_sv   0   1   1   1   -9.699264953e+02
dxdz_sv   0   1   1   0   -9.700838596e+00
dxdz_sv   0   1   0   3   +5.209889091e+04
dxdz_sv   0   1   0   2   -2.879581427e+03
dxdz_sv   0   1   0   1   -5.550874260e+01
dxdz_sv   0   1   0   0   -5.541807332e-02
dxdz_sv   0   0   4   0   +1.390005410e+04
dxdz_sv   0   0   3   1   -5.108370263e+04
dxdz_sv   0   0   3   0   -6.512748355e+02
dxdz_sv   0   0   2   2   +4.270232539e+03
dxdz_sv   0   0   2   1   +2.517896110e+01
dxdz_sv   0   0   2   0   -1.746026909e+01
dxdz_sv   0   0   1   3   +4.993723715e+04
dxdz_sv   0   0   1   2   -1.418946521e+03
dxdz_sv   0   0   1   1   -5.597399575e+01
dxdz_sv   0   0   1   0   -2.480517280e+00
dxdz_sv   0   0   0   4   -3.857286268e+04
dxdz_sv   0   0   0   3   +1.898782496e+03
dxdz_sv   0   0   0   2   +5.703047862e+01
dxdz_sv   0   0   0   1   +6.431048638e-02
dxdz_sv   0   0   0   0   -8.254490650e-04
dydz_sv   4   0   0   0   -2.951810144e-03
dydz_sv   3   1   0   0   -3.722041354e-01
dydz_sv   3   0   1   0   +1.936733708e-01
dydz_sv   3   0   0   1   +4.132433624e-01
dydz_sv   3   0   0   0   -2.239080174e-03
dydz_sv   2   2   0   0   +1.937368745e+01
dydz_sv   2   1   1   0   -1.072029223e+01
dydz_sv   2   1   0   1   -3.381044221e+01
dydz_sv   2   1   0   0   +1.814015712e-01
dydz_sv   2   0   2   0   -7.625363161e+00
dydz_sv   2   0   1   1   -1.935623727e+01
dydz_sv   2   0   1   0   -7.568751021e-01
dydz_sv   2   0   0   2   +1.656773756e+01
dydz_sv   2   0   0   1   +3.866702732e-01
dydz_sv   2   0   0   0   +7.292462219e-03
dydz_sv   1   3   0   0   +5.426976225e+01
dydz_sv   1   2   1   0   +2.575734334e+01
dydz_sv   1   2   0   1   -6.731359020e+02
dydz_sv   1   2   0   0   +3.838753641e+00
dydz_sv   1   1   2   0   -4.408385972e+02
dydz_sv   1   1   1   1   +3.763749748e+02
dydz_sv   1   1   1   0   +6.445744676e+00
dydz_sv   1   1   0   2   +1.666513091e+03
dydz_sv   1   1   0   1   -1.127377741e+01
dydz_sv   1   1   0   0   +1.508913870e-01
dydz_sv   1   0   3   0   +1.856533262e+02
dydz_sv   1   0   2   1   +1.473003831e+03
dydz_sv   1   0   2   0   +2.791440200e+01
dydz_sv   1   0   1   2   +2.670206676e+02
dydz_sv   1   0   1   1   +3.445882686e+01
dydz_sv   1   0   1   0   +6.271188428e-01
dydz_sv   1   0   0   3   -1.028651855e+03
dydz_sv   1   0   0   2   +4.176460471e+00
dydz_sv   1   0   0   1   -7.655419725e-01
dydz_sv   1   0   0   0   +6.302329903e-03
dydz_sv   0   4   0   0   +1.854278625e+03
dydz_sv   0   3   1   0   +4.265634168e+03
dydz_sv   0   3   0   1   -3.378484433e+03
dydz_sv   0   3   0   0   +7.847707479e+01
dydz_sv   0   2   2   0   -2.070409535e+04
dydz_sv   0   2   1   1   -8.920052207e+03
dydz_sv   0   2   1   0   -2.500891717e+02
dydz_sv   0   2   0   2   +9.092895022e+03
dydz_sv   0   2   0   1   -4.262892962e+02
dydz_sv   0   2   0   0   -5.522971785e+00
dydz_sv   0   1   3   0   -5.485652283e+03
dydz_sv   0   1   2   1   +4.015749471e+04
dydz_sv   0   1   2   0   -4.025271210e+02
dydz_sv   0   1   1   2   +3.317211111e+03
dydz_sv   0   1   1   1   +5.973949477e+02
dydz_sv   0   1   1   0   +3.522907415e+00
dydz_sv   0   1   0   3   -2.011253127e+04
dydz_sv   0   1   0   2   +5.168743349e+02
dydz_sv   0   1   0   1   +1.516655959e+01
dydz_sv   0   1   0   0   -5.654113256e-01
dydz_sv   0   0   4   0   +1.120939548e+04
dydz_sv   0   0   3   1   -1.772388336e+04
dydz_sv   0   0   3   0   -3.773630955e+02
dydz_sv   0   0   2   2   -5.763300822e+04
dydz_sv   0   0   2   1   -7.729390370e+02
dydz_sv   0   0   2   0   -2.373413161e+01
dydz_sv   0   0   1   3   +5.779402000e+03
dydz_sv   0   0   1   2   -8.760438670e+02
dydz_sv   0   0   1   1   -1.407733139e+01
dydz_sv   0   0   1   0   -1.316085084e-01
dydz_sv   0   0   0   4   +1.529053206e+04
dydz_sv   0   0   0   3   -2.333750641e+02
dydz_sv   0   0   0   2   -5.971218771e+00
dydz_sv   0   0   0   1   -1.285629422e-01
dydz_sv   0   0   0   0   -1.162025357e-02
x_sv   4   0   0   0   +2.346677938e-03
x_sv   3   1   0   0   -3.552494235e-02
x_sv   3   0   1   0   +8.044813132e-01
x_sv   3   0   0   1   -7.267068265e-01
x_sv   3   0   0   0   -1.566081462e-02
x_sv   2   2   0   0   -1.771670158e+01
x_sv   2   1   1   0   -5.840647841e+01
x_sv   2   1   0   1   +3.423624925e+01
x_sv   2   1   0   0   -3.299428847e-01
x_sv   2   0   2   0   -5.566936582e+00
x_sv   2   0   1   1   -1.263455442e+01
x_sv   2   0   1   0   -1.564758656e+00
x_sv   2   0   0   2   +2.649661491e+01
x_sv   2   0   0   1   +2.676559539e+00
x_sv   2   0   0   0   +1.567397014e-02
x_sv   1   3   0   0   -2.165095742e+02
x_sv   1   2   1   0   +2.150145308e+02
x_sv   1   2   0   1   +2.230015126e+03
x_sv   1   2   0   0   +1.255603780e+01
x_sv   1   1   2   0   -3.626728908e+02
x_sv   1   1   1   1   +3.302301967e+03
x_sv   1   1   1   0   +5.527395451e+01
x_sv   1   1   0   2   -2.842741297e+03
x_sv   1   1   0   1   +4.728947882e+01
x_sv   1   1   0   0   +1.125379457e+00
x_sv   1   0   3   0   +6.479236556e+02
x_sv   1   0   2   1   +7.017887927e+02
x_sv   1   0   2   0   +6.283373859e+00
x_sv   1   0   1   2   -9.353761008e+02
x_sv   1   0   1   1   +6.920600598e+01
x_sv   1   0   1   0   +1.640917409e+00
x_sv   1   0   0   3   +1.024667285e+03
x_sv   1   0   0   2   -9.612160656e+01
x_sv   1   0   0   1   -2.201827170e+00
x_sv   1   0   0   0   -3.887806457e-04
x_sv   0   4   0   0   -7.276223066e+02
x_sv   0   3   1   0   -1.069682191e+04
x_sv   0   3   0   1   +7.170541556e+03
x_sv   0   3   0   0   -4.388763553e+01
x_sv   0   2   2   0   -3.652794897e+03
x_sv   0   2   1   1   +4.414748648e+04
x_sv   0   2   1   0   +5.629532577e+01
x_sv   0   2   0   2   -2.173448233e+04
x_sv   0   2   0   1   +7.690958905e+02
x_sv   0   2   0   0   +9.094850330e+00
x_sv   0   1   3   0   -1.169421507e+04
x_sv   0   1   2   1   -3.469081706e+04
x_sv   0   1   2   0   -7.987136550e+02
x_sv   0   1   1   2   -7.871882362e+04
x_sv   0   1   1   1   -7.682302664e+02
x_sv   0   1   1   0   -7.683549069e+00
x_sv   0   1   0   3   +4.126492579e+04
x_sv   0   1   0   2   -2.280772427e+03
x_sv   0   1   0   1   -4.396569876e+01
x_sv   0   1   0   0   -4.389388403e-02
x_sv   0   0   4   0   +1.100953765e+04
x_sv   0   0   3   1   -4.046084593e+04
x_sv   0   0   3   0   -5.158422240e+02
x_sv   0   0   2   2   +3.382237614e+03
x_sv   0   0   2   1   +1.994299532e+01
x_sv   0   0   2   0   -1.382940588e+01
x_sv   0   0   1   3   +3.955278795e+04
x_sv   0   0   1   2   -1.123876572e+03
x_sv   0   0   1   1   -4.433420252e+01
x_sv   0   0   1   0   -1.964693676e+00
x_sv   0   0   0   4   -3.055163533e+04
x_sv   0   0   0   3   +1.503930648e+03
x_sv   0   0   0   2   +4.517098974e+01
x_sv   0   0   0   1   +5.093711945e-02
x_sv   0   0   0   0   -3.404967233e-03
y_sv   4   0   0   0   -2.337981179e-03
y_sv   3   1   0   0   -2.948042804e-01
y_sv   3   0   1   0   +1.533989909e-01
y_sv   3   0   0   1   +3.273093985e-01
y_sv   3   0   0   0   -1.773463432e-03
y_sv   2   2   0   0   +1.534492887e+01
y_sv   2   1   1   0   -8.491007313e+00
y_sv   2   1   0   1   -2.677956028e+01
y_sv   2   1   0   0   +1.436791111e-01
y_sv   2   0   2   0   -6.039668803e+00
y_sv   2   0   1   1   -1.533110749e+01
y_sv   2   0   1   0   -5.994829147e-01
y_sv   2   0   0   2   +1.312247636e+01
y_sv   2   0   0   1   +3.062621856e-01
y_sv   2   0   0   0   +5.775994583e-03
y_sv   1   3   0   0   +4.298436422e+01
y_sv   1   2   1   0   +2.040110320e+01
y_sv   1   2   0   1   -5.331572821e+02
y_sv   1   2   0   0   +3.040484745e+00
y_sv   1   1   2   0   -3.491662044e+02
y_sv   1   1   1   1   +2.981077932e+02
y_sv   1   1   1   0   +5.105351951e+00
y_sv   1   1   0   2   +1.319961670e+03
y_sv   1   1   0   1   -8.929395211e+00
y_sv   1   1   0   0   +1.195135205e-01
y_sv   1   0   3   0   +1.470467145e+02
y_sv   1   0   2   1   +1.166692666e+03
y_sv   1   0   2   0   +2.210960177e+01
y_sv   1   0   1   2   +2.114937172e+02
y_sv   1   0   1   1   +2.729311338e+01
y_sv   1   0   1   0   +4.967094710e-01
y_sv   1   0   0   3   -8.147436880e+02
y_sv   1   0   0   2   +3.307965445e+00
y_sv   1   0   0   1   -6.063475060e-01
y_sv   1   0   0   0   +4.991760336e-03
y_sv   0   4   0   0   +1.468681357e+03
y_sv   0   3   1   0   +3.378595475e+03
y_sv   0   3   0   1   -2.675928551e+03
y_sv   0   3   0   0   +6.215776570e+01
y_sv   0   2   2   0   -1.639867842e+04
y_sv   0   2   1   1   -7.065127236e+03
y_sv   0   2   1   0   -1.980831255e+02
y_sv   0   2   0   2   +7.202027372e+03
y_sv   0   2   0   1   -3.376424309e+02
y_sv   0   2   0   0   -4.374469730e+00
y_sv   0   1   3   0   -4.344910795e+03
y_sv   0   1   2   1   +3.180674311e+04
y_sv   0   1   2   0   -3.188216000e+02
y_sv   0   1   1   2   +2.627397038e+03
y_sv   0   1   1   1   +4.731666618e+02
y_sv   0   1   1   0   +2.790318786e+00
y_sv   0   1   0   3   -1.593013012e+04
y_sv   0   1   0   2   +4.093903107e+02
y_sv   0   1   0   1   +1.201267338e+01
y_sv   0   1   0   0   -4.478340315e-01
y_sv   0   0   4   0   +8.878401523e+03
y_sv   0   0   3   1   -1.403820158e+04
y_sv   0   0   3   0   -2.988904344e+02
y_sv   0   0   2   2   -4.564822340e+04
y_sv   0   0   2   1   -6.122063569e+02
y_sv   0   0   2   0   -1.879861864e+01
y_sv   0   0   1   3   +4.577575249e+03
y_sv   0   0   1   2   -6.938705337e+02
y_sv   0   0   1   1   -1.114995014e+01
y_sv   0   0   1   0   -1.042405172e-01
y_sv   0   0   0   4   +1.211086572e+04
y_sv   0   0   0   3   -1.848447162e+02
y_sv   0   0   0   2   -4.729503823e+00
y_sv   0   0   0   1   -1.018282783e-01
y_sv   0   0   0   0   -1.694803295e-02
