# Polynomial metadata: 
# -- Order: 4
# -- Trained on data: 'data/sieve_holes/fits_22Mar/V123.root'
# -- Input branches: { x_sv y_sv dxdz_sv dydz_sv dpp_sv }
# -- Time created: Fri Apr 17 04:25:37 2026

poly-DoF 5
is-RHRS 0
dxdz_fp   4   0   0   0   0   +9.765820356e+04
dxdz_fp   3   1   0   0   0   +2.424131576e+04
dxdz_fp   3   0   1   0   0   -3.110228055e+05
dxdz_fp   3   0   0   1   0   -4.128341223e+04
dxdz_fp   3   0   0   0   1   +5.341141917e+03
dxdz_fp   3   0   0   0   0   +8.653298385e+02
dxdz_fp   2   2   0   0   0   -8.695228654e+03
dxdz_fp   2   1   1   0   0   -6.399369693e+04
dxdz_fp   2   1   0   1   0   +5.189308908e+03
dxdz_fp   2   1   0   0   1   -3.423040731e+03
dxdz_fp   2   1   0   0   0   +3.623262367e+02
dxdz_fp   2   0   2   0   0   +3.667525471e+05
dxdz_fp   2   0   1   1   0   +1.056747143e+05
dxdz_fp   2   0   1   0   1   -1.285964983e+04
dxdz_fp   2   0   1   0   0   -2.402496777e+03
dxdz_fp   2   0   0   2   0   +3.880188896e+03
dxdz_fp   2   0   0   1   1   +2.254748098e+02
dxdz_fp   2   0   0   1   0   +1.019541204e+02
dxdz_fp   2   0   0   0   2   +6.137012048e+01
dxdz_fp   2   0   0   0   1   +1.203518458e+01
dxdz_fp   2   0   0   0   0   +1.247539607e+01
dxdz_fp   1   3   0   0   0   +4.811674664e+06
dxdz_fp   1   2   1   0   0   +4.039124585e+03
dxdz_fp   1   2   0   1   0   -1.151950759e+07
dxdz_fp   1   2   0   0   1   -8.280826232e+02
dxdz_fp   1   2   0   0   0   +1.120985355e+05
dxdz_fp   1   1   2   0   0   +5.777926337e+04
dxdz_fp   1   1   1   1   0   -7.931342497e+03
dxdz_fp   1   1   1   0   1   +5.301991889e+03
dxdz_fp   1   1   1   0   0   -9.769523582e+02
dxdz_fp   1   1   0   2   0   +9.003939789e+06
dxdz_fp   1   1   0   1   1   +6.583530476e+01
dxdz_fp   1   1   0   1   0   -2.100243165e+05
dxdz_fp   1   1   0   0   2   +2.495527974e+01
dxdz_fp   1   1   0   0   1   -7.260401617e+01
dxdz_fp   1   1   0   0   0   -3.987533521e+02
dxdz_fp   1   0   3   0   0   -1.893436536e+05
dxdz_fp   1   0   2   1   0   -8.965677750e+04
dxdz_fp   1   0   2   0   1   +9.723526474e+03
dxdz_fp   1   0   2   0   0   +1.998470308e+03
dxdz_fp   1   0   1   2   0   -1.465191792e+03
dxdz_fp   1   0   1   1   1   -1.545961786e+03
dxdz_fp   1   0   1   1   0   +5.644224224e+01
dxdz_fp   1   0   1   0   2   -3.561298474e+02
dxdz_fp   1   0   1   0   1   -3.407357622e+01
dxdz_fp   1   0   1   0   0   -2.183216969e+01
dxdz_fp   1   0   0   3   0   -2.297631928e+06
dxdz_fp   1   0   0   2   1   -5.951176497e+01
dxdz_fp   1   0   0   2   0   +9.459174285e+04
dxdz_fp   1   0   0   1   2   -1.372986305e+02
dxdz_fp   1   0   0   1   1   +1.942088973e+01
dxdz_fp   1   0   0   1   0   +7.332468800e+01
dxdz_fp   1   0   0   0   3   -1.881715854e+02
dxdz_fp   1   0   0   0   2   -3.372963989e+01
dxdz_fp   1   0   0   0   1   -6.032262591e-01
dxdz_fp   1   0   0   0   0   -7.607167765e+00
dxdz_fp   0   4   0   0   0   -3.402192898e+05
dxdz_fp   0   3   1   0   0   -2.493576684e+06
dxdz_fp   0   3   0   1   0   +1.119698565e+06
dxdz_fp   0   3   0   0   1   -5.812733154e+04
dxdz_fp   0   3   0   0   0   -6.285962970e+02
dxdz_fp   0   2   2   0   0   +3.871514143e+03
dxdz_fp   0   2   1   1   0   +5.968563192e+06
dxdz_fp   0   2   1   0   1   +7.770081197e+02
dxdz_fp   0   2   1   0   0   -5.807799836e+04
dxdz_fp   0   2   0   2   0   -1.366084795e+06
dxdz_fp   0   2   0   1   1   +1.390545512e+05
dxdz_fp   0   2   0   1   0   +4.530102441e+03
dxdz_fp   0   2   0   0   2   -2.254073660e+01
dxdz_fp   0   2   0   0   1   -1.351958074e+03
dxdz_fp   0   2   0   0   0   +1.985977250e+02
dxdz_fp   0   1   3   0   0   -1.545336942e+04
dxdz_fp   0   1   2   1   0   +8.099604533e+02
dxdz_fp   0   1   2   0   1   -2.034802090e+03
dxdz_fp   0   1   2   0   0   +5.608236968e+02
dxdz_fp   0   1   1   2   0   -4.666242972e+06
dxdz_fp   0   1   1   1   1   -6.163627110e+02
dxdz_fp   0   1   1   1   0   +1.087920839e+05
dxdz_fp   0   1   1   0   2   +4.053971635e+02
dxdz_fp   0   1   1   0   1   +5.986749117e+01
dxdz_fp   0   1   1   0   0   +2.069545246e+02
dxdz_fp   0   1   0   3   0   +7.317038917e+05
dxdz_fp   0   1   0   2   1   -1.086353317e+05
dxdz_fp   0   1   0   2   0   -6.375487020e+03
dxdz_fp   0   1   0   1   2   -1.298940338e+02
dxdz_fp   0   1   0   1   1   +2.532052219e+03
dxdz_fp   0   1   0   1   0   -3.488746256e+02
dxdz_fp   0   1   0   0   3   -1.690526675e+02
dxdz_fp   0   1   0   0   2   +1.345892270e+00
dxdz_fp   0   1   0   0   1   +4.828051343e+00
dxdz_fp   0   1   0   0   0   -8.824319478e-02
dxdz_fp   0   0   4   0   0   +3.594958331e+04
dxdz_fp   0   0   3   1   0   +2.547519269e+04
dxdz_fp   0   0   3   0   1   -2.263721616e+03
dxdz_fp   0   0   3   0   0   -5.030295355e+02
dxdz_fp   0   0   2   2   0   -6.882510515e+02
dxdz_fp   0   0   2   1   1   +1.120337005e+03
dxdz_fp   0   0   2   1   0   -1.407255065e+02
dxdz_fp   0   0   2   0   2   +2.275103108e+02
dxdz_fp   0   0   2   0   1   +1.549988495e+01
dxdz_fp   0   0   2   0   0   +8.335611145e+00
dxdz_fp   0   0   1   3   0   +1.189961166e+06
dxdz_fp   0   0   1   2   1   +2.448250041e+02
dxdz_fp   0   0   1   2   0   -4.892076752e+04
dxdz_fp   0   0   1   1   2   -1.418967379e+02
dxdz_fp   0   0   1   1   1   -3.995126035e+01
dxdz_fp   0   0   1   1   0   -4.284902586e+01
dxdz_fp   0   0   1   0   3   -1.487299941e+01
dxdz_fp   0   0   1   0   2   +3.051464305e+01
dxdz_fp   0   0   1   0   1   -6.456263491e-01
dxdz_fp   0   0   1   0   0   +3.416412275e+00
dxdz_fp   0   0   0   4   0   -1.452372149e+05
dxdz_fp   0   0   0   3   1   +2.803345846e+04
dxdz_fp   0   0   0   3   0   +2.514271025e+03
dxdz_fp   0   0   0   2   2   -7.033430274e+01
dxdz_fp   0   0   0   2   1   -1.138005359e+03
dxdz_fp   0   0   0   2   0   +1.478870252e+02
dxdz_fp   0   0   0   1   3   +9.286754489e+01
dxdz_fp   0   0   0   1   2   -3.617575560e+00
dxdz_fp   0   0   0   1   1   -1.135222399e+00
dxdz_fp   0   0   0   1   0   -3.351753275e-01
dxdz_fp   0   0   0   0   4   +1.369014101e+01
dxdz_fp   0   0   0   0   3   +1.536437157e-01
dxdz_fp   0   0   0   0   2   -1.167865917e+00
dxdz_fp   0   0   0   0   1   +1.303624459e-01
dxdz_fp   0   0   0   0   0   -1.086440414e-02
dydz_fp   4   0   0   0   0   -1.864456393e+05
dydz_fp   3   1   0   0   0   +2.054768073e+05
dydz_fp   3   0   1   0   0   +5.703097598e+05
dydz_fp   3   0   0   1   0   -1.431324089e+05
dydz_fp   3   0   0   0   1   +1.026684022e+04
dydz_fp   3   0   0   0   0   +3.186658392e+03
dydz_fp   2   2   0   0   0   +7.056052921e+04
dydz_fp   2   1   1   0   0   -5.389008349e+05
dydz_fp   2   1   0   1   0   -1.351377839e+05
dydz_fp   2   1   0   0   1   -9.022532781e+01
dydz_fp   2   1   0   0   0   +1.478284116e+03
dydz_fp   2   0   2   0   0   -6.414433248e+05
dydz_fp   2   0   1   1   0   +3.673401247e+05
dydz_fp   2   0   1   0   1   -2.425556199e+04
dydz_fp   2   0   1   0   0   -8.933761128e+03
dydz_fp   2   0   0   2   0   +6.946993024e+04
dydz_fp   2   0   0   1   1   +1.108842326e+03
dydz_fp   2   0   0   1   0   -1.012109766e+03
dydz_fp   2   0   0   0   2   +1.796066001e+01
dydz_fp   2   0   0   0   1   +5.694682079e+01
dydz_fp   2   0   0   0   0   +1.562267687e+01
dydz_fp   1   3   0   0   0   +1.839286833e+06
dydz_fp   1   2   1   0   0   -8.109446893e+04
dydz_fp   1   2   0   1   0   -4.400739019e+06
dydz_fp   1   2   0   0   1   +3.664267497e+03
dydz_fp   1   2   0   0   0   +4.307095829e+04
dydz_fp   1   1   2   0   0   +4.660849070e+05
dydz_fp   1   1   1   1   0   +1.499645015e+05
dydz_fp   1   1   1   0   1   +1.930807473e+03
dydz_fp   1   1   1   0   0   -2.198543873e+03
dydz_fp   1   1   0   2   0   +3.438686596e+06
dydz_fp   1   1   0   1   1   -2.929919199e+03
dydz_fp   1   1   0   1   0   -8.068644813e+04
dydz_fp   1   1   0   0   2   -1.164249104e+02
dydz_fp   1   1   0   0   1   +1.122863486e+02
dydz_fp   1   1   0   0   0   -1.525121042e+02
dydz_fp   1   0   3   0   0   +3.169009514e+05
dydz_fp   1   0   2   1   0   -3.112299117e+05
dydz_fp   1   0   2   0   1   +1.885945598e+04
dydz_fp   1   0   2   0   0   +8.157873242e+03
dydz_fp   1   0   1   2   0   -9.390555450e+04
dydz_fp   1   0   1   1   1   -2.589164675e+02
dydz_fp   1   0   1   1   0   +1.390399663e+03
dydz_fp   1   0   1   0   2   -3.215229190e+02
dydz_fp   1   0   1   0   1   -7.644334379e+01
dydz_fp   1   0   1   0   0   -3.728094664e+01
dydz_fp   1   0   0   3   0   -8.759732570e+05
dydz_fp   1   0   0   2   1   +2.689650968e+03
dydz_fp   1   0   0   2   0   +3.659175413e+04
dydz_fp   1   0   0   1   2   +7.721369351e+02
dydz_fp   1   0   0   1   1   -3.072982986e+01
dydz_fp   1   0   0   1   0   +2.812200871e+01
dydz_fp   1   0   0   0   3   -5.260461706e+02
dydz_fp   1   0   0   0   2   +1.314420621e+01
dydz_fp   1   0   0   0   1   +1.245627993e+00
dydz_fp   1   0   0   0   0   -2.848630476e+00
dydz_fp   0   4   0   0   0   -7.463658774e+05
dydz_fp   0   3   1   0   0   -9.688167310e+05
dydz_fp   0   3   0   1   0   +5.452322120e+06
dydz_fp   0   3   0   0   1   +4.522267544e+05
dydz_fp   0   3   0   0   0   -1.536481845e+04
dydz_fp   0   2   2   0   0   +1.927564981e+04
dydz_fp   0   2   1   1   0   +2.317903013e+06
dydz_fp   0   2   1   0   1   -3.603811024e+03
dydz_fp   0   2   1   0   0   -2.260374111e+04
dydz_fp   0   2   0   2   0   -1.017272828e+07
dydz_fp   0   2   0   1   1   -1.080675539e+06
dydz_fp   0   2   0   1   0   +1.132044545e+05
dydz_fp   0   2   0   0   2   +5.224825953e+01
dydz_fp   0   2   0   0   1   +1.051928427e+04
dydz_fp   0   2   0   0   0   +1.062893941e+02
dydz_fp   0   1   3   0   0   -1.331854560e+05
dydz_fp   0   1   2   1   0   -3.895657187e+04
dydz_fp   0   1   2   0   1   -9.019006969e+02
dydz_fp   0   1   2   0   0   +8.145212849e+02
dydz_fp   0   1   1   2   0   -1.811583817e+06
dydz_fp   0   1   1   1   1   +3.045389939e+03
dydz_fp   0   1   1   1   0   +4.246066917e+04
dydz_fp   0   1   1   0   2   -6.285206840e+01
dydz_fp   0   1   1   0   1   -1.219150913e+02
dydz_fp   0   1   1   0   0   +8.044443943e+01
dydz_fp   0   1   0   3   0   +7.217269742e+06
dydz_fp   0   1   0   2   1   +8.435134379e+05
dydz_fp   0   1   0   2   0   -1.710810907e+05
dydz_fp   0   1   0   1   2   +6.216981112e+01
dydz_fp   0   1   0   1   1   -1.969778471e+04
dydz_fp   0   1   0   1   0   -3.983132444e+02
dydz_fp   0   1   0   0   3   -4.793731253e+01
dydz_fp   0   1   0   0   2   +2.423061154e+00
dydz_fp   0   1   0   0   1   -3.825423650e+01
dydz_fp   0   1   0   0   0   +1.918035381e+00
dydz_fp   0   0   4   0   0   -5.707408439e+04
dydz_fp   0   0   3   1   0   +8.662321582e+04
dydz_fp   0   0   3   0   1   -4.773054220e+03
dydz_fp   0   0   3   0   0   -2.434842723e+03
dydz_fp   0   0   2   2   0   +3.099431560e+04
dydz_fp   0   0   2   1   1   -2.773983434e+02
dydz_fp   0   0   2   1   0   -2.386145978e+02
dydz_fp   0   0   2   0   2   +4.788168643e+02
dydz_fp   0   0   2   0   1   -1.612711221e+00
dydz_fp   0   0   2   0   0   +1.408634327e+01
dydz_fp   0   0   1   3   0   +4.603661218e+05
dydz_fp   0   0   1   2   1   -2.631225876e+03
dydz_fp   0   0   1   2   0   -1.929105599e+04
dydz_fp   0   0   1   1   2   -4.779474872e+02
dydz_fp   0   0   1   1   1   +4.166937770e+01
dydz_fp   0   0   1   1   0   -6.006440949e+00
dydz_fp   0   0   1   0   3   +5.202903200e+02
dydz_fp   0   0   1   0   2   -1.528609798e+01
dydz_fp   0   0   1   0   1   -2.187790005e+00
dydz_fp   0   0   1   0   0   +1.545683452e+00
dydz_fp   0   0   0   4   0   -1.746783695e+06
dydz_fp   0   0   0   3   1   -2.144174338e+05
dydz_fp   0   0   0   3   0   +7.134994894e+04
dydz_fp   0   0   0   2   2   -3.530733031e+02
dydz_fp   0   0   0   2   1   +8.905133809e+03
dydz_fp   0   0   0   2   0   +1.025491207e+02
dydz_fp   0   0   0   1   3   +2.719306590e+01
dydz_fp   0   0   0   1   2   +4.963811694e+01
dydz_fp   0   0   0   1   1   -6.774711087e+00
dydz_fp   0   0   0   1   0   -6.979574715e+00
dydz_fp   0   0   0   0   4   +5.769549470e+01
dydz_fp   0   0   0   0   3   -8.686403264e+00
dydz_fp   0   0   0   0   2   +9.678709768e-01
dydz_fp   0   0   0   0   1   -5.544121451e-01
dydz_fp   0   0   0   0   0   -9.409916336e-03
x_fp   4   0   0   0   0   +5.578845065e+04
x_fp   3   1   0   0   0   +5.944931093e+03
x_fp   3   0   1   0   0   -2.131741292e+05
x_fp   3   0   0   1   0   +4.047177237e+03
x_fp   3   0   0   0   1   +1.198642841e+04
x_fp   3   0   0   0   0   +2.839552859e+02
x_fp   2   2   0   0   0   -1.936432993e+04
x_fp   2   1   1   0   0   +2.194287416e+04
x_fp   2   1   0   1   0   +4.839866408e+04
x_fp   2   1   0   0   1   +8.971220572e+02
x_fp   2   1   0   0   0   -1.148746756e+02
x_fp   2   0   2   0   0   +2.848775338e+05
x_fp   2   0   1   1   0   -1.790241929e+04
x_fp   2   0   1   0   1   -3.517094234e+04
x_fp   2   0   1   0   0   -4.755368736e+02
x_fp   2   0   0   2   0   -3.709070688e+04
x_fp   2   0   0   1   1   +6.520924773e+03
x_fp   2   0   0   1   0   -2.402144587e+01
x_fp   2   0   0   0   2   -3.596626103e+03
x_fp   2   0   0   0   1   +8.029148431e+01
x_fp   2   0   0   0   0   +2.096433659e+00
x_fp   1   3   0   0   0   -8.201128856e+06
x_fp   1   2   1   0   0   +3.396453833e+04
x_fp   1   2   0   1   0   +1.962501154e+07
x_fp   1   2   0   0   1   -2.615383357e+03
x_fp   1   2   0   0   0   -1.912713971e+05
x_fp   1   1   2   0   0   -4.484676209e+04
x_fp   1   1   1   1   0   -7.437473121e+04
x_fp   1   1   1   0   1   +2.205047029e+03
x_fp   1   1   1   0   0   +5.484161290e+02
x_fp   1   1   0   2   0   -1.535213988e+07
x_fp   1   1   0   1   1   +6.033807701e+03
x_fp   1   1   0   1   0   +3.584598733e+05
x_fp   1   1   0   0   2   +5.959131419e+03
x_fp   1   1   0   0   1   +9.719920223e+01
x_fp   1   1   0   0   0   +6.711807271e+02
x_fp   1   0   3   0   0   -1.616275855e+05
x_fp   1   0   2   1   0   +3.189018095e+04
x_fp   1   0   2   0   1   +3.513330186e+04
x_fp   1   0   2   0   0   +2.349284132e+02
x_fp   1   0   1   2   0   +6.761921457e+04
x_fp   1   0   1   1   1   -1.606892198e+04
x_fp   1   0   1   1   0   -2.996295818e+02
x_fp   1   0   1   0   2   +7.983119817e+03
x_fp   1   0   1   0   1   -2.208733075e+02
x_fp   1   0   1   0   0   -8.376338570e+00
x_fp   1   0   0   3   0   +3.899665366e+06
x_fp   1   0   0   2   1   +5.643425047e+03
x_fp   1   0   0   2   0   -1.618385483e+05
x_fp   1   0   0   1   2   +6.432464374e+03
x_fp   1   0   0   1   1   +1.962626155e+02
x_fp   1   0   0   1   0   -1.230561600e+02
x_fp   1   0   0   0   3   +6.666955186e+02
x_fp   1   0   0   0   2   +6.264745394e+01
x_fp   1   0   0   0   1   +3.470522228e+00
x_fp   1   0   0   0   0   +1.287910385e+01
x_fp   0   4   0   0   0   +9.379454728e+05
x_fp   0   3   1   0   0   +3.039359529e+06
x_fp   0   3   0   1   0   -3.956503896e+06
x_fp   0   3   0   0   1   +5.866137009e+05
x_fp   0   3   0   0   0   +2.630341911e+04
x_fp   0   2   2   0   0   -1.407393612e+04
x_fp   0   2   1   1   0   -7.263751589e+06
x_fp   0   2   1   0   1   +1.641235677e+03
x_fp   0   2   1   0   0   +7.126679125e+04
x_fp   0   2   0   2   0   +5.871406977e+06
x_fp   0   2   0   1   1   -1.411621994e+06
x_fp   0   2   0   1   0   -9.102172936e+04
x_fp   0   2   0   0   2   +2.949642631e+03
x_fp   0   2   0   0   1   +1.373015530e+04
x_fp   0   2   0   0   0   +2.056557844e+01
x_fp   0   1   3   0   0   +1.718634210e+04
x_fp   0   1   2   1   0   +2.912618191e+04
x_fp   0   1   2   0   1   -2.279131678e+03
x_fp   0   1   2   0   0   -2.994185064e+02
x_fp   0   1   1   2   0   +5.698494326e+06
x_fp   0   1   1   1   1   -4.559516497e+03
x_fp   0   1   1   1   0   -1.332518580e+05
x_fp   0   1   1   0   2   -4.328500501e+03
x_fp   0   1   1   0   1   -2.399312879e+02
x_fp   0   1   1   0   0   -2.506166632e+02
x_fp   0   1   0   3   0   -3.662879726e+06
x_fp   0   1   0   2   1   +1.105433153e+06
x_fp   0   1   0   2   0   +1.013277643e+05
x_fp   0   1   0   1   2   -6.593765651e+03
x_fp   0   1   0   1   1   -2.564807320e+04
x_fp   0   1   0   1   0   -3.371102334e+01
x_fp   0   1   0   0   3   +8.054343007e+02
x_fp   0   1   0   0   2   +3.156881442e+01
x_fp   0   1   0   0   1   -4.618005187e+01
x_fp   0   1   0   0   0   -2.026110082e+00
x_fp   0   0   4   0   0   +3.372406608e+04
x_fp   0   0   3   1   0   -2.127412168e+04
x_fp   0   0   3   0   1   -1.044664163e+04
x_fp   0   0   3   0   0   -1.481303237e+02
x_fp   0   0   2   2   0   -4.145578957e+04
x_fp   0   0   2   1   1   +8.423710816e+03
x_fp   0   0   2   1   0   -5.142774266e+01
x_fp   0   0   2   0   2   -4.239839894e+03
x_fp   0   0   2   0   1   +9.640645260e+01
x_fp   0   0   2   0   0   -2.139343697e+00
x_fp   0   0   1   3   0   -1.433849153e+06
x_fp   0   0   1   2   1   -4.078325041e+03
x_fp   0   0   1   2   0   +6.071097943e+04
x_fp   0   0   1   1   2   -3.432851150e+03
x_fp   0   0   1   1   1   -1.174485573e+02
x_fp   0   0   1   1   0   +7.215462701e+01
x_fp   0   0   1   0   3   -8.634928073e+02
x_fp   0   0   1   0   2   -9.079729339e+01
x_fp   0   0   1   0   1   +7.547471274e+00
x_fp   0   0   1   0   0   -4.797308296e+00
x_fp   0   0   0   4   0   +8.183718560e+05
x_fp   0   0   0   3   1   -2.841194111e+05
x_fp   0   0   0   3   0   -3.584385601e+04
x_fp   0   0   0   2   2   +1.990065635e+03
x_fp   0   0   0   2   1   +1.178457439e+04
x_fp   0   0   0   2   0   +5.302058657e+01
x_fp   0   0   0   1   3   -9.674580892e+02
x_fp   0   0   0   1   2   -3.826864759e+01
x_fp   0   0   0   1   1   +1.431750209e+01
x_fp   0   0   0   1   0   +2.619709726e+00
x_fp   0   0   0   0   4   -6.883216996e+01
x_fp   0   0   0   0   3   +7.204875275e+01
x_fp   0   0   0   0   2   -2.338748979e+01
x_fp   0   0   0   0   1   +1.257555705e+01
x_fp   0   0   0   0   0   -2.432632130e-03
y_fp   4   0   0   0   0   +1.243751230e+05
y_fp   3   1   0   0   0   +4.316477117e+04
y_fp   3   0   1   0   0   -3.954325275e+05
y_fp   3   0   0   1   0   +8.834765746e+03
y_fp   3   0   0   0   1   -6.573382111e+03
y_fp   3   0   0   0   0   +5.218014294e+03
y_fp   2   2   0   0   0   -1.360169880e+04
y_fp   2   1   1   0   0   -1.527830438e+05
y_fp   2   1   0   1   0   +5.234473602e+04
y_fp   2   1   0   0   1   +4.601135630e+03
y_fp   2   1   0   0   0   +1.081860726e+02
y_fp   2   0   2   0   0   +4.641182351e+05
y_fp   2   0   1   1   0   +1.916866544e+04
y_fp   2   0   1   0   1   +1.365883642e+04
y_fp   2   0   1   0   0   -1.293560469e+04
y_fp   2   0   0   2   0   -7.874456725e+03
y_fp   2   0   0   1   1   +4.469485191e+03
y_fp   2   0   0   1   0   +1.843527632e+03
y_fp   2   0   0   0   2   +1.375289544e+03
y_fp   2   0   0   0   1   +1.240010846e+02
y_fp   2   0   0   0   0   +3.575412641e+01
y_fp   1   3   0   0   0   +1.591805092e+06
y_fp   1   2   1   0   0   +2.812655964e+04
y_fp   1   2   0   1   0   -3.813740761e+06
y_fp   1   2   0   0   1   -2.404941088e+02
y_fp   1   2   0   0   0   +3.681383397e+04
y_fp   1   1   2   0   0   +1.618784481e+05
y_fp   1   1   1   1   0   -1.098828238e+05
y_fp   1   1   1   0   1   -9.035767821e+03
y_fp   1   1   1   0   0   -1.671138474e+02
y_fp   1   1   0   2   0   +2.980085329e+06
y_fp   1   1   0   1   1   -3.361669686e+03
y_fp   1   1   0   1   0   -6.906512527e+04
y_fp   1   1   0   0   2   -3.670178333e+02
y_fp   1   1   0   0   1   -1.092946542e+01
y_fp   1   1   0   0   0   -1.383789110e+02
y_fp   1   0   3   0   0   -2.360683539e+05
y_fp   1   0   2   1   0   -4.886099586e+04
y_fp   1   0   2   0   1   -9.773610872e+03
y_fp   1   0   2   0   0   +1.060369581e+04
y_fp   1   0   1   2   0   +2.595214454e+04
y_fp   1   0   1   1   1   -5.142497575e+03
y_fp   1   0   1   1   0   -2.834020542e+03
y_fp   1   0   1   0   2   -3.735323657e+03
y_fp   1   0   1   0   1   -1.814164625e+02
y_fp   1   0   1   0   0   -6.374592388e+01
y_fp   1   0   0   3   0   -7.595428787e+05
y_fp   1   0   0   2   1   +2.021261338e+03
y_fp   1   0   0   2   0   +3.126808551e+04
y_fp   1   0   0   1   2   +1.311696641e+03
y_fp   1   0   0   1   1   -3.394156096e+01
y_fp   1   0   0   1   0   +3.577818819e+01
y_fp   1   0   0   0   3   -1.520447121e+03
y_fp   1   0   0   0   2   +7.449970411e+00
y_fp   1   0   0   0   1   +1.313461349e+00
y_fp   1   0   0   0   0   -2.394213132e+00
y_fp   0   4   0   0   0   +1.705805848e+05
y_fp   0   3   1   0   0   -8.894526088e+05
y_fp   0   3   0   1   0   +1.176405908e+06
y_fp   0   3   0   0   1   +4.966351245e+04
y_fp   0   3   0   0   0   +4.453257034e+04
y_fp   0   2   2   0   0   -1.615344897e+04
y_fp   0   2   1   1   0   +2.133209544e+06
y_fp   0   2   1   0   1   -4.309269174e+02
y_fp   0   2   1   0   0   -2.041560836e+04
y_fp   0   2   0   2   0   -3.472572283e+06
y_fp   0   2   0   1   1   -1.210598437e+05
y_fp   0   2   0   1   0   -6.748549105e+04
y_fp   0   2   0   0   2   -4.309398439e+02
y_fp   0   2   0   0   1   +1.201677124e+03
y_fp   0   2   0   0   0   +9.265707920e+02
y_fp   0   1   3   0   0   -5.402913136e+04
y_fp   0   1   2   1   0   +5.174100026e+04
y_fp   0   1   2   0   1   +3.567333021e+03
y_fp   0   1   2   0   0   +1.373485007e+02
y_fp   0   1   1   2   0   -1.667133480e+06
y_fp   0   1   1   1   1   +3.589782832e+03
y_fp   0   1   1   1   0   +3.837436974e+04
y_fp   0   1   1   0   2   +3.197930139e+02
y_fp   0   1   1   0   1   +2.687706218e+01
y_fp   0   1   1   0   0   +7.681895216e+01
y_fp   0   1   0   3   0   +2.883972817e+06
y_fp   0   1   0   2   1   +9.615010850e+04
y_fp   0   1   0   2   0   +9.910425781e+03
y_fp   0   1   0   1   2   -4.880732787e+02
y_fp   0   1   0   1   1   -2.274707186e+03
y_fp   0   1   0   1   0   -1.891795441e+03
y_fp   0   1   0   0   3   -1.443751405e+02
y_fp   0   1   0   0   2   +1.575777730e+01
y_fp   0   1   0   0   1   -1.123480550e+01
y_fp   0   1   0   0   0   -3.580488371e+00
y_fp   0   0   4   0   0   +4.402854957e+04
y_fp   0   0   3   1   0   +2.172392369e+04
y_fp   0   0   3   0   1   +2.384754453e+03
y_fp   0   0   3   0   0   -2.872542997e+03
y_fp   0   0   2   2   0   -1.754207316e+04
y_fp   0   0   2   1   1   -1.267789095e+03
y_fp   0   0   2   1   0   +1.001930919e+03
y_fp   0   0   2   0   2   +2.632965567e+03
y_fp   0   0   2   0   1   +9.491003076e+01
y_fp   0   0   2   0   0   +2.423098804e+01
y_fp   0   0   1   3   0   +4.251359558e+05
y_fp   0   0   1   2   1   -2.830393676e+03
y_fp   0   0   1   2   0   -1.739081390e+04
y_fp   0   0   1   1   2   -1.166332128e+03
y_fp   0   0   1   1   1   -1.477414067e+01
y_fp   0   0   1   1   0   -1.921724497e+01
y_fp   0   0   1   0   3   +1.476229668e+03
y_fp   0   0   1   0   2   -7.974013994e+00
y_fp   0   0   1   0   1   -1.980886445e+00
y_fp   0   0   1   0   0   +1.344722780e+00
y_fp   0   0   0   4   0   -7.552944589e+05
y_fp   0   0   0   3   1   -2.418934101e+04
y_fp   0   0   0   3   0   +1.191068700e+04
y_fp   0   0   0   2   2   -1.901472829e+02
y_fp   0   0   0   2   1   +9.878618219e+02
y_fp   0   0   0   2   0   +8.248181344e+02
y_fp   0   0   0   1   3   -6.136401024e+02
y_fp   0   0   0   1   2   +9.489693640e+01
y_fp   0   0   0   1   1   +8.013609023e+00
y_fp   0   0   0   1   0   -3.294382269e+00
y_fp   0   0   0   0   4   +3.272820921e+01
y_fp   0   0   0   0   3   -1.648526592e+01
y_fp   0   0   0   0   2   -9.326790092e-01
y_fp   0   0   0   0   1   +1.097655144e-01
y_fp   0   0   0   0   0   -7.934377230e-02
