# Polynomial metadata: 
# -- Order: 4
# -- Trained on data: 'data/sieve_holes/fits_30Dec/V3-v01.root'
# -- Input branches: { x_fp y_fp dxdz_fp dydz_fp }
# -- Time created: Wed Dec 31 14:36:28 2025

poly-DoF 4
is-RHRS 1
dpp_sv   4   0   0   0   +2.358687848e-04
dpp_sv   3   1   0   0   +3.620684268e-03
dpp_sv   3   0   1   0   +2.318768048e-02
dpp_sv   3   0   0   1   -2.093700464e-02
dpp_sv   3   0   0   0   +1.286889621e-03
dpp_sv   2   2   0   0   -1.930462110e-01
dpp_sv   2   1   1   0   -2.362326581e+00
dpp_sv   2   1   0   1   +8.691567137e-01
dpp_sv   2   1   0   0   -2.663680873e-02
dpp_sv   2   0   2   0   -8.560741274e-01
dpp_sv   2   0   1   1   +3.224010824e+00
dpp_sv   2   0   1   0   -1.468693142e-02
dpp_sv   2   0   0   2   -9.958935327e-01
dpp_sv   2   0   0   1   +1.799289824e-02
dpp_sv   2   0   0   0   +8.651193840e-03
dpp_sv   1   3   0   0   +1.345485747e+01
dpp_sv   1   2   1   0   +8.309929299e+01
dpp_sv   1   2   0   1   -4.770131945e+01
dpp_sv   1   2   0   0   -6.031388689e-02
dpp_sv   1   1   2   0   +4.442240598e+01
dpp_sv   1   1   1   1   -8.404885487e+01
dpp_sv   1   1   1   0   +4.256954762e+00
dpp_sv   1   1   0   2   +5.099130439e+01
dpp_sv   1   1   0   1   +8.874427513e-01
dpp_sv   1   1   0   0   +1.135748688e-02
dpp_sv   1   0   3   0   +2.953885705e+01
dpp_sv   1   0   2   1   -9.181230958e+01
dpp_sv   1   0   2   0   +1.930326921e+00
dpp_sv   1   0   1   2   +1.296541591e+01
dpp_sv   1   0   1   1   -4.569129577e+00
dpp_sv   1   0   1   0   +1.635489999e-01
dpp_sv   1   0   0   3   -1.611588989e+01
dpp_sv   1   0   0   2   -1.122870222e+00
dpp_sv   1   0   0   1   -8.243415007e-05
dpp_sv   1   0   0   0   +7.426366632e-02
dpp_sv   0   4   0   0   -2.730839403e+02
dpp_sv   0   3   1   0   -1.517920339e+03
dpp_sv   0   3   0   1   +1.324929405e+03
dpp_sv   0   3   0   0   +6.143823713e+00
dpp_sv   0   2   2   0   +1.454700137e+02
dpp_sv   0   2   1   1   +2.646878302e+03
dpp_sv   0   2   1   0   -6.733454587e+00
dpp_sv   0   2   0   2   -2.129468707e+03
dpp_sv   0   2   0   1   -2.692040637e+01
dpp_sv   0   2   0   0   +6.760176878e-01
dpp_sv   0   1   3   0   +7.846250368e+02
dpp_sv   0   1   2   1   +1.861477704e+03
dpp_sv   0   1   2   0   -1.339334820e-01
dpp_sv   0   1   1   2   -2.540756341e+03
dpp_sv   0   1   1   1   -2.379124782e+01
dpp_sv   0   1   1   0   -1.925625618e+00
dpp_sv   0   1   0   3   +1.036037307e+03
dpp_sv   0   1   0   2   +3.884786582e+01
dpp_sv   0   1   0   1   -1.083365985e+00
dpp_sv   0   1   0   0   -7.492230754e-03
dpp_sv   0   0   4   0   -1.616487086e+03
dpp_sv   0   0   3   1   +2.851792584e+02
dpp_sv   0   0   3   0   -5.514300776e+01
dpp_sv   0   0   2   2   -1.287061982e+03
dpp_sv   0   0   2   1   +1.551289410e+01
dpp_sv   0   0   2   0   +1.886356737e+00
dpp_sv   0   0   1   3   +1.201186828e+03
dpp_sv   0   0   1   2   +2.942943348e+01
dpp_sv   0   0   1   1   -1.145773660e+00
dpp_sv   0   0   1   0   -4.510765525e-02
dpp_sv   0   0   0   4   +1.154863825e+02
dpp_sv   0   0   0   3   -1.389701835e+01
dpp_sv   0   0   0   2   +3.276578157e-01
dpp_sv   0   0   0   1   +5.333417971e-03
dpp_sv   0   0   0   0   -4.601974263e-04
dxdz_sv   4   0   0   0   +1.831750017e-02
dxdz_sv   3   1   0   0   +1.570870945e-01
dxdz_sv   3   0   1   0   -8.736381878e-01
dxdz_sv   3   0   0   1   +2.917795038e+00
dxdz_sv   3   0   0   0   -7.182854313e-02
dxdz_sv   2   2   0   0   -2.401005477e+01
dxdz_sv   2   1   1   0   +8.529300582e+01
dxdz_sv   2   1   0   1   +6.683902951e+01
dxdz_sv   2   1   0   0   +1.960924044e+00
dxdz_sv   2   0   2   0   -2.483128472e+01
dxdz_sv   2   0   1   1   -2.059385633e+02
dxdz_sv   2   0   1   0   +2.570732402e+00
dxdz_sv   2   0   0   2   +6.525513981e+01
dxdz_sv   2   0   0   1   -9.495867875e+00
dxdz_sv   2   0   0   0   +1.224147105e-01
dxdz_sv   1   3   0   0   +2.771876909e+03
dxdz_sv   1   2   1   0   -1.891801204e+03
dxdz_sv   1   2   0   1   -1.030688594e+04
dxdz_sv   1   2   0   0   +1.904989125e+02
dxdz_sv   1   1   2   0   -5.287938944e+03
dxdz_sv   1   1   1   1   +6.642037836e+03
dxdz_sv   1   1   1   0   -1.452148547e+02
dxdz_sv   1   1   0   2   +1.000427591e+04
dxdz_sv   1   1   0   1   -1.332586802e+02
dxdz_sv   1   1   0   0   -1.969506692e+00
dxdz_sv   1   0   3   0   -1.198400574e+02
dxdz_sv   1   0   2   1   +3.572170647e+03
dxdz_sv   1   0   2   0   -2.416767042e+01
dxdz_sv   1   0   1   2   -7.615566053e+03
dxdz_sv   1   0   1   1   +2.402487307e+02
dxdz_sv   1   0   1   0   -7.512321702e-01
dxdz_sv   1   0   0   3   -3.441924214e+03
dxdz_sv   1   0   0   2   -2.369390083e+02
dxdz_sv   1   0   0   1   +1.072925995e+01
dxdz_sv   1   0   0   0   -8.086148800e-02
dxdz_sv   0   4   0   0   -1.752740957e+04
dxdz_sv   0   3   1   0   +8.803908434e+04
dxdz_sv   0   3   0   1   +5.391632140e+04
dxdz_sv   0   3   0   0   +6.030565154e+02
dxdz_sv   0   2   2   0   -5.399973522e+04
dxdz_sv   0   2   1   1   -2.756150546e+05
dxdz_sv   0   2   1   0   +5.358666410e+03
dxdz_sv   0   2   0   2   -1.874388708e+05
dxdz_sv   0   2   0   1   -2.637228224e+03
dxdz_sv   0   2   0   0   +1.521446025e+02
dxdz_sv   0   1   3   0   -1.192500008e+04
dxdz_sv   0   1   2   1   -1.099258474e+05
dxdz_sv   0   1   2   0   +2.864095088e+03
dxdz_sv   0   1   1   2   +3.486041136e+05
dxdz_sv   0   1   1   1   -1.081284896e+04
dxdz_sv   0   1   1   0   +6.717610177e+01
dxdz_sv   0   1   0   3   +2.354928123e+05
dxdz_sv   0   1   0   2   +3.745802146e+03
dxdz_sv   0   1   0   1   -4.776662539e+02
dxdz_sv   0   1   0   0   +5.397395850e+00
dxdz_sv   0   0   4   0   -1.023652549e+04
dxdz_sv   0   0   3   1   -1.146339927e+04
dxdz_sv   0   0   3   0   -2.858687489e+02
dxdz_sv   0   0   2   2   +1.323783906e+05
dxdz_sv   0   0   2   1   -4.154236645e+03
dxdz_sv   0   0   2   0   +1.344418034e+01
dxdz_sv   0   0   1   3   -1.715988416e+05
dxdz_sv   0   0   1   2   +7.383147585e+03
dxdz_sv   0   0   1   1   -5.256065414e+01
dxdz_sv   0   0   1   0   -2.213244361e+00
dxdz_sv   0   0   0   4   -1.621358497e+05
dxdz_sv   0   0   0   3   -1.358232679e+03
dxdz_sv   0   0   0   2   +4.168401833e+02
dxdz_sv   0   0   0   1   -8.619806333e+00
dxdz_sv   0   0   0   0   +4.446054849e-02
dydz_sv   4   0   0   0   +2.935072267e-03
dydz_sv   3   1   0   0   +1.611771932e-02
dydz_sv   3   0   1   0   +3.930288303e-01
dydz_sv   3   0   0   1   +2.382859473e-01
dydz_sv   3   0   0   0   +2.341797053e-03
dydz_sv   2   2   0   0   +8.320169196e+00
dydz_sv   2   1   1   0   +5.191639072e+00
dydz_sv   2   1   0   1   -2.114693574e+01
dydz_sv   2   1   0   0   -1.146466459e-01
dydz_sv   2   0   2   0   -3.077872681e-01
dydz_sv   2   0   1   1   +1.729283905e+01
dydz_sv   2   0   1   0   -1.882102630e-01
dydz_sv   2   0   0   2   +2.944158848e+01
dydz_sv   2   0   0   1   +4.820641109e-01
dydz_sv   2   0   0   0   -1.931381139e-02
dydz_sv   1   3   0   0   -3.322711274e+02
dydz_sv   1   2   1   0   +7.989705864e+02
dydz_sv   1   2   0   1   +1.500660534e+03
dydz_sv   1   2   0   0   -2.658091965e+01
dydz_sv   1   1   2   0   +1.102286292e+03
dydz_sv   1   1   1   1   -6.008365320e+02
dydz_sv   1   1   1   0   +9.781403114e+00
dydz_sv   1   1   0   2   -1.702879393e+03
dydz_sv   1   1   0   1   -2.472902574e+00
dydz_sv   1   1   0   0   +3.299429222e-01
dydz_sv   1   0   3   0   +2.403261874e+02
dydz_sv   1   0   2   1   -9.241067785e+02
dydz_sv   1   0   2   0   +9.821023281e+00
dydz_sv   1   0   1   2   +4.485895211e+02
dydz_sv   1   0   1   1   -2.373758714e+01
dydz_sv   1   0   1   0   +8.185408386e-02
dydz_sv   1   0   0   3   +2.109566538e+03
dydz_sv   1   0   0   2   +7.805501570e+00
dydz_sv   1   0   0   1   -2.491054733e+00
dydz_sv   1   0   0   0   +1.878708118e-02
dydz_sv   0   4   0   0   -5.432194529e+03
dydz_sv   0   3   1   0   +1.836869907e+03
dydz_sv   0   3   0   1   +6.150500754e+03
dydz_sv   0   3   0   0   -1.120060109e+02
dydz_sv   0   2   2   0   +2.325248320e+04
dydz_sv   0   2   1   1   +2.777738865e+04
dydz_sv   0   2   1   0   -2.329427559e+02
dydz_sv   0   2   0   2   +2.547840530e+03
dydz_sv   0   2   0   1   +2.176424172e+02
dydz_sv   0   2   0   0   -5.991230140e+00
dydz_sv   0   1   3   0   +1.384897665e+04
dydz_sv   0   1   2   1   +1.627325390e+04
dydz_sv   0   1   2   0   -1.404164331e+02
dydz_sv   0   1   1   2   -4.154758941e+04
dydz_sv   0   1   1   1   +8.931584519e+02
dydz_sv   0   1   1   0   -1.072470958e+01
dydz_sv   0   1   0   3   -9.431546123e+03
dydz_sv   0   1   0   2   -1.380941958e+03
dydz_sv   0   1   0   1   +5.244041546e+01
dydz_sv   0   1   0   0   -1.343332767e+00
dydz_sv   0   0   4   0   +4.388839875e+03
dydz_sv   0   0   3   1   +8.417479460e+03
dydz_sv   0   0   3   0   -4.329740961e+01
dydz_sv   0   0   2   2   -2.423364388e+04
dydz_sv   0   0   2   1   +4.626912728e+02
dydz_sv   0   0   2   0   +3.847602563e+00
dydz_sv   0   0   1   3   +8.239702590e+03
dydz_sv   0   0   1   2   -7.016850177e+02
dydz_sv   0   0   1   1   +1.947935238e+01
dydz_sv   0   0   1   0   -1.146234087e-01
dydz_sv   0   0   0   4   +3.308819759e+04
dydz_sv   0   0   0   3   +2.580111524e+02
dydz_sv   0   0   0   2   -5.831998072e+01
dydz_sv   0   0   0   1   +1.540898344e+00
dydz_sv   0   0   0   0   -2.144814656e-02
x_sv   4   0   0   0   -1.554247695e-02
x_sv   3   1   0   0   -1.354431596e+00
x_sv   3   0   1   0   +5.410203417e-01
x_sv   3   0   0   1   -1.340610875e+00
x_sv   3   0   0   0   +2.219496843e-02
x_sv   2   2   0   0   -1.039148522e+02
x_sv   2   1   1   0   +3.191884191e+01
x_sv   2   1   0   1   +1.785743680e+02
x_sv   2   1   0   0   -6.599965512e+00
x_sv   2   0   2   0   +8.262527963e+01
x_sv   2   0   1   1   +6.098931055e+01
x_sv   2   0   1   0   -5.763484336e-01
x_sv   2   0   0   2   -2.791019363e+02
x_sv   2   0   0   1   +1.230550967e+01
x_sv   2   0   0   0   -1.008011938e-01
x_sv   1   3   0   0   -5.759156929e+03
x_sv   1   2   1   0   +1.893836988e+03
x_sv   1   2   0   1   +1.261593275e+04
x_sv   1   2   0   0   -2.568233739e+02
x_sv   1   1   2   0   +5.650133739e+03
x_sv   1   1   1   1   -9.934545739e+02
x_sv   1   1   1   0   +4.454516389e+01
x_sv   1   1   0   2   -3.166676019e+03
x_sv   1   1   0   1   -3.453600599e+01
x_sv   1   1   0   0   +2.505459244e+00
x_sv   1   0   3   0   -7.485787337e+02
x_sv   1   0   2   1   +3.323897682e+03
x_sv   1   0   2   0   -1.378382109e+02
x_sv   1   0   1   2   -6.923309600e+02
x_sv   1   0   1   1   -1.867021039e+01
x_sv   1   0   1   0   -3.837559322e-01
x_sv   1   0   0   3   -9.619403292e+03
x_sv   1   0   0   2   +6.524111541e+02
x_sv   1   0   0   1   -1.127065343e+01
x_sv   1   0   0   0   +4.492480711e-02
x_sv   0   4   0   0   +2.517074923e+04
x_sv   0   3   1   0   -1.472827320e+05
x_sv   0   3   0   1   -1.307161370e+05
x_sv   0   3   0   0   -6.597497098e+02
x_sv   0   2   2   0   +1.942629902e+04
x_sv   0   2   1   1   +3.804505184e+05
x_sv   0   2   1   0   -7.941057037e+03
x_sv   0   2   0   2   +3.191045111e+05
x_sv   0   2   0   1   +3.441936039e+03
x_sv   0   2   0   0   -2.195554372e+02
x_sv   0   1   3   0   -1.533085941e+03
x_sv   0   1   2   1   +2.234462504e+05
x_sv   0   1   2   0   -4.092525433e+03
x_sv   0   1   1   2   -3.831804693e+05
x_sv   0   1   1   1   +1.035289891e+04
x_sv   0   1   1   0   +3.147867203e-02
x_sv   0   1   0   3   -2.530283063e+05
x_sv   0   1   0   2   -7.316429584e+03
x_sv   0   1   0   1   +6.365608322e+02
x_sv   0   1   0   0   -6.958512011e+00
x_sv   0   0   4   0   +2.967993765e+04
x_sv   0   0   3   1   +1.637984430e+04
x_sv   0   0   3   0   +1.060458779e+03
x_sv   0   0   2   2   -5.946542436e+04
x_sv   0   0   2   1   -5.255955904e+02
x_sv   0   0   2   0   +3.827128030e+01
x_sv   0   0   1   3   +9.643742274e+04
x_sv   0   0   1   2   -5.542013256e+03
x_sv   0   0   1   1   -2.103408736e+01
x_sv   0   0   1   0   +4.535611169e-01
x_sv   0   0   0   4   +1.233174859e+04
x_sv   0   0   0   3   +1.051171481e+04
x_sv   0   0   0   2   -5.691992868e+02
x_sv   0   0   0   1   +8.828509538e+00
x_sv   0   0   0   0   -3.871518128e-02
y_sv   4   0   0   0   +1.683820562e-03
y_sv   3   1   0   0   +6.765398760e-03
y_sv   3   0   1   0   +2.333941951e-01
y_sv   3   0   0   1   +1.348141680e-01
y_sv   3   0   0   0   +1.656656702e-03
y_sv   2   2   0   0   +5.372051853e+00
y_sv   2   1   1   0   +2.919495494e+00
y_sv   2   1   0   1   -1.349094276e+01
y_sv   2   1   0   0   -5.499651159e-02
y_sv   2   0   2   0   -2.037013354e-01
y_sv   2   0   1   1   +1.020067910e+01
y_sv   2   0   1   0   -1.094420879e-01
y_sv   2   0   0   2   +1.773231158e+01
y_sv   2   0   0   1   +3.026492574e-01
y_sv   2   0   0   0   -1.180943016e-02
y_sv   1   3   0   0   -1.932363297e+02
y_sv   1   2   1   0   +4.731106639e+02
y_sv   1   2   0   1   +9.229517019e+02
y_sv   1   2   0   0   -1.601114644e+01
y_sv   1   1   2   0   +6.559111691e+02
y_sv   1   1   1   1   -3.687277740e+02
y_sv   1   1   1   0   +5.833301418e+00
y_sv   1   1   0   2   -1.061805952e+03
y_sv   1   1   0   1   -5.373071895e-01
y_sv   1   1   0   0   +1.909251004e-01
y_sv   1   0   3   0   +1.435369516e+02
y_sv   1   0   2   1   -5.477589569e+02
y_sv   1   0   2   0   +5.756680656e+00
y_sv   1   0   1   2   +2.685482214e+02
y_sv   1   0   1   1   -1.400886608e+01
y_sv   1   0   1   0   +4.613864768e-02
y_sv   1   0   0   3   +1.290151818e+03
y_sv   1   0   0   2   +4.529504672e+00
y_sv   1   0   0   1   -1.503182818e+00
y_sv   1   0   0   0   +1.133987568e-02
y_sv   0   4   0   0   -2.906010088e+03
y_sv   0   3   1   0   +6.214149103e+02
y_sv   0   3   0   1   +3.308100871e+03
y_sv   0   3   0   0   -6.673946090e+01
y_sv   0   2   2   0   +1.371320680e+04
y_sv   0   2   1   1   +1.730556638e+04
y_sv   0   2   1   0   -1.519535176e+02
y_sv   0   2   0   2   +2.535672166e+03
y_sv   0   2   0   1   +1.339734615e+02
y_sv   0   2   0   0   -4.069245956e+00
y_sv   0   1   3   0   +8.337502369e+03
y_sv   0   1   2   1   +1.015735010e+04
y_sv   0   1   2   0   -9.057310180e+01
y_sv   0   1   1   2   -2.553293345e+04
y_sv   0   1   1   1   +5.502949776e+02
y_sv   0   1   1   0   -6.453557070e+00
y_sv   0   1   0   3   -6.642667476e+03
y_sv   0   1   0   2   -8.178544701e+02
y_sv   0   1   0   1   +3.198656719e+01
y_sv   0   1   0   0   -8.109155421e-01
y_sv   0   0   4   0   +2.643579214e+03
y_sv   0   0   3   1   +4.989121524e+03
y_sv   0   0   3   0   -2.547340924e+01
y_sv   0   0   2   2   -1.471872828e+04
y_sv   0   0   2   1   +2.804549125e+02
y_sv   0   0   2   0   +2.310449148e+00
y_sv   0   0   1   3   +5.063491465e+03
y_sv   0   0   1   2   -4.218561656e+02
y_sv   0   0   1   1   +1.161478670e+01
y_sv   0   0   1   0   -6.796061632e-02
y_sv   0   0   0   4   +2.051971009e+04
y_sv   0   0   0   3   +1.443003289e+02
y_sv   0   0   0   2   -3.542638911e+01
y_sv   0   0   0   1   +9.325611110e-01
y_sv   0   0   0   0   +1.182907214e-02
